001_floodsim/sample_code/hipims_case/output/h_1800.asc
ncols 269
nrows 269
xllcorner 0.000000
yllcorner 0.000000
cellsize 10.000000
NODATA_value -9999.000000
[rows 56 to 83 of 269, columns 124 to 185 of 269]
0.000000 0.000000 0.000000 0.000000 0.000000 0.000000 0.000000 0.000000 0.000000 0.000000 0.001710 0.003612 0.001914 0.001793 0.001584 0.001024 0.001021 0.002328 0.002733 0.005833 0.001680 0.001038 0.001025 0.001550 0.001948 0.009018 0.016045 0.001935 0.000932 0.007095 0.006288 0.002425 0.001852 0.001047 0.001827 0.002354 0.026999 0.004721 0.007027 0.002090 0.001764 0.001574 0.001324 0.002100 0.003527 0.001418 0.002774 0.005000 0.012025 0.002884 0.002557 0.002054 0.002665 0.001742 0.001284 0.005661 0.001977 0.001911 0.001730 0.000861 0.001387 0.001938
0.000000 0.000000 0.000000 0.000000 0.000000 0.000000 0.000000 0.000000 0.000000 0.000000 0.004754 0.003627 0.002917 0.003075 0.003510 0.004454 0.001801 0.002524 0.002461 0.003839 0.001357 0.001133 0.001609 0.001991 0.002946 0.008128 0.009406 0.001763 0.001132 0.001932 0.008236 0.003368 0.002480 0.001075 0.002297 0.003011 0.034676 0.003054 0.006559 0.006778 0.003711 0.005940 0.002714 0.001964 0.001136 0.001972 0.002414 0.002829 0.009327 0.002540 0.002233 0.001934 0.001613 0.001203 0.001703 0.004167 0.001093 0.001214 0.001563 0.001085 0.003280 0.005184
0.000000 0.000000 0.000000 0.000000 0.000000 0.000000 0.000000 0.017717 0.019022 0.015115 0.015295 0.012093 0.014482 0.008273 0.005922 0.002643 0.002271 0.003609 0.001655 0.001225 0.001962 0.002019 0.004978 0.006844 0.008647 0.011129 0.002380 0.002049 0.000972 0.001727 0.006015 0.002495 0.002091 0.001152 0.001733 0.002519 0.034466 0.015421 0.004199 0.003803 0.006328 0.002022 0.001956 0.001828 0.001358 0.001817 0.002130 0.002452 0.006971 0.002131 0.001832 0.001402 0.000977 0.001556 0.001209 0.002180 0.001872 0.001609 0.000906 0.000651 0.001415 0.001731
0.000000 0.000000 0.000000 0.000000 0.000000 0.000000 0.032045 0.014876 0.000939 0.001574 0.002038 0.002068 0.002901 0.002410 0.002171 0.002141 0.001679 0.002001 0.000998 0.001582 0.001796 0.003762 0.003492 0.002355 0.002257 0.004171 0.001968 0.001467 0.000895 0.001476 0.004190 0.002184 0.002117 0.001364 0.002036 0.002274 0.012122 0.014116 0.003847 0.000942 0.001174 0.001067 0.001140 0.001347 0.001904 0.001325 0.001662 0.001995 0.004990 0.001690 0.001414 0.000651 0.000908 0.000984 0.001636 0.002266 0.004605 0.002102 0.001860 0.000908 0.000984 0.001016
0.000000 0.000000 0.000000 0.000000 0.018179 0.135376 0.014264 0.000367 0.000514 0.000730 0.000947 0.001340 0.001362 0.001809 0.001307 0.001752 0.001473 0.000904 0.000981 0.001008 0.001013 0.001153 0.000930 0.001009 0.001027 0.001042 0.001634 0.000909 0.000651 0.000910 0.001818 0.001445 0.002083 0.001924 0.000939 0.001742 0.002487 0.017298 0.008758 0.002832 0.004536 0.004922 0.008488 0.005149 0.002872 0.001780 0.001011 0.001534 0.003129 0.001008 0.000980 0.000904 0.001439 0.002047 0.001834 0.002493 0.006835 0.002244 0.001704 0.001531 0.001002 0.003553
0.000000 0.000000 0.000000 0.000000 0.017560 0.000075 0.000140 0.000172 0.000227 0.000475 0.000997 0.003979 0.002360 0.001282 0.001656 0.000976 0.000903 0.000651 0.001416 0.001683 0.001826 0.001965 0.001958 0.002446 0.001803 0.001979 0.002227 0.003850 0.001587 0.002675 0.002253 0.001856 0.001310 0.001806 0.001260 0.002242 0.002453 0.011319 0.009701 0.012563 0.010012 0.006858 0.002614 0.002729 0.001922 0.001520 0.001011 0.001010 0.001018 0.002055 0.001587 0.001769 0.002330 0.003035 0.002250 0.008642 0.006655 0.002953 0.001973 0.001209 0.004357 0.003320
0.000000 0.000000 0.000000 0.017954 0.014787 0.000028 0.000055 0.000109 0.000217 0.000224 0.001310 0.005914 0.002578 0.003026 0.003611 0.001744 0.001502 0.000905 0.001626 0.002023 0.002316 0.002510 0.004636 0.002283 0.001277 0.002009 0.002766 0.003609 0.005886 0.003416 0.003464 0.003783 0.004571 0.002649 0.001223 0.001643 0.001993 0.003973 0.005355 0.003068 0.002566 0.002200 0.002597 0.001899 0.001463 0.000910 0.000991 0.001540 0.001753 0.004238 0.001900 0.001314 0.001850 0.003278 0.003221 0.011594 0.003487 0.002008 0.001408 0.002106 0.008095 0.002997
0.000000 0.000000 0.000000 0.015904 0.000026 0.000055 0.000107 0.000129 0.000161 0.000110 0.001437 0.008357 0.003370 0.003299 0.001362 0.001903 0.001188 0.001595 0.001990 0.005221 0.007919 0.006104 0.008792 0.002205 0.001109 0.002025 0.002333 0.014899 0.014577 0.009820 0.009844 0.005581 0.002305 0.002013 0.001569 0.001009 0.001555 0.001751 0.004232 0.002821 0.002055 0.001892 0.001759 0.001521 0.000909 0.000651 0.001428 0.001920 0.002816 0.003933 0.005254 0.001138 0.002000 0.002486 0.010511 0.008344 0.003080 0.002122 0.001322 0.001851 0.008435 0.003467
0.000000 0.000000 0.000000 0.012884 0.000047 0.000105 0.000135 0.000169 0.000088 0.000098 0.009028 0.008339 0.004237 0.002528 0.002569 0.001939 0.001079 0.002212 0.004301 0.003513 0.003275 0.008864 0.015675 0.015711 0.001056 0.002059 0.002637 0.137743 0.001810 0.001087 0.001605 0.002018 0.001769 0.001646 0.001026 0.001022 0.001019 0.001015 0.000985 0.002844 0.001316 0.001024 0.001012 0.001002 0.000976 0.001430 0.001870 0.002275 0.002276 0.005683 0.006996 0.005984 0.003043 0.003601 0.015555 0.007431 0.003547 0.002412 0.000974 0.002283 0.011540 0.004120
0.000000 0.000000 0.000000 0.086718 0.000071 0.000120 0.000112 0.000015 0.000034 0.000072 0.016132 0.004017 0.003102 0.002452 0.002610 0.002353 0.002097 0.001366 0.001687 0.001824 0.002115 0.002807 0.002168 0.016756 0.017867 0.011758 0.021955 0.011591 0.001528 0.002875 0.002780 0.002925 0.002144 0.001225 0.001591 0.001018 0.003154 0.001522 0.000905 0.000651 0.001205 0.002919 0.001000 0.003029 0.001642 0.001296 0.002018 0.003000 0.002406 0.001631 0.003895 0.009010 0.001930 0.002596 0.023089 0.004123 0.002309 0.001781 0.001024 0.001807 0.014282 0.004448
0.000000 0.000000 0.017698 0.167975 0.000000 0.000000 0.000001 0.000005 0.000021 0.008541 0.008472 0.003962 0.003278 0.004061 0.003774 0.002888 0.001692 0.000992 0.001004 0.001003 0.001590 0.002088 0.001256 0.001137 0.001068 0.012897 0.027575 0.008248 0.006572 0.005927 0.004066 0.001612 0.001025 0.001090 0.001825 0.001855 0.004944 0.001904 0.001453 0.000893 0.001532 0.004589 0.001925 0.003418 0.001814 0.000970 0.002299 0.002979 0.003727 0.002231 0.003351 0.011174 0.009036 0.004928 0.019826 0.003811 0.002663 0.002293 0.001026 0.001983 0.016815 0.002645
0.000000 0.000000 0.167377 0.000000 0.000000 0.000000 0.000000 0.000001 0.000008 0.010520 0.006792 0.003974 0.005147 0.004689 0.002601 0.002227 0.001909 0.001024 0.001536 0.002039 0.001187 0.001106 0.001677 0.002155 0.001869 0.001437 0.031724 0.006891 0.002873 0.000964 0.001188 0.001200 0.001594 0.001031 0.002152 0.002371 0.006867 0.001987 0.001182 0.001572 0.001945 0.006713 0.002894 0.003128 0.001941 0.001026 0.001837 0.002824 0.005859 0.001501 0.002825 0.002590 0.009873 0.008077 0.025346 0.004496 0.003060 0.001804 0.001026 0.018656 0.017633 0.002707
0.000000 0.000000 0.000000 0.000000 0.000000 0.000000 0.000000 0.000000 0.000001 0.022666 0.012304 0.008676 0.005742 0.003223 0.002939 0.002534 0.002046 0.001166 0.002072 0.003913 0.001061 0.001609 0.003341 0.005723 0.005738 0.006821 0.069640 0.003797 0.002702 0.001782 0.002155 0.001658 0.001221 0.001616 0.001967 0.007073 0.005243 0.002027 0.001095 0.001855 0.002297 0.009422 0.003359 0.003000 0.002029 0.001033 0.002001 0.002808 0.008616 0.001217 0.002474 0.001553 0.003505 0.006426 0.041093 0.002774 0.002148 0.001376 0.007873 0.036083 0.004750 0.005870
0.000000 0.000000 0.000000 0.000000 0.000000 0.000000 0.000000 0.000000 0.011653 0.012368 0.001692 0.002609 0.004530 0.005422 0.008805 0.004418 0.001664 0.001712 0.001936 0.006478 0.001634 0.001223 0.001069 0.001033 0.001027 0.001421 0.068397 0.003600 0.002812 0.002222 0.002628 0.001835 0.001098 0.002096 0.002484 0.010711 0.004317 0.002548 0.001225 0.002058 0.002544 0.012658 0.004600 0.003749 0.002560 0.001179 0.002498 0.003525 0.012448 0.001249 0.002352 0.002302 0.001525 0.005658 0.030316 0.002636 0.001519 0.023678 0.023979 0.018419 0.002358 0.001867
0.000000 0.000000 0.000000 0.000000 0.000000 0.000000 0.000000 0.000000 0.098935 0.015523 0.005312 0.007008 0.012269 0.006491 0.001835 0.001441 0.001041 0.001898 0.002317 0.006852 0.001839 0.001093 0.001615 0.001828 0.001913 0.002129 0.072402 0.004076 0.003815 0.003977 0.004829 0.002379 0.001062 0.001776 0.014424 0.012960 0.005625 0.001731 0.000929 0.002609 0.004744 0.022489 0.003091 0.002496 0.001873 0.000934 0.001835 0.002436 0.010504 0.000956 0.002199 0.003114 0.002114 0.003149 0.038470 0.016610 0.042515 0.025577 0.002818 0.002622 0.002074 0.001578
0.000000 0.000000 0.000000 0.000000 0.000000 0.000000 0.000000 0.627319 0.250543 0.006895 0.010124 0.009602 0.001768 0.001581 0.001293 0.000651 0.001453 0.002055 0.002519 0.009222 0.001998 0.001211 0.001878 0.002564 0.002513 0.004743 0.084712 0.011102 0.008142 0.005413 0.001829 0.001206 0.002053 0.002555 0.017069 0.001120 0.001208 0.002171 0.001005 0.001790 0.001272 0.016601 0.003175 0.002458 0.001399 0.001700 0.002234 0.002845 0.012478 0.001158 0.002571 0.004568 0.002706 0.003199 0.049380 0.021051 0.008380 0.002645 0.002177 0.002399 0.001788 0.001416
0.000000 0.000000 0.000000 0.000000 0.000000 0.032779 0.192588 0.022462 0.000831 0.001421 0.001863 0.001595 0.000973 0.000901 0.000651 0.001280 0.001777 0.002255 0.011004 0.025083 0.003358 0.000932 0.001911 0.002075 0.002608 0.051452 0.031991 0.002372 0.002327 0.001960 0.001581 0.001099 0.001703 0.012641 0.012939 0.001940 0.002701 0.002302 0.001670 0.001321 0.003341 0.018491 0.019664 0.002338 0.003202 0.001484 0.002773 0.002902 0.017983 0.000924 0.001860 0.003123 0.003206 0.051255 0.048172 0.002481 0.002558 0.002274 0.001994 0.001603 0.001305 0.000651
0.000000 0.000000 0.000000 0.000000 0.070518 0.023531 0.000115 0.000177 0.000256 0.000602 0.001104 0.001176 0.002026 0.001475 0.000901 0.001578 0.002399 0.002705 0.016852 0.004565 0.001002 0.001007 0.002302 0.002527 0.003354 0.074389 0.022252 0.003048 0.001954 0.001540 0.001019 0.001044 0.001858 0.016454 0.007413 0.005004 0.008779 0.004530 0.002450 0.001339 0.001586 0.001905 0.227813 0.014988 0.002174 0.001007 0.001957 0.002792 0.014221 0.001005 0.001955 0.003027 0.225997 0.066819 0.003143 0.003079 0.002157 0.001831 0.001607 0.000898 0.000651 0.001317
0.000000 0.000000 0.000000 0.078307 0.030125 0.000000 0.000000 0.000000 0.001359 0.001352 0.002019 0.001937 0.002774 0.002023 0.000973 0.001746 0.002013 0.011229 0.009551 0.001194 0.001543 0.001020 0.001747 0.002973 0.082839 0.077101 0.007483 0.001947 0.001533 0.001002 0.001011 0.001571 0.002360 0.023036 0.011199 0.006367 0.001903 0.001326 0.001853 0.001313 0.000651 0.001410 0.011579 0.021573 0.002128 0.001029 0.002025 0.002760 0.016023 0.001019 0.001949 0.066487 0.051044 0.001839 0.002399 0.001983 0.001711 0.001111 0.001274 0.001697 0.001471 0.001123
0.000000 0.000000 0.104316 0.040310 0.000000 0.000000 0.000000 0.000000 0.002366 0.001904 0.002405 0.002940 0.002411 0.001164 0.001576 0.002022 0.002378 0.024633 0.008443 0.001897 0.001761 0.001019 0.001898 0.002339 0.282763 0.064582 0.002972 0.002932 0.002328 0.001562 0.001013 0.001777 0.002084 0.032765 0.002314 0.001997 0.001557 0.002319 0.002378 0.002082 0.000902 0.000969 0.001586 0.191351 0.021612 0.001018 0.002011 0.011048 0.013194 0.001026 0.062663 0.070657 0.001009 0.000942 0.001088 0.001296 0.001355 0.001938 0.001812 0.002901 0.002026 0.001741
0.000000 0.023427 0.024773 0.000000 0.000000 0.000000 0.000000 0.000000 0.016405 0.007367 0.006695 0.006158 0.002697 0.001096 0.001795 0.002574 0.002393 0.011338 0.014511 0.002212 0.001885 0.001017 0.001961 0.077537 0.278886 0.006302 0.001836 0.001569 0.001071 0.001215 0.001587 0.002075 0.025938 0.071482 0.001880 0.001539 0.002226 0.003268 0.002422 0.001659 0.000979 0.001524 0.001192 0.004953 0.024685 0.001018 0.002040 0.014086 0.005910 0.003945 0.085677 0.013445 0.002047 0.002010 0.001954 0.002600 0.002212 0.002344 0.001320 0.004971 0.002545 0.002329
0.000000 0.008569 0.000000 0.000000 0.000000 0.000000 0.000000 0.059218 0.008982 0.001459 0.001890 0.001534 0.001289 0.001686 0.002090 0.002702 0.004856 0.009289 0.020151 0.002287 0.001402 0.001710 0.021371 0.244330 0.013952 0.002033 0.001015 0.001005 0.001021 0.001619 0.002030 0.012471 0.063015 0.002851 0.001342 0.001930 0.001461 0.005168 0.002320 0.001300 0.001671 0.001996 0.002051 0.002205 0.025092 0.025138 0.005806 0.020367 0.003498 0.004623 0.082794 0.008798 0.002504 0.003411 0.002953 0.004424 0.002645 0.001288 0.004717 0.005225 0.003091 0.001821
0.000000 0.002551 0.000000 0.000000 0.000000 0.011453 0.011721 0.009152 0.000723 0.001104 0.001416 0.000651 0.001570 0.002019 0.002420 0.003008 0.004929 0.004433 0.016550 0.015585 0.006659 0.066755 0.101295 0.042998 0.001314 0.001447 0.001592 0.000996 0.002068 0.001743 0.002360 0.033002 0.015273 0.001313 0.001764 0.001355 0.005947 0.005107 0.002588 0.001129 0.001883 0.002853 0.002149 0.001492 0.001194 0.020491 0.043748 0.010396 0.002524 0.004771 0.096196 0.074971 0.006815 0.003953 0.003706 0.002600 0.001903 0.001155 0.010504 0.005145 0.002133 0.001379
0.000000 0.000237 0.000000 0.000000 0.011374 0.016395 0.000262 0.000364 0.000515 0.000720 0.000976 0.000903 0.001750 0.002229 0.003332 0.004425 0.007190 0.003813 0.008437 0.011344 0.100772 0.047718 0.000979 0.000903 0.000651 0.001637 0.002047 0.001979 0.003228 0.002994 0.044650 0.024288 0.009864 0.002467 0.004157 0.004330 0.005859 0.002994 0.001359 0.001717 0.002175 0.002892 0.004498 0.001155 0.001657 0.008718 0.032726 0.011502 0.004314 0.006181 0.017002 0.046039 0.060767 0.004931 0.002677 0.002380 0.001387 0.008441 0.006348 0.002739 0.001501 0.001898
0.000000 0.000004 0.000000 0.000000 0.013788 0.000028 0.000068 0.000119 0.000232 0.000467 0.000996 0.001485 0.001991 0.002500 0.002673 0.003132 0.014393 0.002303 0.007650 0.239958 0.396222 0.258172 0.005259 0.001468 0.000897 0.001780 0.004958 0.093436 0.271644 0.308599 0.353874 0.188082 0.011707 0.005044 0.007606 0.005160 0.003430 0.001854 0.002044 0.002705 0.002245 0.003076 0.005174 0.002477 0.004798 0.007869 0.034474 0.064515 0.017459 0.020937 0.012559 0.039403 0.169099 0.008544 0.003466 0.002161 0.001152 0.008945 0.004872 0.001675 0.002008 0.002279
0.000000 0.000000 0.006343 0.005545 0.006549 0.000135 0.000263 0.000321 0.000468 0.000715 0.001007 0.001692 0.002238 0.003440 0.002764 0.003705 0.020689 0.092210 0.418057 0.542499 0.476547 0.451459 0.444821 0.317867 0.242896 0.274180 0.304205 0.282356 0.222732 0.233643 0.345280 0.350440 0.110908 0.007838 0.004453 0.002905 0.003469 0.001330 0.002153 0.003583 0.002439 0.006648 0.064078 0.167035 0.277038 0.246320 0.252311 0.315846 0.292136 0.279694 0.283203 0.276283 0.315778 0.118330 0.002817 0.002793 0.001076 0.015523 0.003742 0.001271 0.002122 0.017262
0.000000 0.000000 0.010116 0.003447 0.004049 0.000297 0.000402 0.000690 0.000607 0.000823 0.001015 0.002215 0.002628 0.003435 0.007359 0.185337 0.380270 0.402800 0.413597 0.299620 0.148578 0.173045 0.265105 0.334429 0.327908 0.247581 0.133115 0.035166 0.007729 0.086528 0.226822 0.302678 0.270185 0.070540 0.009001 0.004558 0.002629 0.003557 0.010821 0.098914 0.122063 0.269704 0.287915 0.266531 0.209606 0.179321 0.166776 0.136869 0.073764 0.086969 0.193136 0.265828 0.317361 0.302720 0.153191 0.022104 0.001673 0.022235 0.003937 0.001173 0.002443 0.071842
0.000000 0.000000 0.015985 0.002987 0.002465 0.000582 0.000462 0.000605 0.000604 0.000439 0.001386 0.001925 0.002657 0.015481 0.305791 0.370438 0.251752 0.045190 0.007398 0.007078 0.001935 0.001069 0.008531 0.005561 0.016355 0.003946 0.005728 0.002380 0.001181 0.003015 0.014478 0.220983 0.310359 0.273856 0.272247 0.283429 0.303196 0.338166 0.373931 0.353329 0.313715 0.277564 0.122294 0.018991 0.007693 0.011763 0.003716 0.004418 0.002951 0.001871 0.002096 0.004922 0.060251 0.265061 0.336465 0.329751 0.266951 0.245527 0.242193 0.150449 0.131784 0.178518
