001_floodsim/sample_code/hipims_case/output/h_1800.asc
ncols 269
nrows 269
xllcorner 0.000000
yllcorner 0.000000
cellsize 10.000000
NODATA_value -9999.000000
[rows 28 to 55 of 269, columns 124 to 185 of 269]
0.000000 0.000000 0.001310 0.001235 0.000000 0.000004 0.000019 0.000035 0.000049 0.000043 0.000784 0.000927 0.022594 0.007839 0.001999 0.001988 0.002096 0.003551 0.004955 0.020144 0.003616 0.002859 0.001261 0.003338 0.001537 0.001002 0.001464 0.327176 0.004626 0.002650 0.001792 0.001101 0.001516 0.002273 0.007697 0.006179 0.003028 0.002934 0.002620 0.002060 0.001057 0.001926 0.003062 0.009929 0.002067 0.000935 0.011423 0.009011 0.002131 0.001382 0.001696 0.010984 0.005384 0.005214 0.004456 0.007639 0.009014 0.007155 0.004509 0.001515 0.000908 0.000651
0.164128 0.144933 0.062781 0.000774 0.000000 0.000001 0.000010 0.000024 0.000032 0.000021 0.001161 0.001545 0.023342 0.001019 0.000991 0.000976 0.000909 0.000651 0.000883 0.033624 0.003116 0.001718 0.001892 0.005012 0.001736 0.001000 0.048497 0.052583 0.002854 0.002736 0.002770 0.001757 0.002128 0.002570 0.011648 0.005359 0.003030 0.003748 0.002712 0.002085 0.001039 0.002004 0.002468 0.011386 0.001633 0.001795 0.014509 0.004839 0.002150 0.001156 0.023969 0.101849 0.016623 0.018935 0.010894 0.011414 0.001902 0.002258 0.001623 0.000999 0.000981 0.001405
0.220104 0.233697 0.230170 0.128239 0.000000 0.000000 0.000002 0.000008 0.000012 0.000012 0.001357 0.002650 0.045422 0.001904 0.001735 0.001546 0.000972 0.001387 0.001615 0.048128 0.061451 0.089008 0.127521 0.111102 0.135542 0.141050 0.067005 0.002869 0.002339 0.002001 0.001615 0.001199 0.004283 0.006482 0.014992 0.019143 0.004476 0.004551 0.003490 0.002492 0.001172 0.002093 0.012843 0.009002 0.001063 0.001941 0.014936 0.007128 0.009106 0.019736 0.025093 0.002559 0.002155 0.002688 0.002122 0.001639 0.001295 0.001283 0.001203 0.001551 0.001004 0.001696
0.000000 0.032812 0.171583 0.291726 0.292853 0.049489 0.000000 0.000001 0.000006 0.039169 0.148229 0.293362 0.070484 0.002276 0.001865 0.001198 0.001608 0.001899 0.002131 0.181815 0.124595 0.041446 0.002201 0.001007 0.001779 0.080230 0.003131 0.002870 0.001969 0.001484 0.000908 0.001530 0.002014 0.002336 0.002500 0.021845 0.021123 0.003042 0.002345 0.001361 0.001578 0.002271 0.011464 0.003910 0.002933 0.240230 0.326645 0.048983 0.024362 0.026559 0.002496 0.002133 0.001823 0.001580 0.001827 0.000898 0.000651 0.003673 0.002149 0.002210 0.001174 0.002340
0.000000 0.000000 0.000000 0.018400 0.318211 0.354860 0.304805 0.331549 0.347686 0.339382 0.354177 0.365531 0.317516 0.002781 0.002333 0.001075 0.001834 0.009236 0.168376 0.119971 0.002304 0.002029 0.001676 0.001000 0.001520 0.004065 0.002775 0.003178 0.001591 0.000906 0.000651 0.000908 0.001604 0.001842 0.001948 0.002012 0.028506 0.003022 0.002310 0.001177 0.001874 0.027375 0.030225 0.043085 0.064228 0.040454 0.007479 0.002827 0.002609 0.002368 0.002078 0.001653 0.001016 0.001013 0.001004 0.000985 0.001412 0.002959 0.004868 0.001703 0.000917 0.001686
0.000000 0.000000 0.000000 0.000000 0.000000 0.052105 0.185863 0.202860 0.127781 0.047202 0.053631 0.215084 0.324647 0.015839 0.001746 0.001050 0.001986 0.142169 0.104839 0.002127 0.001796 0.001711 0.001456 0.001010 0.000983 0.000904 0.001507 0.004051 0.001197 0.001520 0.000909 0.001519 0.001195 0.001085 0.001046 0.001029 0.014978 0.017064 0.001545 0.001835 0.187284 0.148664 0.029747 0.002789 0.002570 0.002295 0.003312 0.002320 0.002100 0.001923 0.001706 0.001331 0.001802 0.001538 0.000998 0.001505 0.001877 0.006195 0.004009 0.002205 0.000995 0.001883
0.000000 0.000000 0.000000 0.000000 0.000000 0.000000 0.000000 0.000000 0.000713 0.000760 0.001224 0.083074 0.357026 0.180615 0.053670 0.070660 0.111710 0.098910 0.002213 0.001614 0.000971 0.000903 0.000651 0.002916 0.001422 0.000651 0.000909 0.002133 0.002099 0.002020 0.001614 0.001191 0.001696 0.001882 0.001972 0.001996 0.016612 0.213447 0.153444 0.097358 0.049430 0.003705 0.002766 0.002391 0.002134 0.002003 0.002344 0.001763 0.001417 0.001209 0.001052 0.001119 0.001894 0.003398 0.001000 0.001741 0.006649 0.005586 0.003944 0.001754 0.001013 0.001973
0.000000 0.000000 0.000000 0.000000 0.000000 0.000000 0.000000 0.000000 0.000000 0.000000 0.001550 0.012126 0.357317 0.274217 0.106150 0.075012 0.018609 0.002152 0.001954 0.001285 0.001727 0.001471 0.000894 0.004352 0.001681 0.000893 0.003387 0.002164 0.001412 0.003714 0.001244 0.001734 0.002131 0.002337 0.002437 0.007335 0.168498 0.103545 0.002523 0.002460 0.002634 0.004051 0.004045 0.003492 0.002821 0.001693 0.001023 0.001025 0.001041 0.001081 0.001599 0.001785 0.002503 0.005907 0.001016 0.003858 0.009426 0.005457 0.002485 0.002794 0.001779 0.001593
0.000000 0.000000 0.000000 0.000000 0.000000 0.000000 0.000000 0.000000 0.000000 0.000000 0.001481 0.005676 0.269168 0.259291 0.030733 0.001996 0.002514 0.001298 0.001685 0.002100 0.002129 0.001733 0.000968 0.005653 0.002079 0.003501 0.003510 0.002989 0.002228 0.002205 0.002817 0.001933 0.002433 0.002657 0.002861 0.126334 0.082719 0.001997 0.001863 0.001407 0.001974 0.001794 0.002474 0.001885 0.001708 0.001317 0.001810 0.001568 0.001010 0.001560 0.001970 0.002242 0.002436 0.007854 0.004599 0.009922 0.008601 0.003126 0.001712 0.005027 0.002358 0.001042
0.000000 0.000000 0.000000 0.000000 0.000000 0.000000 0.000000 0.000000 0.000002 0.000000 0.001393 0.008601 0.172250 0.278134 0.098385 0.001037 0.001640 0.002075 0.002338 0.003935 0.002055 0.002624 0.001011 0.011381 0.008669 0.006895 0.003895 0.002164 0.001524 0.002310 0.002877 0.003536 0.002521 0.002938 0.012353 0.119614 0.001076 0.001135 0.001311 0.001734 0.001003 0.000919 0.001176 0.001029 0.001049 0.001119 0.001938 0.002146 0.002014 0.002161 0.002980 0.002322 0.009505 0.008714 0.006166 0.007274 0.004806 0.003499 0.005516 0.004747 0.001766 0.001048
0.026805 0.026271 0.014564 0.000000 0.000000 0.000000 0.000000 0.000002 0.000008 0.000002 0.001214 0.005233 0.031075 0.256198 0.205574 0.024178 0.003177 0.002723 0.002662 0.002236 0.002315 0.011600 0.010899 0.009614 0.001216 0.001551 0.002455 0.001526 0.001954 0.002535 0.003313 0.007497 0.008477 0.002313 0.165844 0.175744 0.001972 0.002799 0.002418 0.002599 0.002710 0.002230 0.002345 0.001564 0.001018 0.001588 0.002715 0.002182 0.002494 0.002629 0.003204 0.004537 0.020782 0.006368 0.005061 0.006104 0.003952 0.005024 0.003823 0.002900 0.001934 0.001031
0.003609 0.005634 0.014508 0.017973 0.000000 0.000000 0.000002 0.000009 0.000019 0.000169 0.006609 0.005810 0.003093 0.107784 0.315414 0.286763 0.261874 0.217207 0.074086 0.018930 0.006449 0.023693 0.007513 0.004664 0.001722 0.001190 0.003025 0.002027 0.004847 0.052857 0.164490 0.243437 0.259958 0.269549 0.349076 0.336406 0.216739 0.037290 0.007186 0.002672 0.002106 0.002028 0.002238 0.001212 0.001631 0.001989 0.003169 0.002462 0.006386 0.116837 0.254683 0.259760 0.200848 0.017179 0.004488 0.003299 0.003857 0.008276 0.003636 0.002629 0.001372 0.001682
0.000000 0.000000 0.000000 0.019050 0.096932 0.036049 0.024702 0.000035 0.000058 0.000162 0.006175 0.001416 0.001732 0.002638 0.059469 0.274507 0.335276 0.374202 0.433533 0.453273 0.365899 0.246751 0.076858 0.003629 0.001288 0.005625 0.120255 0.247371 0.330138 0.329749 0.265021 0.212006 0.139699 0.110180 0.106803 0.108566 0.217287 0.253827 0.138711 0.006877 0.002591 0.002464 0.002161 0.001089 0.001826 0.004162 0.087829 0.218436 0.321922 0.326749 0.306230 0.299369 0.301725 0.297275 0.133253 0.086308 0.117292 0.034245 0.011688 0.017585 0.036678 0.043551
0.000000 0.000000 0.000000 0.000000 0.000000 0.000000 0.018945 0.018408 0.000110 0.000233 0.005053 0.001856 0.001012 0.002365 0.002722 0.006416 0.051632 0.062250 0.212944 0.318980 0.418345 0.467467 0.397156 0.294268 0.301389 0.392866 0.407172 0.402070 0.382237 0.375576 0.194054 0.013909 0.002173 0.002081 0.001736 0.001251 0.009029 0.202587 0.239364 0.149972 0.019593 0.002604 0.005892 0.008197 0.137591 0.335963 0.382055 0.381564 0.307245 0.215776 0.103545 0.034080 0.034485 0.203806 0.308959 0.259057 0.189907 0.175692 0.297734 0.147048 0.019201 0.001420
0.000000 0.000000 0.000000 0.000000 0.000000 0.000000 0.000000 0.023760 0.000303 0.000475 0.003863 0.002308 0.000939 0.002501 0.003304 0.003459 0.004966 0.003902 0.009889 0.065055 0.239995 0.309382 0.280207 0.312643 0.260093 0.239158 0.278572 0.237055 0.235595 0.303753 0.130859 0.000986 0.001404 0.001560 0.000996 0.001532 0.001904 0.037539 0.188560 0.264614 0.273318 0.277315 0.303012 0.339026 0.398639 0.375259 0.300689 0.201331 0.075721 0.009402 0.003104 0.002455 0.001265 0.004076 0.006317 0.003039 0.002005 0.001080 0.002151 0.213195 0.021917 0.001723
0.000000 0.000000 0.000000 0.000000 0.000000 0.000000 0.000000 0.019008 0.015863 0.001007 0.002045 0.001969 0.001181 0.003796 0.002432 0.002897 0.003220 0.006044 0.005540 0.004100 0.070167 0.006868 0.001535 0.013222 0.002603 0.001618 0.006233 0.031483 0.001096 0.151815 0.164922 0.007704 0.001725 0.001007 0.000998 0.000981 0.001394 0.001972 0.002345 0.037448 0.105106 0.116179 0.100865 0.104662 0.117044 0.072627 0.017798 0.004451 0.004503 0.003583 0.003088 0.002615 0.001598 0.005104 0.002402 0.003073 0.001854 0.001131 0.002136 0.077637 0.387352 0.080402
0.000000 0.000000 0.000000 0.000000 0.000000 0.000000 0.000000 0.000000 0.016222 0.001099 0.001289 0.001796 0.001120 0.002939 0.002073 0.002686 0.002968 0.004572 0.004353 0.004553 0.058872 0.002563 0.002391 0.002729 0.001312 0.002600 0.005407 0.021153 0.001285 0.049808 0.155681 0.106519 0.090043 0.006352 0.001470 0.000909 0.000651 0.001750 0.001403 0.001706 0.004073 0.014067 0.007643 0.001669 0.002514 0.001943 0.003245 0.002882 0.004734 0.003519 0.002837 0.002589 0.002199 0.003273 0.002616 0.002047 0.001609 0.001297 0.002188 0.002814 0.012041 0.205357
0.000000 0.000000 0.000000 0.000000 0.000000 0.000000 0.000000 0.000000 0.014329 0.014835 0.009966 0.002671 0.001236 0.002304 0.001957 0.002594 0.002913 0.004110 0.005005 0.006115 0.047245 0.003317 0.002157 0.001646 0.001341 0.002153 0.009686 0.012802 0.001134 0.012904 0.081599 0.017157 0.052798 0.117863 0.084780 0.043567 0.001355 0.000902 0.000651 0.000907 0.004335 0.009546 0.011833 0.000908 0.001228 0.001064 0.001810 0.002327 0.003802 0.003578 0.003491 0.003070 0.002651 0.002016 0.002535 0.001712 0.000967 0.001774 0.002257 0.002625 0.004073 0.002771
0.000000 0.000000 0.000000 0.000000 0.000000 0.000000 0.000000 0.000000 0.000000 0.008914 0.009737 0.002215 0.002279 0.000932 0.002055 0.002539 0.002651 0.007544 0.007693 0.004143 0.027153 0.002441 0.001884 0.000986 0.001858 0.002210 0.011546 0.001664 0.001290 0.002560 0.090052 0.003136 0.001613 0.002807 0.040717 0.191694 0.182944 0.086941 0.002021 0.002172 0.003716 0.000651 0.019500 0.027882 0.058340 0.032270 0.004502 0.001404 0.001923 0.002832 0.002360 0.002141 0.001914 0.001869 0.001757 0.001510 0.000911 0.001586 0.002072 0.003075 0.003439 0.002379
0.000000 0.000000 0.000000 0.000000 0.000000 0.000000 0.000000 0.000000 0.000002 0.000023 0.021325 0.001297 0.001810 0.001168 0.002048 0.002299 0.004030 0.011747 0.000889 0.000972 0.037303 0.002328 0.001872 0.000909 0.001696 0.003293 0.012802 0.001030 0.001686 0.004339 0.099507 0.002754 0.002392 0.001430 0.001742 0.002319 0.062701 0.050377 0.239912 0.055333 0.053630 0.084320 0.043112 0.049432 0.017792 0.029408 0.329429 0.002511 0.002491 0.002838 0.001839 0.001638 0.001020 0.001013 0.000986 0.000909 0.000651 0.001133 0.001794 0.002823 0.001820 0.002154
0.000000 0.000000 0.000000 0.000000 0.000000 0.000000 0.000000 0.000003 0.000011 0.000050 0.013568 0.008635 0.002413 0.001041 0.001812 0.003158 0.003592 0.006273 0.000651 0.001386 0.023666 0.002224 0.001832 0.001204 0.002399 0.002718 0.008809 0.001046 0.002382 0.004615 0.096438 0.002416 0.002510 0.002037 0.001088 0.002081 0.004794 0.001102 0.005727 0.004719 0.001010 0.010765 0.010235 0.002069 0.001883 0.001017 0.043241 0.042382 0.001031 0.001051 0.001100 0.001227 0.001577 0.001010 0.003340 0.001955 0.001957 0.002084 0.001988 0.001787 0.001315 0.001677
0.000000 0.000000 0.000000 0.000000 0.000000 0.000001 0.000003 0.000010 0.000037 0.000084 0.007886 0.007455 0.002024 0.001038 0.002333 0.002561 0.003431 0.003784 0.006743 0.009069 0.030135 0.003557 0.002491 0.001010 0.001724 0.002194 0.006937 0.001068 0.001857 0.005993 0.119845 0.003003 0.002285 0.001967 0.001194 0.002076 0.003317 0.001227 0.002218 0.007608 0.000944 0.001963 0.019480 0.002484 0.001761 0.001019 0.001838 0.043980 0.001912 0.001821 0.001616 0.001076 0.001797 0.001882 0.007873 0.005317 0.007134 0.004975 0.002979 0.002421 0.001788 0.001006
0.000000 0.000000 0.000000 0.000000 0.000001 0.000005 0.000013 0.000024 0.000062 0.000119 0.001751 0.010595 0.002117 0.001615 0.001817 0.002065 0.002463 0.007105 0.004231 0.003627 0.018332 0.002639 0.001809 0.000929 0.002259 0.003017 0.008641 0.001798 0.003145 0.012399 0.057204 0.001956 0.001898 0.001842 0.001521 0.002027 0.001008 0.001573 0.002227 0.005035 0.001154 0.001826 0.013677 0.001774 0.001550 0.001017 0.001717 0.043975 0.338060 0.028073 0.010452 0.017198 0.099593 0.027036 0.047793 0.020098 0.002777 0.001715 0.001089 0.001205 0.001545 0.000974
0.000000 0.000000 0.000000 0.000000 0.000004 0.000014 0.000035 0.000039 0.000093 0.000223 0.001507 0.008922 0.003228 0.001991 0.001027 0.002361 0.003323 0.006286 0.001739 0.002109 0.016344 0.002732 0.002472 0.001179 0.001725 0.002060 0.003273 0.002460 0.002469 0.015746 0.051479 0.000997 0.000921 0.001171 0.001025 0.001026 0.001035 0.001069 0.002073 0.004251 0.001044 0.002184 0.017295 0.001003 0.001004 0.000999 0.002384 0.024802 0.011957 0.018058 0.039844 0.019806 0.002412 0.001402 0.001717 0.018047 0.005644 0.001316 0.001672 0.001986 0.000965 0.000855
0.000000 0.000000 0.000000 0.000001 0.000008 0.000024 0.000038 0.000082 0.000132 0.000275 0.001442 0.006829 0.002419 0.001882 0.001019 0.001881 0.002425 0.003560 0.002781 0.001788 0.014401 0.002379 0.001927 0.001021 0.002124 0.002918 0.004838 0.002127 0.001449 0.024427 0.100624 0.002000 0.001985 0.002003 0.001874 0.001644 0.002070 0.001172 0.002174 0.001598 0.001081 0.001639 0.011855 0.010819 0.001513 0.000917 0.001938 0.028430 0.003939 0.001470 0.006359 0.005639 0.002585 0.001973 0.001006 0.014603 0.007272 0.008526 0.009890 0.005208 0.003127 0.001102
0.000000 0.000000 0.000000 0.000315 0.000340 0.000324 0.000293 0.000227 0.000173 0.000390 0.001322 0.005362 0.002167 0.001761 0.001014 0.001783 0.002239 0.002699 0.002785 0.012469 0.015683 0.002055 0.001792 0.001010 0.001504 0.001801 0.002405 0.002219 0.002291 0.052485 0.023969 0.054068 0.035755 0.027726 0.028662 0.002102 0.002641 0.001608 0.001028 0.001071 0.001181 0.001816 0.002175 0.010007 0.004324 0.001243 0.001891 0.017143 0.007669 0.002193 0.000895 0.007482 0.002476 0.001803 0.000932 0.010760 0.003129 0.002554 0.003022 0.001991 0.001401 0.000651
0.000006 0.000040 0.000158 0.000276 0.000066 0.000101 0.000155 0.000237 0.000369 0.000590 0.000949 0.003757 0.001796 0.001566 0.001015 0.001571 0.001993 0.002500 0.003656 0.011067 0.002757 0.002287 0.001548 0.001007 0.000992 0.001128 0.000937 0.002036 0.013310 0.024483 0.003302 0.001684 0.012551 0.013219 0.021863 0.363798 0.002646 0.002721 0.002188 0.002314 0.001473 0.000893 0.001721 0.006694 0.002628 0.001102 0.002595 0.013106 0.009142 0.002491 0.000651 0.005845 0.003657 0.002550 0.001225 0.008891 0.002707 0.002359 0.002243 0.001683 0.000902 0.001421
0.000001 0.000014 0.000060 0.000000 0.000000 0.000000 0.000000 0.000000 0.000000 0.000000 0.000789 0.001575 0.001020 0.001021 0.001026 0.001025 0.001566 0.002343 0.002879 0.007923 0.002017 0.001521 0.001008 0.001011 0.001530 0.001818 0.016155 0.023770 0.011671 0.016622 0.005813 0.002620 0.002003 0.001036 0.002014 0.059652 0.029866 0.008151 0.006420 0.001503 0.000893 0.000651 0.001574 0.004695 0.002967 0.001188 0.001996 0.005964 0.018414 0.004831 0.004533 0.004889 0.002734 0.001951 0.001132 0.010584 0.003355 0.002849 0.001996 0.001406 0.000651 0.001591
