001_floodsim/sample_code/hipims_case/output/h_1800.asc
ncols 269
nrows 269
xllcorner 0.000000
yllcorner 0.000000
cellsize 10.000000
NODATA_value -9999.000000
[rows 140 to 167 of 269, columns 186 to 247 of 269]
0.002318 0.001959 0.000482 0.000379 0.000221 0.000383 0.001047 0.000833 0.000255 0.000482 0.000473 0.000474 0.001433 0.000195 0.000140 0.000194 0.000325 0.000261 0.000234 0.000223 0.002056 0.005184 0.000237 0.002284 0.005799 0.000471 0.000313 0.000373 0.043279 0.002308 0.000627 0.000535 0.000416 0.000342 0.000220 0.000364 0.000542 0.000374 0.000986 0.000639 0.000746 0.000275 0.000410 0.001030 0.001547 0.000640 0.000438 0.000224 0.001024 0.000413 0.000333 0.000255 0.000231 0.005171 0.000611 0.000381 0.000424 0.003610 0.143210 0.008768 0.000838 0.000886
0.000509 0.001615 0.000603 0.000451 0.000213 0.000419 0.000969 0.000457 0.000309 0.000377 0.000282 0.000250 0.001091 0.002424 0.002161 0.002523 0.003257 0.001963 0.001489 0.003570 0.003720 0.003554 0.000366 0.003301 0.006571 0.000633 0.000439 0.000215 0.000428 0.002951 0.004547 0.000622 0.000565 0.000423 0.000202 0.000396 0.001621 0.001301 0.002362 0.001056 0.000418 0.000268 0.000358 0.001296 0.000639 0.000520 0.000407 0.000218 0.000698 0.000317 0.000502 0.000479 0.004391 0.004697 0.000612 0.000492 0.000282 0.000435 0.000555 0.008355 0.008647 0.007441
0.000415 0.001136 0.000456 0.000404 0.000283 0.000347 0.000541 0.000422 0.000448 0.000303 0.000390 0.001599 0.001881 0.001077 0.000858 0.000677 0.000910 0.003348 0.004228 0.002868 0.002789 0.000341 0.000494 0.004899 0.003697 0.000502 0.000412 0.000262 0.000421 0.000523 0.193855 0.000652 0.000587 0.000691 0.001501 0.001971 0.002591 0.001470 0.000472 0.000419 0.000388 0.000351 0.000247 0.000895 0.000585 0.000463 0.000374 0.000212 0.000396 0.000470 0.000548 0.002303 0.004281 0.000742 0.000789 0.000614 0.000356 0.000393 0.000484 0.001021 0.001235 0.000270
0.000266 0.000786 0.000389 0.000382 0.000326 0.000211 0.000315 0.000418 0.000610 0.001007 0.002147 0.001242 0.000996 0.000562 0.000369 0.000280 0.001506 0.002115 0.000491 0.000848 0.000538 0.000528 0.000495 0.006275 0.000784 0.000641 0.000498 0.000279 0.000388 0.000490 0.009128 0.012138 0.000945 0.001083 0.001651 0.001157 0.000221 0.000220 0.000207 0.000249 0.000235 0.000258 0.000316 0.000432 0.000570 0.000422 0.000347 0.000206 0.000373 0.000408 0.000495 0.002245 0.002602 0.000506 0.000646 0.000575 0.000483 0.000238 0.000519 0.001360 0.000416 0.000333
0.000360 0.000367 0.000201 0.000249 0.000214 0.000211 0.000194 0.000349 0.000419 0.000507 0.000807 0.000272 0.000396 0.000628 0.001300 0.002224 0.001792 0.000893 0.000829 0.000789 0.000504 0.000343 0.000270 0.007899 0.000602 0.000491 0.000430 0.000357 0.000281 0.000448 0.000625 0.008418 0.049164 0.008219 0.003548 0.000900 0.000431 0.000432 0.000435 0.000443 0.000409 0.000508 0.000406 0.000281 0.000427 0.000373 0.000317 0.000192 0.000334 0.000547 0.000733 0.003269 0.000511 0.000426 0.000371 0.000519 0.000550 0.000301 0.000515 0.000871 0.000319 0.000492
0.000280 0.000140 0.000298 0.000737 0.000356 0.000301 0.000140 0.000304 0.000340 0.000435 0.000346 0.000378 0.000389 0.000484 0.001026 0.001259 0.000276 0.000477 0.000651 0.000335 0.000270 0.000399 0.004811 0.005933 0.000577 0.000437 0.000364 0.000224 0.000472 0.000606 0.000655 0.001184 0.000304 0.005999 0.002465 0.003567 0.003111 0.000772 0.000866 0.001287 0.001476 0.001380 0.000765 0.000349 0.000200 0.000225 0.000191 0.000140 0.000267 0.000413 0.000523 0.002719 0.000466 0.000328 0.000294 0.000185 0.000536 0.000369 0.000533 0.000443 0.000455 0.000483
0.000140 0.000267 0.000375 0.001144 0.000446 0.000386 0.000297 0.000210 0.000195 0.000206 0.000213 0.000217 0.000219 0.000415 0.001262 0.000213 0.000367 0.000396 0.000561 0.000483 0.000503 0.003631 0.004585 0.001967 0.000585 0.000377 0.000329 0.000228 0.000386 0.000474 0.000526 0.000676 0.000438 0.004727 0.000464 0.000223 0.026878 0.002499 0.001403 0.001314 0.000436 0.000381 0.000315 0.000447 0.000356 0.000422 0.000341 0.000321 0.000270 0.000370 0.000464 0.002250 0.000489 0.000203 0.000193 0.000140 0.000426 0.000305 0.000352 0.000395 0.000519 0.000680
0.000287 0.000364 0.001222 0.000930 0.000522 0.000424 0.000439 0.000297 0.000140 0.000288 0.000374 0.000356 0.000470 0.000742 0.000945 0.000209 0.000318 0.000257 0.000464 0.001328 0.003237 0.003403 0.000212 0.002753 0.001036 0.000218 0.000220 0.000245 0.000327 0.000411 0.000580 0.000436 0.000315 0.005615 0.000439 0.000223 0.000415 0.001331 0.000676 0.000219 0.000219 0.000225 0.000248 0.000435 0.000976 0.000581 0.000576 0.000657 0.000210 0.000398 0.000513 0.002073 0.000964 0.000658 0.000800 0.000564 0.000305 0.000189 0.000338 0.000453 0.000294 0.000431
0.000373 0.000453 0.001890 0.000880 0.000713 0.000540 0.000599 0.000348 0.000189 0.000327 0.000418 0.000765 0.000248 0.000626 0.000195 0.000208 0.000211 0.000340 0.000875 0.000998 0.002449 0.000473 0.000255 0.002160 0.001178 0.001327 0.000842 0.000307 0.000190 0.000343 0.000319 0.000270 0.004390 0.004495 0.000561 0.000216 0.000496 0.000613 0.025689 0.000709 0.000923 0.001387 0.002160 0.005053 0.002758 0.001820 0.001057 0.000292 0.000189 0.000295 0.000370 0.001098 0.000799 0.000808 0.000294 0.000205 0.000194 0.000140 0.000191 0.000212 -9999.000000 -9999.000000
0.000557 0.001942 0.001502 0.000772 0.000561 0.000496 0.000480 0.000267 0.000326 0.000399 0.000478 0.001156 0.000335 0.000194 0.000140 0.000299 0.000719 0.001081 0.000892 0.000906 0.001751 0.000461 0.000254 0.001486 0.000721 0.000692 0.000635 0.000188 0.000140 0.000189 0.000206 0.003653 0.004076 0.000575 0.000552 0.000256 0.000446 0.000560 0.000630 0.168352 0.004639 0.003041 0.003031 0.000660 0.000668 0.000848 0.000762 0.000187 0.000140 0.000192 0.000300 0.000361 0.000603 0.000188 0.000140 -9999.000000 -9999.000000 -9999.000000 -9999.000000 -9999.000000 -9999.000000 -9999.000000
0.000435 0.002920 0.001235 0.000708 0.000568 0.000354 0.000520 0.000727 0.000268 0.000435 0.000536 0.001601 0.000403 0.000307 0.000191 0.000429 0.000429 0.000428 0.000434 0.000762 0.001165 0.000458 0.000302 0.001063 0.000577 0.000530 0.000775 0.000747 0.000460 0.000412 0.001224 0.003871 0.000667 0.000467 0.000594 0.000251 0.000407 0.000511 0.000567 0.002847 0.002166 0.000459 0.000450 0.000475 0.000500 0.000541 0.000972 0.000881 0.000586 0.000306 0.000187 0.000230 0.000140 -9999.000000 -9999.000000 -9999.000000 -9999.000000 -9999.000000 -9999.000000 -9999.000000 -9999.000000 -9999.000000
0.000482 0.005023 0.001615 0.000734 0.000374 0.000495 0.000588 0.001127 0.000245 0.000505 0.000691 0.002733 0.000598 0.000421 0.000208 0.000347 0.000262 0.000231 0.000225 0.000986 0.000447 0.000449 0.000436 0.000663 0.000485 0.000373 0.000418 0.000281 0.000476 0.001218 0.001009 0.002906 0.000842 0.000461 0.000526 0.000294 0.000360 0.000472 0.000508 0.001212 0.003540 0.000568 0.000280 0.000372 0.000346 0.000255 0.000614 0.000308 0.000213 0.000377 -9999.000000 -9999.000000 -9999.000000 -9999.000000 -9999.000000 -9999.000000 -9999.000000 -9999.000000 -9999.000000 -9999.000000 -9999.000000 -9999.000000
0.000597 0.003818 0.000310 0.000469 0.000286 0.000437 0.000689 0.001873 0.000414 0.000304 0.000477 0.002440 0.000477 0.000414 0.000335 0.000515 0.000230 0.000340 0.000393 0.000472 0.000240 0.000266 0.000328 0.000459 0.000440 0.000367 0.000216 0.000379 0.000432 0.000748 0.000616 0.002064 0.000886 0.000429 0.000429 0.000219 0.000407 0.000474 0.000454 0.002099 0.002325 0.000399 0.000354 0.000237 0.000270 0.000356 0.000299 0.000186 0.000211 -9999.000000 -9999.000000 -9999.000000 -9999.000000 -9999.000000 -9999.000000 -9999.000000 -9999.000000 -9999.000000 -9999.000000 -9999.000000 -9999.000000 -9999.000000
0.000521 0.004282 0.000464 0.000464 0.000248 0.000462 0.000568 0.001925 0.000403 0.000284 0.000480 0.002812 0.000473 0.000310 0.000822 0.000487 0.000223 0.000380 0.000467 0.001243 0.000587 0.000880 0.000952 0.000554 0.000375 0.000332 0.000217 0.000327 0.000338 0.000698 0.000578 0.001435 0.000988 0.000587 0.000429 0.000215 0.000354 0.000423 0.000301 0.003002 0.000402 0.000210 0.026481 0.001093 0.000323 0.000204 0.000190 0.000140 -9999.000000 -9999.000000 -9999.000000 -9999.000000 -9999.000000 -9999.000000 -9999.000000 -9999.000000 -9999.000000 -9999.000000 -9999.000000 -9999.000000 -9999.000000 -9999.000000
0.000601 0.004523 0.000544 0.000509 0.000233 0.000463 0.000610 0.001550 0.001615 0.000220 0.000452 0.003135 0.000575 0.000530 0.000935 0.000566 0.000253 0.000413 0.001740 0.001448 0.001528 0.001114 0.000413 0.000357 0.000216 0.000215 0.000212 0.000196 0.000140 0.000710 0.000543 0.000606 0.001314 0.000475 0.000371 0.000209 0.000422 0.000612 0.001044 0.002592 0.000378 0.000210 0.000309 0.001193 0.000687 0.000298 0.000212 -9999.000000 -9999.000000 -9999.000000 -9999.000000 -9999.000000 -9999.000000 -9999.000000 -9999.000000 -9999.000000 -9999.000000 -9999.000000 -9999.000000 -9999.000000 -9999.000000 -9999.000000
0.000748 0.006019 0.000595 0.000302 0.000613 0.000752 0.000435 0.001340 0.002364 0.000226 0.003597 0.003686 0.000769 0.000847 0.000757 0.000304 0.000346 0.000462 0.003460 0.001590 0.000360 0.000255 0.000254 0.000303 0.000421 0.000410 0.000383 0.000597 0.000581 0.001162 0.000693 0.000472 0.000690 0.000433 0.000340 0.000193 0.000307 0.000430 0.000593 0.002221 0.000521 0.000204 0.000195 0.000209 0.000363 0.000247 -9999.000000 -9999.000000 -9999.000000 -9999.000000 -9999.000000 -9999.000000 -9999.000000 -9999.000000 -9999.000000 -9999.000000 -9999.000000 -9999.000000 -9999.000000 -9999.000000 -9999.000000 -9999.000000
0.004385 0.003283 0.000316 0.000419 0.001278 0.000743 0.000255 0.000724 0.001947 0.004458 0.004047 0.000407 0.000932 0.000980 0.000715 0.000254 0.000404 0.000518 0.003030 0.000267 0.000320 0.000551 0.000516 0.000581 0.000659 0.001134 0.001253 0.002115 0.001238 0.000655 0.000583 0.000518 0.000533 0.000370 0.000282 0.000140 0.000191 0.000406 0.000600 0.001449 0.000473 0.000474 0.000140 -9999.000000 -9999.000000 -9999.000000 -9999.000000 -9999.000000 -9999.000000 -9999.000000 -9999.000000 -9999.000000 -9999.000000 -9999.000000 -9999.000000 -9999.000000 -9999.000000 -9999.000000 -9999.000000 -9999.000000 -9999.000000 -9999.000000
0.004762 0.002554 0.001298 0.002645 0.001591 0.000361 0.000417 0.000660 0.001214 0.005131 0.000238 0.000287 0.001392 0.000595 0.000352 0.000393 0.000469 0.005488 0.005181 0.002740 0.003690 0.004275 0.003325 0.002855 0.002979 0.002242 0.001475 0.000581 0.000530 0.000591 0.000488 0.000441 0.000374 0.000275 0.000140 0.000277 0.000345 0.000439 0.000670 0.000967 0.000288 0.000140 -9999.000000 -9999.000000 -9999.000000 -9999.000000 -9999.000000 -9999.000000 -9999.000000 -9999.000000 -9999.000000 -9999.000000 -9999.000000 -9999.000000 -9999.000000 -9999.000000 -9999.000000 -9999.000000 -9999.000000 -9999.000000 -9999.000000 -9999.000000
0.006923 0.003278 0.001486 0.000308 0.000140 0.000380 0.000480 0.000632 0.001047 0.007482 0.000355 0.000241 0.002160 0.000551 0.000276 0.000420 0.006503 0.006442 0.001968 0.003187 0.000646 0.000587 0.000507 0.000580 0.000459 0.000417 0.000388 0.000309 0.000483 0.000413 0.000389 0.000354 0.000285 0.000140 0.000364 0.000509 0.000514 0.000350 0.000782 0.000314 0.000192 -9999.000000 -9999.000000 -9999.000000 -9999.000000 -9999.000000 -9999.000000 -9999.000000 -9999.000000 -9999.000000 -9999.000000 -9999.000000 -9999.000000 -9999.000000 -9999.000000 -9999.000000 -9999.000000 -9999.000000 -9999.000000 -9999.000000 -9999.000000 -9999.000000
0.007326 0.000378 0.000307 0.000212 0.000194 0.000388 0.000589 0.000577 0.003929 0.003726 0.000267 0.001306 0.001238 0.000360 0.000400 0.006825 0.006758 0.000753 0.000628 0.000682 0.000564 0.000487 0.000424 0.000379 0.000340 0.000223 0.000317 0.000369 0.000220 0.000216 0.000208 0.000192 0.000140 0.000282 0.000336 0.000406 0.000536 0.000958 0.000211 0.000192 0.000140 -9999.000000 -9999.000000 -9999.000000 -9999.000000 -9999.000000 -9999.000000 -9999.000000 -9999.000000 -9999.000000 -9999.000000 -9999.000000 -9999.000000 -9999.000000 -9999.000000 -9999.000000 -9999.000000 -9999.000000 -9999.000000 -9999.000000 -9999.000000 -9999.000000
0.007150 0.000249 0.000140 0.000308 0.000355 0.000443 0.000647 0.000588 0.004966 0.002351 0.000233 0.001800 0.000834 0.000469 0.007331 0.007393 0.000800 0.000701 0.000604 0.000505 0.000496 0.000374 0.000295 0.000211 0.000218 0.000895 0.000601 0.000658 0.000729 0.000400 0.000362 0.000310 0.000191 0.000345 0.000552 0.000444 0.000557 0.001341 0.000323 0.000213 -9999.000000 -9999.000000 -9999.000000 -9999.000000 -9999.000000 -9999.000000 -9999.000000 -9999.000000 -9999.000000 -9999.000000 -9999.000000 -9999.000000 -9999.000000 -9999.000000 -9999.000000 -9999.000000 -9999.000000 -9999.000000 -9999.000000 -9999.000000 -9999.000000 -9999.000000
0.000235 0.000265 0.000193 0.000353 0.000429 0.000498 0.000640 0.000684 0.005668 0.001583 0.000962 0.001202 0.000490 0.007703 0.007624 0.000712 0.000800 0.001108 0.000904 0.000743 0.000574 0.000391 0.000140 0.000195 0.000319 0.001518 0.000860 0.000922 0.000326 0.000475 0.000399 0.000252 0.000330 0.000417 0.000902 0.000308 0.000515 0.001678 0.000258 -9999.000000 -9999.000000 -9999.000000 -9999.000000 -9999.000000 -9999.000000 -9999.000000 -9999.000000 -9999.000000 -9999.000000 -9999.000000 -9999.000000 -9999.000000 -9999.000000 -9999.000000 -9999.000000 -9999.000000 -9999.000000 -9999.000000 -9999.000000 -9999.000000 -9999.000000 -9999.000000
0.000664 0.000275 0.000343 0.000413 0.000478 0.000554 0.000683 0.158895 0.047297 0.010064 0.011945 0.009444 0.008724 0.007976 0.000276 0.000351 0.000483 0.000612 0.000566 0.000495 0.000410 0.000313 0.000196 0.000299 0.000396 0.003006 0.001107 0.000338 0.000506 0.000518 0.000426 0.000232 0.000423 0.000531 0.001231 0.000253 0.002114 0.001452 0.000274 -9999.000000 -9999.000000 -9999.000000 -9999.000000 -9999.000000 -9999.000000 -9999.000000 -9999.000000 -9999.000000 -9999.000000 -9999.000000 -9999.000000 -9999.000000 -9999.000000 -9999.000000 -9999.000000 -9999.000000 -9999.000000 -9999.000000 -9999.000000 -9999.000000 -9999.000000 -9999.000000
0.000293 0.000195 0.000367 0.000457 0.000543 0.012145 0.013955 0.013180 0.000527 0.000520 0.000847 0.000762 0.001308 0.001595 0.001906 0.001305 0.000253 0.000362 0.000483 0.000425 0.000363 0.000193 0.000311 0.000392 0.001900 0.001579 0.000347 0.000523 0.000499 0.000646 0.000438 0.000226 0.000384 0.000483 0.001908 0.001031 0.001343 0.000677 0.000361 0.000140 -9999.000000 -9999.000000 -9999.000000 -9999.000000 -9999.000000 -9999.000000 -9999.000000 -9999.000000 -9999.000000 -9999.000000 -9999.000000 -9999.000000 -9999.000000 -9999.000000 -9999.000000 -9999.000000 -9999.000000 -9999.000000 -9999.000000 -9999.000000 -9999.000000 -9999.000000
0.000140 0.000293 0.000407 0.000506 0.010388 0.010248 0.000425 0.000410 0.000393 0.000359 0.000514 0.000462 0.000517 0.001021 0.000952 0.001151 0.001461 0.001083 0.000648 0.000486 0.000333 0.000140 0.000330 0.000455 0.003581 0.001093 0.000421 0.000330 0.000974 0.000617 0.000437 0.000223 0.000423 0.000540 0.002483 0.000986 0.001037 0.000526 0.000527 0.000192 -9999.000000 -9999.000000 -9999.000000 -9999.000000 -9999.000000 -9999.000000 -9999.000000 -9999.000000 -9999.000000 -9999.000000 -9999.000000 -9999.000000 -9999.000000 -9999.000000 -9999.000000 -9999.000000 -9999.000000 -9999.000000 -9999.000000 -9999.000000 -9999.000000 -9999.000000
0.000191 0.000335 0.000440 0.000554 0.012817 0.004212 0.000220 0.000219 0.000220 0.000223 0.000231 0.000251 0.000298 0.000615 0.000537 0.000559 0.000533 0.000481 0.000406 0.000339 0.000295 0.000194 0.000353 0.000581 0.003091 0.000805 0.000425 0.000261 0.001342 0.000611 0.000438 0.000222 0.000472 0.000576 0.003102 0.000991 0.000807 0.000711 0.000508 0.000292 0.000140 -9999.000000 -9999.000000 -9999.000000 -9999.000000 -9999.000000 -9999.000000 -9999.000000 -9999.000000 -9999.000000 -9999.000000 -9999.000000 -9999.000000 -9999.000000 -9999.000000 -9999.000000 -9999.000000 -9999.000000 -9999.000000 -9999.000000 -9999.000000 -9999.000000
0.000304 0.000394 0.000492 0.000613 0.090393 0.002565 0.000386 0.000439 0.000395 0.000398 0.000408 0.000387 0.000502 0.000266 0.000323 0.000445 0.000420 0.000402 0.000315 0.000194 0.000140 0.000287 0.000397 0.000469 0.004388 0.000746 0.000333 0.000438 0.001784 0.000642 0.000492 0.000363 0.000296 0.000613 0.004023 0.001416 0.001590 0.001040 0.000485 0.000252 -9999.000000 -9999.000000 -9999.000000 -9999.000000 -9999.000000 -9999.000000 -9999.000000 -9999.000000 -9999.000000 -9999.000000 -9999.000000 -9999.000000 -9999.000000 -9999.000000 -9999.000000 -9999.000000 -9999.000000 -9999.000000 -9999.000000 -9999.000000 -9999.000000 -9999.000000
0.000385 0.000466 0.000564 0.035495 0.141483 0.006403 0.001486 0.001180 0.000604 0.000673 0.000885 0.001220 0.002071 0.001298 0.001014 0.000604 0.000502 0.000319 0.000212 0.000208 0.000288 0.000368 0.000453 0.000558 0.003874 0.000489 0.000235 0.000398 0.002236 0.000701 0.000586 0.000312 0.000411 0.000513 0.108952 0.001547 0.000271 0.000140 -9999.000000 -9999.000000 -9999.000000 -9999.000000 -9999.000000 -9999.000000 -9999.000000 -9999.000000 -9999.000000 -9999.000000 -9999.000000 -9999.000000 -9999.000000 -9999.000000 -9999.000000 -9999.000000 -9999.000000 -9999.000000 -9999.000000 -9999.000000 -9999.000000 -9999.000000 -9999.000000 -9999.000000
