001_floodsim/sample_code/hipims_case/output/h_3600.asc
ncols 269
nrows 269
xllcorner 0.000000
yllcorner 0.000000
cellsize 10.000000
NODATA_value -9999.000000
[rows 28 to 55 of 269, columns 124 to 185 of 269]
0.000207 0.000353 0.022281 0.002718 0.000223 0.000245 0.000418 0.000356 0.000326 0.000198 0.000214 0.000219 0.010248 0.003143 0.000539 0.000535 0.000557 0.001037 0.001593 0.009302 0.001466 0.001055 0.000310 0.000922 0.000369 0.000230 0.000355 0.300360 0.001583 0.000774 0.000485 0.000275 0.000393 0.000647 0.002918 0.002295 0.000970 0.000912 0.000777 0.000564 0.000252 0.000508 0.000934 0.003542 0.000547 0.000212 0.004079 0.003453 0.000642 0.000368 0.000443 0.004450 0.002039 0.001946 0.001585 0.002796 0.003158 0.002379 0.001387 0.000360 0.000202 0.000142
0.338844 0.321147 0.236452 0.019624 0.000386 0.000399 0.000617 0.000399 0.000352 0.000207 0.000329 0.000396 0.011048 0.000233 0.000226 0.000220 0.000202 0.000142 0.000197 0.016980 0.001246 0.000610 0.000586 0.001553 0.000433 0.000231 0.036685 0.039349 0.000831 0.000770 0.000760 0.000444 0.000568 0.000743 0.004631 0.002006 0.001003 0.001250 0.000815 0.000571 0.000244 0.000534 0.000719 0.004285 0.000439 0.000474 0.007322 0.001828 0.000638 0.000296 0.011375 0.082414 0.007257 0.008425 0.004389 0.004720 0.000495 0.000615 0.000402 0.000228 0.000221 0.000331
0.375995 0.390180 0.348164 0.264929 0.013243 0.000460 0.000429 0.000396 0.000259 0.000322 0.000426 0.002584 0.039244 0.000485 0.000431 0.000369 0.000220 0.000327 0.000394 0.035950 0.048065 0.072838 0.106775 0.087137 0.109422 0.112668 0.051601 0.000864 0.000629 0.000508 0.000394 0.000286 0.001261 0.002083 0.005950 0.007912 0.001631 0.001593 0.001106 0.000707 0.000282 0.000564 0.005683 0.003559 0.000266 0.000523 0.006995 0.003408 0.004537 0.009966 0.012219 0.000724 0.000589 0.000758 0.000554 0.000399 0.000306 0.000317 0.000291 0.000373 0.000229 0.000416
0.044635 0.101578 0.272711 0.398585 0.414067 0.154226 0.000580 0.000644 0.034381 0.137502 0.265587 0.422686 0.164596 0.000616 0.000484 0.000289 0.000396 0.000483 0.000561 0.160473 0.107788 0.033227 0.000537 0.000232 0.000443 0.054610 0.000978 0.000858 0.000499 0.000349 0.000202 0.000359 0.000512 0.000621 0.000701 0.008674 0.009431 0.001029 0.000715 0.000367 0.000413 0.000631 0.004998 0.001531 0.001130 0.212418 0.310701 0.029585 0.012999 0.014414 0.000695 0.000567 0.000461 0.000389 0.000463 0.000200 0.000142 0.001089 0.000582 0.000585 0.000276 0.000624
0.000407 0.000260 0.004543 0.113645 0.437296 0.487739 0.437558 0.458840 0.464651 0.469124 0.473033 0.465359 0.425701 0.001067 0.000648 0.000257 0.000468 0.005903 0.144935 0.096622 0.000621 0.000528 0.000415 0.000230 0.000365 0.001261 0.000827 0.000947 0.000388 0.000201 0.000142 0.000201 0.000392 0.000468 0.000508 0.000533 0.013698 0.001017 0.000698 0.000304 0.000503 0.016533 0.017950 0.026168 0.038992 0.023175 0.007415 0.000827 0.000743 0.000655 0.000553 0.000418 0.000234 0.000232 0.000229 0.000222 0.000333 0.000889 0.001544 0.000435 0.000208 0.000435
0.000443 0.000373 0.000219 0.000336 0.009290 0.168206 0.325137 0.341890 0.275841 0.174930 0.167646 0.329532 0.429255 0.081173 0.000463 0.000248 0.000517 0.121402 0.085599 0.000560 0.000453 0.000418 0.000344 0.000230 0.000222 0.000201 0.000354 0.001176 0.000285 0.000357 0.000202 0.000357 0.000285 0.000258 0.000246 0.000240 0.007146 0.007961 0.000456 0.000519 0.155213 0.113504 0.017917 0.000871 0.000770 0.000667 0.000986 0.000633 0.000560 0.000504 0.000437 0.000333 0.000451 0.000372 0.000229 0.000362 0.000471 0.002086 0.001290 0.000600 0.000227 0.000491
0.000444 0.000374 0.000242 0.000324 0.000474 0.000392 0.000469 0.000664 0.003695 0.000424 0.000336 0.184659 0.457959 0.264363 0.058517 0.066409 0.102163 0.085085 0.000604 0.000403 0.000219 0.000201 0.000142 0.000782 0.000335 0.000142 0.000202 0.000569 0.000553 0.000514 0.000394 0.000284 0.000426 0.000487 0.000520 0.000533 0.006771 0.172854 0.107972 0.067291 0.034363 0.001252 0.000867 0.000709 0.000597 0.000534 0.000638 0.000440 0.000343 0.000296 0.000252 0.000276 0.000496 0.000964 0.000230 0.000433 0.002371 0.001949 0.001311 0.000456 0.000232 0.000520
0.000444 0.000365 0.000318 0.000216 0.000538 0.000183 0.000339 0.000375 0.000706 0.000195 0.000465 0.029257 0.448613 0.368471 0.148937 0.072905 0.015009 0.000574 0.000529 0.000317 0.000424 0.000346 0.000199 0.001275 0.000410 0.000199 0.001003 0.000606 0.000374 0.001085 0.000304 0.000439 0.000567 0.000648 0.000696 0.003004 0.131958 0.075937 0.000775 0.000767 0.000827 0.001334 0.001282 0.001046 0.000795 0.000429 0.000237 0.000239 0.000245 0.000259 0.000398 0.000463 0.000719 0.002003 0.000234 0.001041 0.003795 0.001991 0.000787 0.000823 0.000467 0.000424
0.000186 0.000250 0.000220 0.000241 0.000309 0.000217 0.000308 0.000484 0.000889 0.000283 0.000453 0.011421 0.362987 0.348180 0.074438 0.002812 0.000736 0.000273 0.000454 0.000569 0.000554 0.000424 0.000218 0.001832 0.000625 0.001132 0.001114 0.000937 0.000662 0.000654 0.000848 0.000550 0.000697 0.000787 0.000872 0.097956 0.059958 0.000543 0.000500 0.000370 0.000524 0.000475 0.000684 0.000491 0.000438 0.000332 0.000456 0.000383 0.000236 0.000384 0.000511 0.000609 0.000685 0.003015 0.001948 0.004239 0.003600 0.001114 0.000512 0.001647 0.000659 0.000259
0.000455 0.000379 0.000355 0.000315 0.000190 0.000139 0.000191 0.000389 0.000293 0.000341 0.000399 0.012604 0.279091 0.359735 0.148175 0.003605 0.000518 0.000692 0.000722 0.001250 0.000560 0.000710 0.000230 0.004373 0.003267 0.002469 0.001306 0.000658 0.000442 0.000703 0.000906 0.001149 0.000784 0.000927 0.009264 0.113485 0.000260 0.000282 0.000335 0.000448 0.000229 0.000210 0.000280 0.000242 0.000252 0.000276 0.000509 0.000574 0.000545 0.000589 0.000868 0.000662 0.004038 0.003738 0.002740 0.003167 0.001981 0.001304 0.002073 0.001613 0.000471 0.000252
0.027509 0.026565 0.013993 0.000375 0.000299 0.000189 0.000511 0.000208 0.000205 0.000207 0.000221 0.002664 0.093112 0.329596 0.258378 0.067576 0.004732 0.000913 0.000855 0.000692 0.000678 0.005858 0.004079 0.003859 0.000350 0.000487 0.000797 0.000449 0.000579 0.000786 0.001045 0.003075 0.005155 0.001251 0.197282 0.201109 0.000798 0.001039 0.000714 0.000764 0.000791 0.000616 0.000643 0.000384 0.000240 0.000398 0.000772 0.000611 0.000717 0.000771 0.000974 0.001798 0.010250 0.002776 0.002279 0.002706 0.001632 0.001999 0.001382 0.000943 0.000517 0.000243
0.003101 0.004946 0.013894 0.017558 0.007609 0.000336 0.000541 0.000304 0.000187 0.000637 0.003016 0.003023 0.006881 0.154633 0.363734 0.338464 0.320803 0.282403 0.127146 0.042984 0.003447 0.017643 0.002939 0.001848 0.000486 0.000341 0.000991 0.000642 0.002432 0.079247 0.193104 0.269002 0.282785 0.290303 0.367205 0.356714 0.229557 0.050160 0.004533 0.000816 0.000614 0.000574 0.000622 0.000297 0.000409 0.000522 0.000954 0.000725 0.002998 0.118633 0.255717 0.259465 0.200073 0.011421 0.002060 0.001466 0.001680 0.003543 0.001312 0.000846 0.000362 0.000438
0.000495 0.000428 0.000239 0.012572 0.089501 0.034662 0.021615 0.000366 0.000264 0.000368 0.002399 0.000374 0.000448 0.001033 0.101328 0.329216 0.395360 0.436555 0.493620 0.526788 0.427464 0.309134 0.137897 0.001442 0.000407 0.018957 0.175776 0.305164 0.383822 0.388330 0.314473 0.239426 0.169364 0.132033 0.126154 0.124483 0.231964 0.270085 0.155132 0.003561 0.000791 0.000724 0.000604 0.000262 0.000471 0.001332 0.093099 0.223516 0.327563 0.328955 0.307011 0.297401 0.297629 0.288601 0.124314 0.077246 0.102588 0.028452 0.008486 0.013246 0.028139 0.032923
0.000331 0.000512 0.000409 0.000215 0.000624 0.000258 0.013127 0.012983 0.000233 0.000256 0.001805 0.000500 0.000233 0.000717 0.000870 0.015402 0.104049 0.117871 0.275389 0.380664 0.478576 0.526854 0.457930 0.351694 0.356932 0.446299 0.461649 0.449064 0.429834 0.421348 0.235974 0.034929 0.001171 0.000560 0.000404 0.000290 0.005700 0.215960 0.251541 0.160478 0.026190 0.000937 0.004578 0.016897 0.145251 0.345803 0.389579 0.388607 0.312171 0.222769 0.107236 0.031232 0.026470 0.188016 0.289660 0.238254 0.165817 0.145822 0.264493 0.119995 0.014640 0.000372
0.000225 0.000381 0.000321 0.000220 0.000438 0.000351 0.000419 0.013854 0.000380 0.000297 0.001288 0.000666 0.000218 0.000774 0.001110 0.001179 0.001937 0.001441 0.019188 0.129242 0.300253 0.372167 0.341556 0.374867 0.317582 0.295829 0.337165 0.292884 0.288554 0.358971 0.169435 0.000227 0.000347 0.000377 0.000229 0.000368 0.000478 0.045837 0.200671 0.275526 0.284163 0.287820 0.313684 0.349862 0.409358 0.384054 0.310008 0.210434 0.080949 0.005423 0.001033 0.000765 0.000349 0.001374 0.002192 0.000892 0.000529 0.000259 0.000606 0.174424 0.008581 0.000450
0.001068 0.000529 0.000396 0.000248 0.000318 0.000381 0.000391 0.011185 0.010143 0.000388 0.000584 0.000551 0.000294 0.001234 0.000765 0.000935 0.001093 0.002203 0.002655 0.002011 0.118581 0.045269 0.000410 0.006405 0.000940 0.000506 0.009529 0.051768 0.009348 0.193466 0.197207 0.003838 0.000433 0.000231 0.000228 0.000221 0.000329 0.000506 0.000896 0.045538 0.114272 0.124528 0.108729 0.112725 0.125568 0.078688 0.023327 0.001648 0.001650 0.001234 0.001007 0.000811 0.000461 0.001685 0.000702 0.000887 0.000481 0.000278 0.000604 0.064865 0.366209 0.063304
0.001072 0.000415 0.000347 0.000340 0.000202 0.000314 0.000503 0.000485 0.009812 0.000486 0.000354 0.000512 0.000283 0.000865 0.000603 0.000832 0.000987 0.001837 0.001833 0.001997 0.041833 0.000824 0.000694 0.000780 0.000339 0.000795 0.002286 0.010341 0.000282 0.053979 0.158734 0.097793 0.078203 0.004715 0.000350 0.000202 0.000142 0.000436 0.000340 0.000422 0.001934 0.009983 0.005211 0.000482 0.000793 0.000644 0.001151 0.001012 0.001697 0.001176 0.000897 0.000787 0.000648 0.000990 0.000741 0.000535 0.000404 0.000324 0.000616 0.000854 0.003785 0.160025
0.000899 0.000825 0.000235 0.000322 0.000287 0.000377 0.000485 0.000428 0.008350 0.008097 0.004870 0.000801 0.000328 0.000640 0.000544 0.000784 0.000953 0.001619 0.002158 0.002769 0.025770 0.001043 0.000592 0.000423 0.000350 0.000634 0.004254 0.004648 0.000288 0.005028 0.067429 0.012155 0.041519 0.103622 0.069340 0.035687 0.000316 0.000201 0.000142 0.000201 0.002888 0.006641 0.008225 0.000214 0.000316 0.000297 0.000567 0.000755 0.001280 0.001158 0.001121 0.000947 0.000775 0.000545 0.000696 0.000421 0.000219 0.000441 0.000627 0.000786 0.001364 0.000900
0.000321 0.001135 0.000684 0.000459 0.000358 0.000211 0.000356 0.000491 0.000458 0.004879 0.004762 0.000635 0.000639 0.000213 0.000555 0.000753 0.000864 0.003173 0.003443 0.001797 0.014036 0.000725 0.000505 0.000225 0.000491 0.000650 0.005113 0.000434 0.000346 0.001059 0.068453 0.000977 0.000466 0.000819 0.024443 0.165126 0.162064 0.062566 0.000846 0.001102 0.002245 0.000142 0.013411 0.019100 0.039841 0.021249 0.000703 0.000399 0.000566 0.000852 0.000652 0.000574 0.000498 0.000474 0.000432 0.000355 0.000202 0.000380 0.000574 0.000962 0.001109 0.000727
0.000229 0.000879 0.000416 0.000240 0.000332 0.000205 0.000325 0.000742 0.000388 0.000452 0.010491 0.000348 0.000499 0.000282 0.000550 0.000676 0.001364 0.004214 0.000198 0.000219 0.018561 0.000695 0.000501 0.000207 0.000447 0.001008 0.004666 0.000248 0.000474 0.002066 0.073564 0.000850 0.000702 0.000383 0.000462 0.000650 0.046297 0.032711 0.210229 0.038699 0.037611 0.058923 0.029549 0.034794 0.011620 0.019167 0.312989 0.000754 0.000737 0.000868 0.000473 0.000407 0.000234 0.000231 0.000222 0.000202 0.000142 0.000261 0.000515 0.000836 0.000515 0.000600
0.000285 0.000819 0.000728 0.000738 0.000469 0.000286 0.000379 0.000689 0.000249 0.000435 0.006026 0.003462 0.000713 0.000250 0.000484 0.000965 0.001172 0.002333 0.000142 0.000326 0.011183 0.000669 0.000487 0.000283 0.000659 0.000797 0.003470 0.000267 0.000733 0.002379 0.066970 0.000721 0.000722 0.000551 0.000264 0.000566 0.001495 0.000267 0.002087 0.001689 0.000231 0.005077 0.004707 0.000564 0.000483 0.000235 0.026369 0.026114 0.000241 0.000249 0.000264 0.000298 0.000381 0.000232 0.000968 0.000536 0.000547 0.000585 0.000571 0.000479 0.000328 0.000423
0.000436 0.000370 0.000526 0.000461 0.000413 0.000353 0.000221 0.000448 0.000414 0.000497 0.003405 0.002907 0.000585 0.000257 0.000655 0.000740 0.001096 0.001357 0.002616 0.003658 0.014310 0.001106 0.000692 0.000230 0.000449 0.000632 0.002675 0.000300 0.000591 0.003341 0.080136 0.000899 0.000634 0.000524 0.000298 0.000555 0.000963 0.000303 0.000617 0.002790 0.000215 0.000516 0.009058 0.000692 0.000441 0.000235 0.000490 0.026600 0.000500 0.000468 0.000405 0.000259 0.000456 0.000487 0.002833 0.001914 0.002534 0.001564 0.000865 0.000662 0.000444 0.000230
0.000649 0.000543 0.000471 0.000436 0.000389 0.000327 0.000245 0.000328 0.000426 0.000464 0.000739 0.004069 0.000612 0.000427 0.000477 0.000562 0.000723 0.002614 0.001529 0.001319 0.008125 0.000777 0.000477 0.000211 0.000615 0.000904 0.003382 0.000569 0.001060 0.007107 0.035909 0.000516 0.000496 0.000474 0.000384 0.000525 0.000236 0.000392 0.000612 0.001674 0.000276 0.000474 0.005931 0.000444 0.000375 0.000234 0.000460 0.026055 0.319662 0.013838 0.005757 0.009352 0.079077 0.013419 0.023179 0.008859 0.001044 0.000440 0.000260 0.000290 0.000369 0.000220
0.000365 0.000445 0.000319 0.000410 0.000350 0.000248 0.000325 0.000228 0.000395 0.000571 0.000647 0.003236 0.000950 0.000521 0.000237 0.000655 0.001004 0.002140 0.000547 0.000675 0.007044 0.000788 0.000679 0.000279 0.000441 0.000572 0.001065 0.000796 0.000804 0.009034 0.032138 0.000228 0.000210 0.000278 0.000238 0.000240 0.000247 0.000262 0.000563 0.001075 0.000245 0.000590 0.007589 0.000231 0.000231 0.000230 0.000676 0.013022 0.006778 0.010226 0.022436 0.010588 0.000729 0.000372 0.000446 0.007680 0.002253 0.000332 0.000426 0.000521 0.000219 0.000192
0.000347 0.000310 0.000208 0.000198 0.000289 0.000333 0.000226 0.000261 0.000376 0.000474 0.000547 0.002337 0.000665 0.000484 0.000235 0.000484 0.000673 0.001121 0.000888 0.000562 0.006187 0.000652 0.000494 0.000235 0.000562 0.000828 0.001571 0.000676 0.000442 0.013951 0.079528 0.000537 0.000530 0.000529 0.000487 0.000423 0.000558 0.000298 0.000575 0.000396 0.000256 0.000411 0.004618 0.004052 0.000366 0.000212 0.000533 0.014424 0.001793 0.000453 0.002471 0.002073 0.000776 0.000529 0.000232 0.005898 0.002507 0.003066 0.003588 0.001544 0.000837 0.000251
0.000208 0.000208 0.000209 0.001270 0.001300 0.001105 0.000838 0.000516 0.000288 0.000417 0.000436 0.001694 0.000574 0.000443 0.000234 0.000449 0.000604 0.000796 0.000878 0.004764 0.006042 0.000542 0.000448 0.000233 0.000365 0.000453 0.000670 0.000667 0.000710 0.029968 0.014648 0.033076 0.020843 0.015905 0.016569 0.000582 0.000758 0.000409 0.000241 0.000254 0.000281 0.000470 0.000587 0.003550 0.001364 0.000303 0.000526 0.007518 0.003580 0.000710 0.000199 0.002709 0.000739 0.000484 0.000216 0.004250 0.000960 0.000738 0.000872 0.000502 0.000326 0.000142
0.000402 0.000475 0.001072 0.001397 0.000463 0.000441 0.000423 0.000392 0.000403 0.000326 0.000219 0.001058 0.000451 0.000380 0.000235 0.000384 0.000520 0.000732 0.001197 0.004013 0.000784 0.000621 0.000376 0.000233 0.000229 0.000268 0.000212 0.000594 0.006293 0.011637 0.001186 0.000502 0.006973 0.007279 0.011857 0.346404 0.000770 0.000793 0.000585 0.000602 0.000347 0.000199 0.000450 0.002295 0.000812 0.000272 0.000766 0.005103 0.004171 0.000840 0.000142 0.002004 0.001124 0.000715 0.000300 0.003373 0.000804 0.000660 0.000593 0.000409 0.000200 0.000331
0.000869 0.001753 0.001174 0.000421 0.000381 0.000334 0.000289 0.000139 0.000277 0.000139 0.000199 0.000382 0.000236 0.000236 0.000239 0.000243 0.000400 0.000693 0.000905 0.002770 0.000536 0.000376 0.000235 0.000234 0.000371 0.000457 0.006847 0.011016 0.005405 0.007401 0.002134 0.000793 0.000546 0.000243 0.000537 0.049264 0.015431 0.003471 0.003093 0.000382 0.000199 0.000142 0.000420 0.001530 0.000920 0.000306 0.000573 0.000858 0.008438 0.001658 0.001507 0.001694 0.000780 0.000514 0.000278 0.004070 0.001023 0.000814 0.000510 0.000328 0.000142 0.000386
