001_floodsim/sample_code/hipims_case/output/h_3600.asc
ncols 269
nrows 269
xllcorner 0.000000
yllcorner 0.000000
cellsize 10.000000
NODATA_value -9999.000000
[rows 112 to 139 of 269, columns 62 to 123 of 269]
0.001850 0.000559 0.000722 0.000912 0.000771 0.000883 0.000369 0.000368 0.000423 0.000323 0.000242 0.000329 0.000562 0.000607 0.000505 0.000372 0.000205 0.000371 0.002319 0.000471 0.000470 0.000405 0.000436 0.000392 0.000341 0.000221 0.000391 0.000421 0.000831 0.000382 0.000365 0.000360 0.000362 0.000206 0.000206 0.000292 0.000328 0.000381 0.000683 0.001069 0.000286 0.000297 0.000445 0.000915 0.000344 0.000293 0.000243 0.000227 0.000385 0.000262 0.000383 0.000326 0.000236 0.000305 0.000405 0.000782 0.000325 0.000287 0.000139 0.000269 0.000323 0.000426
0.000435 0.000410 0.000357 0.000508 0.000399 0.000214 0.000219 0.000373 0.000210 0.000212 0.000217 0.000664 0.000481 0.000371 0.000325 0.000211 0.000315 0.000635 0.001108 0.000423 0.000500 0.000536 0.000415 0.000374 0.000326 0.000203 0.000339 0.000364 0.000457 0.002543 0.000979 0.000433 0.000313 0.000305 0.000205 0.000511 0.000346 0.000410 0.000449 0.000381 0.000404 0.000208 0.000347 0.000651 0.000220 0.000244 0.000452 0.000430 0.000507 0.000571 0.000338 0.000236 0.000302 0.000189 0.000293 0.000542 0.000202 0.000207 0.000292 0.000360 0.000398 0.000453
0.000364 0.000353 0.000269 0.000415 0.000497 0.000936 0.000322 0.000240 0.000313 0.000209 0.000894 0.000994 0.000757 0.000449 0.000484 0.001010 0.000615 0.000209 0.000869 0.000544 0.000384 0.000379 0.000384 0.000333 0.000295 0.000190 0.000291 0.000423 0.000450 0.000456 0.000812 0.000380 0.000390 0.000333 0.000403 0.000251 0.000362 0.000732 0.000393 0.000246 0.000336 0.000203 0.000330 0.000397 0.002674 0.000917 0.001160 0.000792 0.000838 0.000233 0.000289 0.000608 0.000189 0.000139 0.000190 0.000240 0.000186 0.000304 0.000368 0.000415 0.000540 0.000781
0.000196 0.000287 0.000335 0.000248 0.000356 0.000644 0.000811 0.000764 0.000706 0.001074 0.000860 0.000241 0.000358 0.001048 0.000700 0.000350 0.000311 0.000203 0.000645 0.000455 0.000562 0.000512 0.000324 0.000201 0.000188 0.000139 0.000340 0.000383 0.000543 0.000401 0.000443 0.002774 0.001117 0.000378 0.000336 0.000218 0.002215 0.001007 0.000412 0.000349 0.000298 0.000191 0.000298 0.000377 0.000910 0.000432 0.000395 0.000342 0.000462 0.000363 0.000340 0.000238 0.000300 0.000190 0.000302 0.000355 0.000354 0.000386 0.000418 0.000587 0.000384 0.000266
0.001704 0.000406 0.000387 0.000316 0.000208 0.000204 0.000185 0.000248 0.000206 0.000193 0.000294 0.000362 0.000342 0.000185 0.000250 0.000209 0.000205 0.000187 0.000256 0.000238 0.000296 0.000460 0.000601 0.000687 0.000603 0.000287 0.000190 0.000324 0.000435 0.000370 0.000410 0.000532 0.001081 0.001041 0.000860 0.000654 0.000436 0.000540 0.001010 0.000341 0.000188 0.000139 0.000190 0.000333 0.001061 0.000365 0.000331 0.000212 0.000348 0.000510 0.000403 0.000364 0.000341 0.000205 0.000339 0.000391 0.000409 0.000477 0.000564 0.000390 0.000408 0.000432
0.000369 0.001871 0.000436 0.000390 0.000353 0.000349 0.000340 0.000325 0.000207 0.000300 0.000651 0.000398 0.000341 0.000202 0.000591 0.000347 0.000314 0.000203 0.000718 0.000589 0.000856 0.000515 0.000226 0.000272 0.000411 0.000542 0.000139 0.000291 0.000340 0.000348 0.000350 0.000635 0.000393 0.000354 0.000346 0.000332 0.000315 0.000207 0.000586 0.000381 0.000294 0.000190 0.000300 0.000519 0.000704 0.000260 0.000286 0.000330 0.000480 0.000385 0.000419 0.000371 0.000250 0.000320 0.000385 0.000418 0.000441 0.000426 0.000859 0.000269 0.000380 0.000497
0.000211 0.000665 0.001037 0.000870 0.001124 0.000650 0.000365 0.000245 0.000617 0.002633 0.001225 0.000889 0.000716 0.000405 0.000493 0.000362 0.000239 0.000652 0.000527 0.000331 0.000381 0.000551 0.000838 0.000650 0.000418 0.000286 0.000192 0.000205 0.000209 0.000211 0.000211 0.000213 0.000332 0.000210 0.000206 0.000185 0.000239 0.000208 0.000203 0.002164 0.000383 0.000352 0.000345 0.000463 0.000288 0.000139 0.000314 0.000770 0.000602 0.000556 0.000473 0.000290 0.000345 0.000388 0.000426 0.000494 0.000530 0.000790 0.000386 0.000369 0.000404 0.000805
0.000365 0.000899 0.000458 0.000378 0.000375 0.000225 0.002105 0.000729 0.000375 0.000498 0.000550 0.000263 0.000340 0.002340 0.001205 0.000879 0.001442 0.000602 0.000580 0.000931 0.000604 0.000345 0.000305 0.000332 0.000189 0.000139 0.000285 0.000329 0.000425 0.000298 0.000333 0.000635 0.000395 0.000350 0.000323 0.000470 0.000473 0.000619 0.000291 0.001047 0.001240 0.000997 0.000716 0.000324 0.000190 0.000538 0.000556 0.001008 0.000406 0.000356 0.000320 0.000200 0.000354 0.000497 0.000394 0.000413 0.000426 0.000911 0.000293 0.000385 0.000534 0.000469
0.000436 0.002283 0.000507 0.000514 0.000377 0.000259 0.000637 0.000446 0.000364 0.000210 0.000783 0.000394 0.000261 0.000338 0.000734 0.000212 0.001107 0.001218 0.000656 0.000236 0.000210 0.000206 0.000208 0.000207 0.000202 0.000275 0.000340 0.000388 0.000835 0.000674 0.001562 0.001189 0.000890 0.000504 0.000637 0.001246 0.000868 0.000438 0.000357 0.000258 0.000676 0.000618 0.000453 0.000439 0.000239 0.000347 0.000367 0.001283 0.000432 0.000392 0.000351 0.000209 0.000358 0.000503 0.000555 0.000412 0.000457 0.001929 0.000201 0.000412 0.000610 0.000452
0.000859 0.000497 0.000470 0.000435 0.000363 0.000374 0.000304 0.000466 0.000366 0.000210 0.001097 0.000425 0.000384 0.000268 0.000569 0.000209 0.000361 0.000946 0.000467 0.000691 0.000340 0.000296 0.000206 0.000298 0.000316 0.000359 0.002550 0.001205 0.001184 0.000799 0.000603 0.000544 0.000652 0.001394 0.000879 0.000439 0.000571 0.000457 0.000458 0.000350 0.000216 0.000790 0.000411 0.000340 0.000204 0.000284 0.000378 0.001021 0.000433 0.000377 0.000254 0.000317 0.000390 0.000417 0.000500 0.000909 0.000707 0.000208 0.000209 0.000328 0.000431 0.089986
0.002290 0.000470 0.000447 0.000442 0.000457 0.000310 0.000192 0.000291 0.000364 0.000211 0.000821 0.000703 0.000389 0.000400 0.000338 0.000211 0.000355 0.000682 0.000216 0.000241 0.000327 0.000431 0.000208 0.000342 0.000809 0.000695 0.000390 0.000403 0.000404 0.000381 0.000525 0.000489 0.000391 0.000562 0.000444 0.000430 0.000512 0.000406 0.000368 0.000318 0.000234 0.000639 0.000393 0.000299 0.000190 0.000356 0.000604 0.001533 0.000486 0.000368 0.000221 0.000345 0.000462 0.000409 0.000488 0.002324 0.000334 0.000209 0.000335 0.000383 0.073118 0.217253
0.000447 0.000409 0.000382 0.000349 0.000322 0.000227 0.000432 0.000390 0.000368 0.000218 0.000449 0.000823 0.000560 0.000335 0.000275 0.000214 0.000337 0.000431 0.002469 0.000968 0.001457 0.001054 0.000928 0.001582 0.001311 0.000230 0.000262 0.000361 0.000373 0.000407 0.000379 0.000551 0.000388 0.000494 0.000402 0.000485 0.000424 0.000368 0.000307 0.000222 0.000294 0.000332 0.000367 0.000191 0.000139 0.000187 0.000200 0.000998 0.000401 0.000262 0.000324 0.000392 0.000458 0.000451 0.000792 0.000325 0.000295 0.000207 0.000303 0.000388 0.241380 0.000439
0.000380 0.000329 0.000291 0.000215 0.000239 0.000524 0.000596 0.000767 0.000398 0.000443 0.000580 0.000382 0.000524 0.000474 0.000250 0.000392 0.000478 0.000432 0.000897 0.000706 0.000483 0.000457 0.000382 0.000216 0.001059 0.001110 0.000323 0.000220 0.000251 0.000355 0.000375 0.000524 0.000413 0.000352 0.000438 0.000332 0.000411 0.000321 0.000218 0.000442 0.000139 0.000190 0.000438 0.000582 0.000188 0.000331 0.000518 0.001152 0.000356 0.000247 0.000418 0.000524 0.000591 0.001102 0.000872 0.000189 0.000139 0.000275 0.000367 0.159027 0.089583 0.000310
0.000300 0.000191 0.000139 0.000884 0.001037 0.001054 0.000880 0.000521 0.000590 0.000378 0.000524 0.000380 0.000308 0.000406 0.000208 0.000211 0.000315 0.000533 0.000441 0.000925 0.000460 0.000425 0.000361 0.000213 0.000370 0.001237 0.001227 0.000677 0.000596 0.000435 0.000330 0.000443 0.000371 0.000319 0.000265 0.000255 0.000220 0.000242 0.000313 0.000206 0.000193 0.000302 0.000331 0.000484 0.000585 0.000204 0.000201 0.000940 0.000973 0.000295 0.000241 0.000358 0.000397 0.001139 0.000331 0.000204 0.000273 0.010527 0.216024 0.072436 0.000287 0.000188
0.000209 0.000206 0.000876 0.000973 0.000448 0.000446 0.000452 0.000441 0.000509 0.000350 0.000421 0.000309 0.000192 0.000284 0.000313 0.000214 0.000237 0.000498 0.000379 0.000888 0.000417 0.000382 0.000331 0.000214 0.000362 0.000429 0.001253 0.000209 0.000209 0.000209 0.000198 0.000263 0.000294 0.000167 0.000167 0.000579 0.000347 0.000319 0.000463 0.000305 0.000206 0.000336 0.000389 0.000795 0.002483 0.000305 0.000201 0.000202 0.001993 0.000339 0.000218 0.000350 0.000403 0.002251 0.000282 0.000207 0.000320 0.159740 0.079274 0.000206 0.000203 0.000203
0.000574 0.001297 0.001015 0.000370 0.000372 0.000384 0.000408 0.000532 0.000389 0.000320 0.000209 0.000209 0.000205 0.000633 0.000400 0.000353 0.000318 0.000410 0.000343 0.000458 0.000374 0.000345 0.000287 0.000232 0.000365 0.000388 0.001288 0.000863 0.000360 0.000351 0.000315 0.000370 0.000204 0.000198 0.000291 0.000467 0.000441 0.000895 0.000746 0.000423 0.000209 0.000527 0.000706 0.000511 0.000444 0.000575 0.000708 0.000205 0.000206 0.000545 0.000210 0.000347 0.001555 0.000275 0.000139 0.000276 0.024875 0.286009 0.068731 0.001717 0.002492 0.002362
0.000693 0.000571 0.000625 0.000211 0.000214 0.000226 0.000432 0.000413 0.000320 0.000237 0.000319 0.000573 0.000715 0.001194 0.000948 0.000719 0.000213 0.000207 0.000279 0.000345 0.000325 0.000284 0.000139 0.000293 0.000365 0.000447 0.000973 0.000877 0.000963 0.000846 0.000710 0.000542 0.000206 0.000300 0.000359 0.000786 0.000519 0.000591 0.000245 0.000333 0.000292 0.000139 0.000191 0.000204 0.000205 0.000206 0.000788 0.000205 0.000299 0.000939 0.000737 0.000892 0.000282 0.000203 0.000187 0.005114 0.249574 0.139855 0.039828 0.002108 0.000533 0.000361
0.000334 0.000252 0.001012 0.000868 0.000723 0.000364 0.000550 0.000390 0.000210 0.000216 0.000902 0.000938 0.000692 0.000505 0.000468 0.000631 0.000948 0.000884 0.000662 0.000207 0.000208 0.000204 0.000347 0.000219 0.000307 0.000362 0.000398 0.000859 0.000371 0.000317 0.000265 0.000139 0.000284 0.000357 0.000408 0.002534 0.000620 0.000541 0.000365 0.000346 0.000579 0.000190 0.000302 0.000335 0.000341 0.000423 0.000898 0.000907 0.000236 0.002053 0.000323 0.000258 0.000139 0.000287 0.000321 0.120151 0.093980 0.000355 0.000239 0.000726 0.000653 0.000212
0.000474 0.000357 0.000567 0.000471 0.000572 0.000676 0.000342 0.000209 0.000210 0.000843 0.000896 0.000322 0.000189 0.000252 0.000232 0.000285 0.000434 0.000579 0.000588 0.000722 0.000400 0.000460 0.000850 0.000386 0.000197 0.000293 0.000332 0.000651 0.000299 0.000190 0.000139 0.000265 0.000349 0.000404 0.001936 0.000540 0.000667 0.000899 0.000535 0.000139 0.000660 0.000702 0.000783 0.000238 0.000346 0.000326 0.000250 0.001142 0.000604 0.000282 0.000187 0.000139 0.000266 0.000349 0.060191 0.111477 0.000365 0.000347 0.000326 0.000243 0.001050 0.001130
0.000346 0.000309 0.000424 0.000311 0.000448 0.000337 0.000293 0.000211 0.000312 0.000859 0.000223 0.000257 0.000361 0.000355 0.000468 0.000413 0.000437 0.000447 0.000482 0.000591 0.001118 0.000715 0.000355 0.000275 0.000167 0.000167 0.000199 0.000322 0.000207 0.000204 0.000282 0.000344 0.000437 0.000770 0.000357 0.000339 0.000283 0.000229 0.000204 0.000191 0.000201 0.000203 0.000538 0.000646 0.000251 0.000342 0.000360 0.001106 0.000266 0.000139 0.000272 0.000373 0.000320 0.054343 0.277328 0.058513 0.000216 0.000222 0.000253 0.000344 0.000314 0.000216
0.000211 0.000210 0.000205 0.000185 0.000240 0.000191 0.000139 0.000290 0.001110 0.001252 0.000917 0.000816 0.001091 0.000460 0.000481 0.000426 0.000368 0.000406 0.000378 0.000322 0.000450 0.000366 0.000286 0.000139 0.000283 0.000323 0.000344 0.000647 0.000306 0.000206 0.000327 0.000437 0.000357 0.001060 0.000207 0.000211 0.000223 0.000411 0.000305 0.000203 0.000290 0.000322 0.000468 0.001021 0.000806 0.000406 0.000412 0.001900 0.000139 0.000264 0.040814 0.276045 0.259490 0.175577 0.087048 0.000610 0.001212 0.001047 0.000314 0.000212 0.000221 0.000256
0.000433 0.000360 0.000346 0.000297 0.000401 0.000205 0.000289 0.001038 0.001143 0.000470 0.000514 0.000525 0.000640 0.001483 0.001113 0.000810 0.000494 0.000346 0.000315 0.000196 0.000276 0.000310 0.000204 0.000192 0.000326 0.000380 0.000407 0.000850 0.000339 0.000208 0.000342 0.000490 0.000390 0.000944 0.000348 0.000355 0.000354 0.000611 0.000341 0.000405 0.000614 0.000777 0.000759 0.000623 0.001028 0.000705 0.000807 0.000204 0.000190 0.073318 0.273627 0.072706 0.001645 0.000373 0.000582 0.000441 0.000227 0.001144 0.001286 0.000854 0.000944 0.000703
0.001225 0.000424 0.000411 0.000390 0.000379 0.000208 0.000964 0.001058 0.000431 0.000400 0.000533 0.000483 0.000373 0.000397 0.000574 0.000464 0.000362 0.000217 0.000243 0.000312 0.000399 0.000208 0.000208 0.000304 0.000369 0.000839 0.000527 0.000594 0.000770 0.000209 0.000407 0.000409 0.001241 0.001211 0.000735 0.000439 0.000457 0.000338 0.000139 0.000299 0.000233 0.000217 0.000211 0.000210 0.000213 0.001249 0.000663 0.000209 0.002937 0.242160 0.026580 0.000358 0.000459 0.000340 0.000480 0.000520 0.000263 0.000319 0.000959 0.000463 0.000424 0.000377
0.000734 0.001116 0.001071 0.001148 0.000938 0.001527 0.001153 0.000392 0.000383 0.000414 0.000386 0.000578 0.000495 0.000388 0.000444 0.000532 0.000677 0.000789 0.000711 0.000512 0.000439 0.000208 0.000360 0.000386 0.000413 0.000850 0.000358 0.000139 0.000449 0.000372 0.000444 0.001192 0.001207 0.000374 0.000506 0.000607 0.000315 0.000246 0.000293 0.000364 0.000362 0.000383 0.000360 0.000414 0.000351 0.000830 0.000345 0.000208 0.113079 0.071726 0.000367 0.000350 0.000330 0.000313 0.000241 0.000675 0.000364 0.000209 0.000772 0.000422 0.000391 0.000326
0.000451 0.000399 0.000256 0.000710 0.000423 0.000548 0.000733 0.000602 0.000511 0.000332 0.000322 0.000448 0.000329 0.000207 0.000287 0.000361 0.000348 0.000316 0.000386 0.000349 0.000340 0.000309 0.000216 0.000372 0.000693 0.002654 0.000360 0.000184 0.000382 0.000420 0.002053 0.001101 0.000307 0.000211 0.000210 0.000214 0.000242 0.000326 0.000406 0.000630 0.000250 0.000313 0.000492 0.000496 0.000546 0.071509 0.049646 0.115502 0.123966 0.001694 0.000213 0.000211 0.000217 0.000247 0.000338 0.000493 0.000355 0.000208 0.000601 0.000370 0.000360 0.000244
0.000456 0.000433 0.000365 0.000466 0.000219 0.000365 0.000934 0.000448 0.000419 0.000400 0.000191 0.000261 0.000264 0.000359 0.000332 0.000208 0.000202 0.000188 0.000139 0.000337 0.000387 0.000661 0.000403 0.000368 0.000341 0.000341 0.001504 0.000313 0.000265 0.000828 0.000683 0.000314 0.000254 0.000348 0.000335 0.000289 0.000400 0.000250 0.000346 0.000577 0.000363 0.000410 0.000502 0.000341 0.000371 0.157430 0.130475 0.066264 0.011526 0.001921 0.001000 0.000777 0.000386 0.000425 0.000505 0.000395 0.000335 0.000207 0.000308 0.000241 0.000335 0.000216
0.000436 0.000429 0.000413 0.000375 0.000248 0.000352 0.000760 0.000410 0.000336 0.000249 0.000339 0.000551 0.000556 0.000519 0.000402 0.000355 0.000336 0.000295 0.000189 0.000345 0.000404 0.000834 0.000304 0.000139 0.000191 0.000199 0.000207 0.000542 0.000363 0.000888 0.000208 0.000206 0.000219 0.000594 0.000355 0.000232 0.000756 0.000251 0.000371 0.000515 0.000474 0.000474 0.002284 0.094500 0.197406 0.190988 0.002169 0.000416 0.000411 0.000401 0.000850 0.000828 0.000903 0.000737 0.000383 0.000350 0.000287 0.000205 0.000206 0.000319 0.000469 0.000329
0.000370 0.000366 0.000364 0.000374 0.000345 0.000299 0.000445 0.000378 0.000249 0.000341 0.000530 0.000483 0.000384 0.000402 0.000444 0.000420 0.000416 0.000431 0.000368 0.000278 0.000392 0.001015 0.000355 0.000269 0.000200 0.000285 0.000415 0.000436 0.001190 0.001252 0.000919 0.000882 0.001120 0.000937 0.000609 0.000544 0.000436 0.000194 0.000412 0.000724 0.000731 0.034924 0.190868 0.118980 0.046666 0.013753 0.000475 0.000363 0.000348 0.000234 0.000682 0.000412 0.000361 0.000407 0.000317 0.000268 0.000139 0.000190 0.000362 0.000406 0.000708 0.000727
