001_floodsim/sample_code/hipims_case/output/h_3600.asc
ncols 269
nrows 269
xllcorner 0.000000
yllcorner 0.000000
cellsize 10.000000
NODATA_value -9999.000000
[rows 140 to 167 of 269, columns 62 to 123 of 269]
0.000209 0.000204 0.000184 0.000246 0.000206 0.000192 0.000139 0.000367 0.000405 0.000453 0.000506 0.000467 0.000408 0.000562 0.000500 0.000538 0.000472 0.000364 0.000317 0.000203 0.000428 0.001169 0.000399 0.000327 0.000205 0.000326 0.000325 0.000432 0.002469 0.000413 0.000384 0.000402 0.000319 0.000290 0.000227 0.000459 0.000378 0.000207 0.000309 0.000237 0.000386 0.096098 0.073248 0.000341 0.000211 0.000710 0.000556 0.000254 0.000340 0.000315 0.000440 0.000355 0.000340 0.000305 0.000189 0.000139 0.000270 0.000319 0.000621 0.000209 0.000205 0.000398
0.000360 0.000346 0.000305 0.000439 0.000312 0.000206 0.000291 0.001038 0.001084 0.001067 0.001034 0.000967 0.000821 0.000722 0.000636 0.000343 0.000246 0.000384 0.000403 0.000360 0.000371 0.000847 0.000963 0.000364 0.000211 0.000358 0.000391 0.001652 0.000359 0.000322 0.000368 0.000202 0.000189 0.000139 0.000276 0.000645 0.000254 0.000312 0.000367 0.000363 0.000419 0.087680 0.000349 0.000315 0.000218 0.000355 0.001173 0.000647 0.000205 0.000194 0.000239 0.000212 0.000217 0.000236 0.000298 0.000189 0.000320 0.000373 0.000910 0.000206 0.000295 0.000383
0.000423 0.000399 0.000631 0.000706 0.000418 0.000210 0.000783 0.001414 0.000403 0.000352 0.000308 0.000388 0.000185 0.000259 0.000278 0.000369 0.000362 0.000419 0.000448 0.000655 0.000264 0.000404 0.001223 0.000374 0.000214 0.000374 0.001492 0.000322 0.000209 0.000199 0.000268 0.000302 0.000200 0.000277 0.000389 0.000811 0.000305 0.000449 0.000264 0.000422 0.000529 0.085151 0.000212 0.000220 0.000250 0.000349 0.000580 0.000602 0.000901 0.000334 0.000413 0.000358 0.000342 0.000319 0.000236 0.000309 0.000373 0.000416 0.000779 0.000206 0.000326 0.001081
0.000643 0.001050 0.000693 0.000210 0.000218 0.000314 0.000899 0.000405 0.000328 0.000214 0.000219 0.000241 0.000312 0.000223 0.000325 0.000396 0.000422 0.000788 0.000508 0.000542 0.000338 0.000261 0.000571 0.000475 0.000886 0.000473 0.000219 0.000243 0.000309 0.000417 0.000333 0.000232 0.000309 0.000361 0.000378 0.000625 0.000808 0.000457 0.000337 0.000231 0.000793 0.082485 0.000365 0.000351 0.000304 0.000269 0.000294 0.000189 0.001032 0.001054 0.001014 0.000891 0.000757 0.000357 0.000249 0.000412 0.000474 0.000852 0.000433 0.000355 0.002360 0.001076
0.000391 0.000210 0.000209 0.000210 0.000316 0.000980 0.000976 0.000355 0.000252 0.000348 0.000306 0.000457 0.000348 0.000212 0.000340 0.000420 0.000475 0.001031 0.000505 0.000477 0.000360 0.000221 0.000430 0.000814 0.000522 0.000348 0.000306 0.000462 0.000391 0.000391 0.000247 0.000324 0.000476 0.000363 0.000429 0.000937 0.000622 0.000419 0.000253 0.000331 0.030023 0.038229 0.000847 0.000449 0.000441 0.000370 0.000186 0.000139 0.000376 0.000401 0.000393 0.000373 0.000548 0.000571 0.000191 0.000320 0.000373 0.000549 0.000495 0.001796 0.000385 0.000342
0.000496 0.000344 0.000312 0.000210 0.002048 0.001011 0.000362 0.000296 0.000221 0.000362 0.000390 0.000695 0.000252 0.000320 0.000384 0.000449 0.002604 0.001282 0.000829 0.000472 0.000407 0.000331 0.000274 0.000910 0.000439 0.000248 0.001498 0.000518 0.000427 0.000381 0.000222 0.000362 0.000858 0.001019 0.001813 0.002289 0.000854 0.000425 0.000325 0.007587 0.016114 0.000537 0.000661 0.000932 0.000367 0.000411 0.000568 0.000676 0.000952 0.000556 0.000515 0.000458 0.000335 0.000211 0.000308 0.000432 0.000510 0.000640 0.001275 0.000350 0.000316 0.000266
0.001507 0.001013 0.000891 0.000690 0.000421 0.000355 0.000272 0.000139 0.000297 0.000389 0.000429 0.000830 0.000221 0.000351 0.000412 0.000805 0.000395 0.000258 0.000330 0.002468 0.001352 0.001006 0.001016 0.001765 0.000875 0.000631 0.000396 0.000710 0.002598 0.001169 0.001214 0.000807 0.000445 0.000398 0.000322 0.000238 0.000330 0.001946 0.000458 0.000561 0.000427 0.000430 0.000448 0.000850 0.001171 0.001066 0.000907 0.000578 0.000404 0.000383 0.000343 0.000325 0.000288 0.000206 0.000341 0.000364 0.000377 0.000435 0.000883 0.000200 0.000190 0.000139
0.000474 0.000432 0.000421 0.000399 0.000386 0.000272 0.000139 0.000271 0.000360 0.000492 0.000485 0.000930 0.000213 0.000365 0.000431 0.002133 0.000410 0.000363 0.000219 0.000359 0.000917 0.000372 0.000606 0.000409 0.000339 0.000304 0.000728 0.000281 0.000372 0.000363 0.000963 0.000446 0.000409 0.000342 0.000214 0.000315 0.000243 0.000637 0.000317 0.000426 0.000360 0.000362 0.000370 0.000365 0.000557 0.000429 0.000405 0.000375 0.000342 0.000314 0.000204 0.000191 0.000139 0.000190 0.000344 0.000400 0.000432 0.000472 0.007750 0.000292 0.000198 0.000275
0.000463 0.000363 0.000347 0.000296 0.000367 0.000139 0.000273 0.000353 0.000408 0.000404 0.000470 0.000787 0.000386 0.000421 0.000816 0.000472 0.000383 0.000357 0.000240 0.000334 0.000788 0.000323 0.000534 0.000377 0.000238 0.000525 0.000974 0.000591 0.000320 0.000202 0.000843 0.000397 0.000367 0.000285 0.000226 0.000209 0.001830 0.000325 0.000211 0.000212 0.000214 0.000222 0.000251 0.000333 0.000428 0.000346 0.000323 0.000285 0.000216 0.000251 0.000516 0.000549 0.000277 0.000321 0.000375 0.000429 0.020095 0.225845 0.169789 0.026376 0.020082 0.083771
0.000250 0.000212 0.000212 0.000210 0.000205 0.000192 0.000332 0.000401 0.000444 0.000465 0.000489 0.000727 0.000410 0.000447 0.002304 0.000521 0.000578 0.000579 0.000451 0.000264 0.000624 0.000396 0.000684 0.000383 0.000329 0.000747 0.000272 0.000668 0.000395 0.000295 0.001211 0.000522 0.000517 0.000251 0.000433 0.000690 0.000918 0.000247 0.000317 0.000420 0.000318 0.000425 0.000325 0.000214 0.000209 0.000202 0.000188 0.000139 0.000782 0.000793 0.000676 0.000267 0.000139 0.000317 0.000455 0.004536 0.226834 0.067150 0.029193 0.101056 0.099425 0.069920
0.000325 0.000462 0.000365 0.000349 0.000312 0.000206 0.000444 0.000745 0.000930 0.000687 0.000581 0.002104 0.000470 0.001828 0.000493 0.000443 0.000380 0.000515 0.000405 0.000375 0.000313 0.000238 0.000506 0.000351 0.000598 0.001044 0.000393 0.000382 0.000214 0.000375 0.000885 0.000333 0.000516 0.000233 0.000340 0.000434 0.000514 0.001964 0.000743 0.000390 0.000526 0.000448 0.000389 0.000339 0.000299 0.000410 0.000367 0.000639 0.000826 0.000330 0.000281 0.000139 0.000265 0.000349 0.000388 0.066051 0.036123 0.000358 0.000380 0.000254 0.000319 0.000947
0.000361 0.000587 0.000464 0.000494 0.000349 0.000210 0.000311 0.000344 0.000388 0.000828 0.001094 0.000413 0.000441 0.000390 0.000500 0.000430 0.000355 0.000419 0.000339 0.000300 0.000190 0.000303 0.000467 0.000344 0.001197 0.000493 0.000493 0.000382 0.000215 0.000370 0.000746 0.000279 0.000477 0.000314 0.000546 0.000462 0.000552 0.000403 0.000461 0.002450 0.000972 0.001509 0.000705 0.000414 0.000375 0.000582 0.000577 0.000553 0.000207 0.000205 0.000202 0.000191 0.000302 0.000385 0.000446 0.086161 0.000484 0.000443 0.000374 0.000337 0.000208 0.000757
0.000478 0.000853 0.000544 0.000383 0.000399 0.000325 0.000240 0.000216 0.000319 0.000348 0.002256 0.000280 0.000422 0.000409 0.000351 0.000420 0.000339 0.000209 0.000205 0.000191 0.000139 0.000192 0.000344 0.000532 0.000832 0.000431 0.000364 0.000523 0.000219 0.000352 0.000871 0.000271 0.000358 0.000568 0.000563 0.000330 0.000396 0.000431 0.000455 0.000788 0.000452 0.000626 0.000208 0.000711 0.001686 0.000612 0.000394 0.000418 0.000330 0.000295 0.000205 0.000294 0.000358 0.000422 0.002016 0.001097 0.000372 0.000250 0.000336 0.000310 0.000214 0.000477
0.000233 0.000675 0.000412 0.000444 0.000426 0.000357 0.000218 0.000319 0.000241 0.000216 0.000522 0.000653 0.000338 0.000353 0.000319 0.000197 0.000294 0.000362 0.000343 0.000303 0.000191 0.000684 0.000586 0.000469 0.000438 0.000394 0.000349 0.000361 0.000249 0.000324 0.000485 0.000319 0.000476 0.001109 0.000357 0.000209 0.000351 0.000405 0.000419 0.000487 0.001200 0.000341 0.000191 0.000363 0.001574 0.000412 0.000405 0.000551 0.000459 0.000321 0.000205 0.000323 0.000404 0.002155 0.000503 0.000579 0.000706 0.000641 0.000206 0.000209 0.000222 0.000633
0.000215 0.000825 0.000459 0.000448 0.000385 0.000494 0.000325 0.000243 0.000330 0.000349 0.000828 0.000395 0.000411 0.000218 0.000242 0.000320 0.000505 0.000446 0.000473 0.000564 0.001180 0.000954 0.000451 0.000424 0.000394 0.000339 0.000207 0.000341 0.000357 0.000253 0.000420 0.000476 0.000411 0.000654 0.000354 0.000210 0.000312 0.000361 0.000596 0.000519 0.000994 0.000539 0.000251 0.000367 0.000434 0.001861 0.000491 0.000541 0.000327 0.000247 0.000312 0.000381 0.000441 0.000745 0.000407 0.000439 0.000548 0.000566 0.000749 0.000637 0.000390 0.000486
0.000212 0.000555 0.000840 0.000471 0.000452 0.000462 0.000356 0.000220 0.000352 0.000397 0.001289 0.000223 0.000253 0.000351 0.000330 0.000237 0.002130 0.000924 0.001255 0.000854 0.000414 0.000489 0.000400 0.000385 0.000361 0.000305 0.000208 0.000307 0.000533 0.000557 0.000514 0.000251 0.000220 0.000212 0.000329 0.000211 0.000370 0.000479 0.000591 0.000417 0.000751 0.000631 0.000258 0.000330 0.000402 0.000454 0.001105 0.000372 0.000352 0.000224 0.000355 0.000430 0.000738 0.000225 0.000248 0.000415 0.000357 0.000347 0.000336 0.000319 0.000274 0.000376
0.000213 0.000438 0.000626 0.000534 0.000832 0.000450 0.000364 0.000213 0.000431 0.000684 0.000986 0.000386 0.000436 0.000555 0.001112 0.000754 0.000442 0.000412 0.000358 0.000466 0.000400 0.000354 0.000342 0.000322 0.000288 0.000204 0.000206 0.000208 0.000211 0.000241 0.000190 0.000314 0.000344 0.000359 0.000636 0.000219 0.000249 0.000315 0.000398 0.000436 0.000585 0.001353 0.000368 0.000238 0.000360 0.000426 0.001873 0.000380 0.000253 0.000330 0.002143 0.001009 0.000918 0.000363 0.000326 0.000214 0.000209 0.000206 0.000202 0.000190 0.000139 0.000191
0.000610 0.000980 0.001067 0.001082 0.001312 0.000447 0.000367 0.000211 0.000315 0.000236 0.001303 0.000975 0.000830 0.000957 0.000382 0.000517 0.000409 0.000371 0.000364 0.000511 0.000314 0.000209 0.000202 0.000187 0.000139 0.000191 0.000302 0.000400 0.000326 0.000365 0.000354 0.000384 0.000417 0.001254 0.000873 0.000548 0.000337 0.000206 0.000355 0.000492 0.000462 0.000988 0.000520 0.000304 0.000324 0.000392 0.000447 0.002343 0.001103 0.001101 0.000412 0.000266 0.000340 0.001936 0.000726 0.000370 0.000352 0.000330 0.000319 0.000290 0.000186 0.000286
0.000356 0.000584 0.000191 0.000302 0.002379 0.000474 0.000443 0.000243 0.000358 0.000364 0.002455 0.000422 0.000393 0.000354 0.000323 0.000424 0.000342 0.000214 0.000215 0.000221 0.000238 0.000409 0.000348 0.000333 0.000325 0.000203 0.000335 0.000468 0.000367 0.000409 0.000423 0.000444 0.001107 0.000590 0.000220 0.000238 0.000305 0.000204 0.000358 0.000428 0.000347 0.000712 0.000506 0.000610 0.000211 0.000347 0.000401 0.000425 0.000474 0.001076 0.000462 0.000405 0.000252 0.000344 0.000405 0.001762 0.000423 0.000386 0.000340 0.000233 0.000296 0.000353
0.000245 0.000244 0.000139 0.000190 0.000322 0.000692 0.000231 0.000285 0.000382 0.001657 0.000401 0.000349 0.000317 0.000211 0.000209 0.000200 0.000297 0.000376 0.000378 0.000395 0.000323 0.000540 0.000426 0.000418 0.000296 0.000208 0.000345 0.000434 0.000429 0.000451 0.000530 0.000593 0.000967 0.000444 0.000409 0.000310 0.000206 0.000206 0.000374 0.000222 0.000350 0.000360 0.000416 0.000769 0.000213 0.000310 0.000366 0.000367 0.000498 0.000970 0.000506 0.000775 0.000342 0.000266 0.000329 0.000410 0.025469 0.002966 0.000365 0.000220 0.003792 0.004851
0.000139 0.000308 0.000329 0.000351 0.000254 0.000964 0.000543 0.000525 0.001064 0.000360 0.000327 0.000218 0.000231 0.000415 0.000354 0.000329 0.000480 0.000412 0.000364 0.000219 0.000344 0.000827 0.000495 0.000366 0.000344 0.000207 0.000350 0.000421 0.000508 0.000748 0.000253 0.000367 0.002225 0.000409 0.000526 0.000384 0.000330 0.000285 0.000213 0.000269 0.000334 0.000263 0.000388 0.000607 0.000225 0.000344 0.000345 0.000253 0.000672 0.000730 0.000207 0.001083 0.000490 0.000357 0.000214 0.000364 0.000438 0.003109 0.003508 0.003612 0.003256 0.000313
0.000192 0.000429 0.000338 0.000400 0.000454 0.000231 0.000332 0.000375 0.000776 0.000224 0.000262 0.000376 0.000623 0.000539 0.000411 0.000372 0.000550 0.000423 0.000365 0.000214 0.000360 0.001100 0.000361 0.000267 0.000374 0.000551 0.000259 0.000401 0.000418 0.000851 0.000221 0.001578 0.000527 0.000882 0.001552 0.001091 0.000401 0.000348 0.000389 0.000333 0.000253 0.000376 0.000384 0.000334 0.000267 0.000220 0.000208 0.000718 0.001658 0.000394 0.000297 0.001121 0.000398 0.000332 0.000218 0.000338 0.000410 0.000473 0.000492 0.037467 0.001361 0.000227
0.000206 0.000384 1.442685 1.664766 1.754544 1.759154 1.999562 2.198363 2.216809 1.966521 0.000381 0.000395 0.000346 0.000484 0.000455 0.000443 0.000581 0.000396 0.000259 0.000323 0.000750 0.000615 0.000372 0.000227 0.000382 0.000807 0.000349 0.000279 0.000561 0.002302 0.000720 0.000422 0.000190 0.000139 0.000352 0.001138 0.001250 0.000662 0.000945 0.000806 0.000641 0.000429 0.000312 0.000250 0.000388 0.000674 0.000782 0.000704 0.000989 0.000216 0.000381 0.001169 0.000369 0.000308 0.000237 0.000307 0.000379 0.000437 0.000452 0.000530 0.015334 0.000401
0.893777 1.843350 2.255801 2.237981 2.204631 2.216836 2.226667 2.205664 2.178699 2.087402 2.016340 1.563292 1.357816 1.176336 0.000451 0.000411 0.000513 0.000429 0.000224 0.000355 0.001134 0.000909 0.000610 0.000962 0.001728 0.001276 0.000909 0.001311 0.000960 0.000462 0.000477 0.000560 0.001258 0.000679 0.000376 0.000216 0.001156 0.001183 0.000360 0.000346 0.000325 0.000287 0.000189 0.000344 0.000396 0.000448 0.000392 0.000650 0.000707 0.000233 0.000400 0.001043 0.000516 0.000230 0.000303 0.000209 0.000330 0.000389 0.000368 0.000543 0.000507 0.002549
1.922174 2.239630 2.290532 2.267490 2.234139 2.211232 2.169651 2.085013 1.991765 1.962549 2.020667 1.877946 1.609714 1.559143 1.631917 1.397619 0.000483 0.000239 0.000322 0.002396 0.001264 0.000655 0.001118 0.000466 0.000521 0.000455 0.000423 0.000379 0.000679 0.000431 0.000401 0.000284 0.000703 0.000451 0.000494 0.000213 0.000397 0.001105 0.000209 0.000206 0.000201 0.000188 0.000139 0.000315 0.000549 0.000334 0.000391 0.000876 0.000329 0.000304 0.000553 0.000782 0.000554 0.000847 0.000207 0.000209 0.000420 0.000414 0.000469 0.000452 0.000642 0.000474
2.225281 2.196827 2.259628 2.198736 2.100113 2.001429 1.972119 1.851094 1.659909 1.561994 1.850998 1.979534 1.919902 1.894069 1.745952 1.447409 0.000248 0.000797 0.000754 0.000496 0.000448 0.000431 0.000421 0.000386 0.000575 0.000436 0.000389 0.000258 0.000748 0.000702 0.000415 0.000433 0.000418 0.000350 0.000486 0.000211 0.000421 0.001107 0.001109 0.000404 0.000468 0.000403 0.000473 0.000531 0.000298 0.000241 0.000359 0.000744 0.000222 0.000480 0.000658 0.000320 0.000202 0.000835 0.000542 0.000209 0.000312 0.000401 0.000356 0.000387 0.000817 0.000226
2.194294 1.918715 0.000361 0.000519 0.000342 0.000217 0.000834 0.000387 0.000325 0.000222 1.539878 1.809870 1.846679 2.009117 2.135528 2.011316 0.000569 0.000856 0.000350 0.000520 0.000412 0.000373 0.000378 0.000373 0.000557 0.000427 0.000409 0.000368 0.000221 0.000797 0.000506 0.000375 0.000418 0.000363 0.000448 0.000212 0.000485 0.000343 0.001235 0.000850 0.000380 0.000451 0.000204 0.000191 0.000139 0.000309 0.000337 0.000591 0.000246 0.000846 0.000318 0.000285 0.000203 0.000585 0.000304 0.000211 0.000245 0.000275 0.000326 0.000456 0.000657 0.000255
0.000622 0.000472 0.000321 0.000445 0.000289 0.000244 0.000768 0.000330 0.000252 0.000370 0.000411 0.000623 0.000388 1.850226 1.920665 2.126508 2.193079 0.000216 0.000228 0.000413 0.000342 0.000221 0.000249 0.000324 0.000439 0.000384 0.000375 0.000382 0.000402 0.000535 0.000438 0.000458 0.000431 0.000414 0.000364 0.000219 0.000458 0.000318 0.000870 0.000782 0.000404 0.000347 0.000343 0.000299 0.000376 0.000263 0.000204 0.000286 0.000327 0.000551 0.000188 0.000139 0.000190 0.000365 0.000219 0.000214 0.000534 0.000204 0.000191 0.000361 0.000335 0.000477
