001_floodsim/sample_code/hipims_case/output/h_5400.asc
ncols 269
nrows 269
xllcorner 0.000000
yllcorner 0.000000
cellsize 10.000000
NODATA_value -9999.000000
[rows 84 to 111 of 269, columns 186 to 247 of 269]
0.228233 0.187758 0.208456 0.250113 0.264339 0.203465 0.123367 0.010796 0.000623 0.000245 0.002859 0.119040 0.227374 0.210400 0.178370 0.150807 0.116960 0.112080 0.134474 0.138094 0.119893 0.020208 0.000668 0.000531 0.000306 0.000368 0.000473 0.000907 0.018955 0.000567 0.000440 0.000255 0.001067 0.011064 0.011079 0.010526 0.000391 0.000308 0.000218 0.000335 0.000422 0.000513 0.000611 0.009459 0.009788 0.000521 0.000555 0.000602 0.000546 0.000473 0.000562 0.000410 0.000368 0.000450 0.000216 0.000200 0.000286 0.000293 0.000201 0.000313 0.000340 0.000210
0.369573 0.379692 0.365949 0.311566 0.234536 0.122216 0.017485 0.000837 0.000417 0.000262 0.000353 0.000479 0.039203 0.183431 0.198591 0.210092 0.176401 0.147203 0.079663 0.086411 0.134407 0.126652 0.019330 0.000511 0.000257 0.000430 0.053968 0.083205 0.027645 0.003177 0.005012 0.007752 0.015768 0.011266 0.000526 0.000409 0.000281 0.000140 0.000310 0.000418 0.000506 0.001274 0.137406 0.044948 0.006154 0.000252 0.000287 0.000512 0.000447 0.000421 0.000373 0.000231 0.000247 0.000292 0.000402 0.000625 0.000570 0.000420 0.000341 0.000515 0.000261 0.000356
0.329124 0.315241 0.264554 0.191340 0.081945 0.005958 0.001871 0.000869 0.000384 0.000337 0.000220 0.000415 0.000568 0.004556 0.000267 0.054389 0.090724 0.003547 0.000419 0.000221 0.037441 0.146850 0.162077 0.139795 0.148995 0.189684 0.188462 0.163639 0.085917 0.011973 0.010625 0.007962 0.000622 0.000533 0.000453 0.000344 0.000140 0.000283 0.000393 0.000492 0.110260 0.370457 0.117225 0.011376 0.027275 0.014738 0.000360 0.000204 0.000258 0.000248 0.000292 0.000403 0.000358 0.000242 0.001538 0.000761 0.000488 0.000507 0.000414 0.000634 0.000234 0.000405
0.126114 0.148119 0.081477 0.004847 0.002378 0.001597 0.001201 0.001108 0.000218 0.000218 0.000220 0.000382 0.000523 0.002684 0.000230 0.000503 0.007874 0.001114 0.000381 0.000217 0.000377 0.001132 0.092833 0.128365 0.120844 0.110302 0.133973 0.158437 0.084946 0.000610 0.000592 0.000568 0.000532 0.000452 0.000622 0.000306 0.000194 0.000346 0.017104 0.390444 0.175502 0.000897 0.000483 0.000256 0.000422 0.015204 0.014336 0.000451 0.000465 0.000463 0.000475 0.000478 0.000399 0.000227 0.001385 0.000619 0.000616 0.000585 0.000500 0.000396 0.000417 0.000499
0.005497 0.003656 0.001203 0.001432 0.001301 0.001437 0.001067 0.001548 0.003177 0.000905 0.000356 0.000505 0.000702 0.002451 0.000245 0.000545 0.004247 0.001600 0.000331 0.000216 0.000326 0.000402 0.000491 0.001426 0.000450 0.000372 0.000647 0.144579 0.070026 0.000451 0.000451 0.000450 0.000431 0.000349 0.000280 0.000140 0.000294 0.049515 0.321645 0.022974 0.000685 0.000817 0.000481 0.000311 0.000371 0.000436 0.037511 0.000781 0.000582 0.000566 0.000514 0.000765 0.000612 0.000689 0.001453 0.000743 0.000704 0.000669 0.000338 0.000467 0.000531 0.001919
0.003852 0.000649 0.000641 0.001370 0.001663 0.000927 0.000570 0.000259 0.001749 0.000545 0.000428 0.000256 0.000537 0.002024 0.000273 0.000626 0.003398 0.002341 0.000217 0.000218 0.000210 0.000301 0.000401 0.001003 0.000335 0.000578 0.000715 0.110133 0.032778 0.000228 0.000237 0.000262 0.000327 0.000194 0.000140 0.000275 0.046462 0.481047 0.003492 0.001050 0.000734 0.001071 0.000676 0.000440 0.000198 0.000517 0.014743 0.003205 0.005268 0.008585 0.020893 0.012630 0.003117 0.004754 0.009930 0.000772 0.000656 0.000458 0.000267 0.000478 0.002701 0.002337
0.003327 0.000489 0.000244 0.000429 0.002956 0.000607 0.000467 0.000262 0.001374 0.000478 0.000372 0.000307 0.000564 0.002369 0.000492 0.000720 0.001774 0.004537 0.001769 0.000326 0.000194 0.000140 0.000312 0.000631 0.000511 0.000645 0.000755 0.000924 0.098516 0.000389 0.000480 0.000352 0.000215 0.000211 0.000297 0.029155 0.365396 0.001598 0.000684 0.001035 0.000999 0.000629 0.000553 0.000437 0.000248 0.000421 0.013220 0.188453 0.018968 0.010110 0.002665 0.056397 0.012446 0.010156 0.006954 0.014053 0.010423 0.000893 0.001157 0.002592 0.003123 0.000613
0.002796 0.000511 0.000281 0.000395 0.002011 0.000803 0.000625 0.000319 0.001019 0.000405 0.000219 0.000425 0.000835 0.001394 0.000696 0.001128 0.002348 0.001600 0.001549 0.003177 0.001165 0.000733 0.000206 0.000469 0.000542 0.000616 0.000725 0.000883 0.065102 0.049184 0.000524 0.000425 0.000330 0.000214 0.028298 0.028975 0.000589 0.000585 0.000591 0.000568 0.000875 0.000542 0.000514 0.000402 0.000211 0.000390 0.000507 0.001815 0.000554 0.000434 0.000220 0.000422 0.003094 0.002373 0.000374 0.000214 0.016797 0.010207 0.003704 0.004578 0.000680 0.000598
0.003205 0.000539 0.000369 0.000301 0.001551 0.000626 0.000552 0.000453 0.000647 0.000381 0.000218 0.000404 0.000810 0.000531 0.001560 0.001056 0.000835 0.001476 0.000373 0.001399 0.000542 0.000434 0.000281 0.000479 0.000783 0.000944 0.001069 0.000889 0.000784 0.068691 0.170003 0.046303 0.065623 0.074968 0.035847 0.000444 0.000455 0.000450 0.000460 0.000461 0.000749 0.000675 0.000459 0.000366 0.000194 0.000364 0.000456 0.001383 0.000519 0.000432 0.000221 0.000410 0.001478 0.004741 0.000513 0.000196 0.000430 0.008276 0.000454 0.001002 0.000606 0.000546
0.002038 0.000538 0.000415 0.000220 0.001186 0.000555 0.000493 0.000398 0.000487 0.000337 0.000217 0.000372 0.000678 0.000475 0.001874 0.000328 0.000446 0.000891 0.000563 0.000972 0.000479 0.000382 0.000276 0.000712 0.000642 0.000618 0.000716 0.000527 0.000522 0.003419 0.007365 0.000444 0.000223 0.017439 0.017546 0.000202 0.000253 0.000230 0.000245 0.000285 0.000372 0.000503 0.000375 0.000310 0.000140 0.000314 0.000379 0.000948 0.000452 0.000428 0.000220 0.000368 0.002947 0.002776 0.000392 0.000259 0.000409 0.012096 0.002550 0.000991 0.000494 0.000752
0.001461 0.000493 0.000385 0.000219 0.000807 0.000455 0.000408 0.000356 0.000220 0.000217 0.000212 0.000308 0.000512 0.000425 0.001588 0.000486 0.000376 0.000209 0.000443 0.000920 0.000408 0.000279 0.000512 0.000693 0.000439 0.000448 0.000441 0.000443 0.000313 0.005553 0.005646 0.000429 0.000222 0.000415 0.027311 0.006066 0.000439 0.000389 0.000489 0.000365 0.000220 0.000220 0.000218 0.000213 0.000197 0.000213 0.000219 0.000390 0.000292 0.000418 0.000216 0.000523 0.003897 0.000617 0.000524 0.000221 0.000561 0.006946 0.002038 0.001971 0.000228 0.000229
0.000981 0.000425 0.000329 0.000217 0.000294 0.000296 0.000234 0.000251 0.000480 0.000332 0.000195 0.000140 0.000283 0.000402 0.001225 0.000428 0.000320 0.000194 0.000459 0.000414 0.000338 0.000385 0.000409 0.000501 0.000266 0.000240 0.000228 0.000224 0.000379 0.011325 0.000675 0.000392 0.000223 0.000389 0.025181 0.497233 0.011700 0.000556 0.000551 0.000474 0.000409 0.000385 0.000336 0.000216 0.000330 0.000837 0.000482 0.000506 0.000434 0.000377 0.000200 0.000385 0.003004 0.000537 0.000390 0.000216 0.000440 0.006025 0.001894 0.002551 0.004131 0.000431
0.000477 0.000325 0.000196 0.000213 0.000372 0.000687 0.000755 0.000508 0.000546 0.000444 0.000358 0.000286 0.000140 0.000310 0.000804 0.000347 0.000195 0.000140 0.000195 0.000213 0.000260 0.000192 0.000213 0.000218 0.000354 0.000474 0.000380 0.000420 0.054855 0.008007 0.000662 0.000515 0.000224 0.000337 0.012786 0.021786 0.009098 0.013805 0.013511 0.000570 0.000507 0.000761 0.000698 0.000876 0.001210 0.002543 0.002721 0.001783 0.001122 0.000574 0.000274 0.000560 0.004043 0.000812 0.000548 0.000199 0.000659 0.005214 0.001804 0.001841 0.002816 0.005715
0.000213 0.000196 0.000140 0.000310 0.000437 0.000644 0.001422 0.000605 0.000529 0.000698 0.000468 0.000396 0.000304 0.000198 0.000275 0.000257 0.000325 0.000195 0.000323 0.000381 0.000533 0.000360 0.000401 0.000416 0.000468 0.000546 0.000554 0.067641 0.007703 0.000542 0.000658 0.000414 0.000219 0.000217 0.021567 0.000447 0.000354 0.000263 0.111778 0.005524 0.004990 0.006769 0.004495 0.004098 0.003495 0.002740 0.001355 0.000873 0.000540 0.000418 0.000254 0.000420 0.002233 0.000636 0.000464 0.000260 0.000652 0.004365 0.000769 0.000684 0.000290 0.002589
0.000379 0.000323 0.000195 0.000368 0.000484 0.000639 0.001957 0.000677 0.000593 0.000961 0.000678 0.000709 0.000584 0.000435 0.000451 0.000425 0.000384 0.000211 0.000384 0.000472 0.000582 0.000561 0.000566 0.000571 0.000594 0.000650 0.019779 0.007234 0.000784 0.000538 0.000447 0.000384 0.000331 0.000376 0.184830 0.000340 0.000219 0.000341 0.011568 0.000588 0.000589 0.000602 0.000593 0.000956 0.000698 0.000665 0.001083 0.001002 0.000870 0.000630 0.000302 0.000366 0.001800 0.000638 0.000457 0.000233 0.000798 0.003825 0.000696 0.000624 0.000388 0.000445
0.000465 0.000381 0.000211 0.000400 0.000520 0.000781 0.002634 0.000905 0.000989 0.001202 0.000868 0.000546 0.000507 0.000530 0.000469 0.000701 0.000468 0.000363 0.000285 0.000917 0.001444 0.001776 0.002023 0.002437 0.003240 0.009085 0.006620 0.000810 0.000867 0.000730 0.000515 0.000221 0.000405 0.000945 0.236560 0.000470 0.000219 0.000218 0.011749 0.000431 0.000432 0.000445 0.000449 0.000758 0.000590 0.000585 0.000556 0.000933 0.000616 0.000519 0.000415 0.000197 0.001362 0.000648 0.000443 0.000246 0.001027 0.004961 0.001035 0.000659 0.000611 0.000309
0.000519 0.000414 0.000217 0.000417 0.000546 0.000606 0.003690 0.001677 0.000962 0.000768 0.000587 0.000859 0.000711 0.000771 0.000883 0.001915 0.002175 0.001567 0.001085 0.000295 0.000393 0.000281 0.000241 0.000649 0.002154 0.004467 0.000718 0.000609 0.000857 0.000563 0.000415 0.000220 0.000354 0.000515 0.059979 0.000328 0.000215 0.000732 0.011340 0.000223 0.000228 0.000244 0.000274 0.000535 0.000469 0.000469 0.000460 0.000701 0.000554 0.000457 0.000386 0.000239 0.000923 0.000670 0.000632 0.000434 0.002042 0.002667 0.000928 0.000913 0.000675 0.000421
0.000653 0.000431 0.000219 0.000426 0.000564 0.009024 0.014113 0.006860 0.009966 0.006746 0.006317 0.009587 0.001190 0.001491 0.001917 0.003662 0.000769 0.000627 0.000735 0.000405 0.000256 0.000878 0.001301 0.001368 0.002545 0.003083 0.000630 0.000519 0.000702 0.000547 0.000392 0.000220 0.000473 0.000504 0.029442 0.000209 0.000201 0.000410 0.017304 0.001774 0.000431 0.000410 0.000359 0.000205 0.000285 0.000297 0.000413 0.000364 0.000507 0.000366 0.000314 0.000192 0.000315 0.000567 0.000430 0.000597 0.002440 0.000826 0.000772 0.000712 0.001063 0.000568
0.000476 0.000307 0.000373 0.000490 0.009521 0.085959 0.000669 0.000608 0.000560 0.000634 0.000285 0.005410 0.061945 0.004855 0.002672 0.000816 0.000735 0.000684 0.000561 0.000323 0.000473 0.000536 0.000624 0.000776 0.003277 0.000892 0.000885 0.000699 0.000457 0.000538 0.000341 0.000220 0.000332 0.000378 0.018263 0.000369 0.000313 0.000378 0.010094 0.001688 0.003251 0.002230 0.001868 0.001461 0.001661 0.000368 0.000216 0.000198 0.000249 0.000211 0.000194 0.000140 0.000196 0.000340 0.000411 0.000574 0.001798 0.000716 0.000653 0.000555 0.000775 0.000491
0.000488 0.000256 0.000429 0.033517 0.010051 0.000674 0.000578 0.000480 0.000641 0.000471 0.000381 0.000211 0.000409 0.002715 0.001043 0.000738 0.000633 0.000672 0.000601 0.000467 0.000231 0.000431 0.000552 0.000767 0.002609 0.000715 0.000622 0.000525 0.000434 0.000338 0.000220 0.000220 0.000218 0.000217 0.017673 0.002253 0.000343 0.000219 0.012995 0.000251 0.000292 0.000562 0.000510 0.000553 0.000928 0.000970 0.000577 0.000418 0.000385 0.000492 0.000371 0.000319 0.000441 0.000242 0.000286 0.000565 0.001213 0.000641 0.000600 0.000504 0.000631 0.000401
0.011381 0.010619 0.016063 0.010437 0.000478 0.000611 0.000504 0.000423 0.000407 0.000391 0.000321 0.000194 0.000375 0.002034 0.001153 0.001219 0.000828 0.000594 0.000580 0.000470 0.000244 0.000413 0.000514 0.000819 0.001994 0.000624 0.000547 0.000445 0.000340 0.000220 0.000220 0.000342 0.000386 0.002207 0.021954 0.083779 0.000215 0.000218 0.009197 0.190564 0.002756 0.000220 0.000218 0.000207 0.000301 0.000322 0.000476 0.000529 0.000473 0.000750 0.000546 0.000548 0.000575 0.000553 0.000408 0.000642 0.000534 0.000562 0.000542 0.000509 0.000457 0.000375
0.001408 0.000535 0.000443 0.000628 0.000405 0.000317 0.000415 0.000214 0.000193 0.000248 0.000195 0.000140 0.000326 0.001274 0.000901 0.000999 0.001096 0.000866 0.000525 0.000479 0.000283 0.000362 0.000454 0.000934 0.001344 0.000525 0.000476 0.000367 0.000226 0.000221 0.000379 0.002968 0.004217 0.002122 0.001474 0.015421 0.000333 0.000220 0.000222 0.008043 0.310418 0.008908 0.000582 0.000721 0.000949 0.001932 0.002498 0.003968 0.009575 0.004717 0.000815 0.000893 0.000709 0.000354 0.000210 0.000291 0.000312 0.000437 0.000426 0.000408 0.000378 0.000324
0.000953 0.000432 0.000338 0.000465 0.000283 0.000140 0.000196 0.000744 0.000424 0.000419 0.000378 0.000329 0.000247 0.000456 0.000654 0.000728 0.000696 0.000684 0.000743 0.000476 0.000384 0.000211 0.000376 0.001196 0.000455 0.000407 0.000408 0.000287 0.000242 0.000347 0.002359 0.103541 0.000394 0.000219 0.000375 0.014379 0.014248 0.000338 0.000228 0.000384 0.000513 0.008667 0.009201 0.008639 0.007610 0.007357 0.006355 0.008306 0.002485 0.004056 0.063968 0.000601 0.000510 0.000478 0.000393 0.000519 0.000374 0.000221 0.000220 0.000217 0.000211 0.000195
0.000390 0.000324 0.000184 0.000238 0.000140 0.000281 0.000350 0.000638 0.001208 0.000548 0.000505 0.000442 0.000592 0.000510 0.000390 0.000621 0.000550 0.000450 0.000559 0.000397 0.000324 0.000196 0.000325 0.000815 0.000325 0.000194 0.000323 0.000391 0.000975 0.001484 0.002083 0.000838 0.000350 0.000221 0.000332 0.000432 0.445454 0.000388 0.000245 0.000301 0.000456 0.000578 0.000433 0.002317 0.000604 0.000550 0.000351 0.001008 0.000366 0.000196 0.005513 0.026701 0.003219 0.000707 0.000575 0.000577 0.000490 0.000434 0.000425 0.000409 0.000366 0.000501
0.000219 0.000215 0.000209 0.000341 0.000359 0.000413 0.002727 0.002684 0.003833 0.004993 0.003114 0.002699 0.003672 0.000873 0.001024 0.000532 0.000474 0.000390 0.000312 0.000257 0.000195 0.000140 0.000196 0.000336 0.000196 0.000140 0.000196 0.000510 0.000604 0.000590 0.000608 0.001074 0.000242 0.000228 0.000221 0.000363 0.046693 0.001460 0.001021 0.000600 0.000410 0.000219 0.000424 0.001915 0.000805 0.000548 0.000532 0.000599 0.000459 0.000241 0.000408 0.003419 0.002948 0.004443 0.003935 0.003343 0.002846 0.002110 0.001194 0.001335 0.001788 0.002144
0.000333 0.000217 0.000330 0.000421 0.000473 0.002604 0.002438 0.001829 0.000311 0.000432 0.000606 0.000313 0.001821 0.001303 0.000492 0.000413 0.000367 0.000231 0.000244 0.000465 0.000271 0.000256 0.000343 0.000828 0.000365 0.000307 0.000212 0.000354 0.000523 0.000383 0.000471 0.000587 0.000287 0.000376 0.000412 0.000297 0.013895 0.000586 0.000520 0.000466 0.000383 0.000218 0.000403 0.001368 0.000628 0.000650 0.000885 0.000517 0.000312 0.000193 0.000358 0.001271 0.000584 0.000575 0.000939 0.000928 0.001229 0.001705 0.003241 0.001629 0.000474 0.000379
0.000383 0.000217 0.000375 0.000481 0.002914 0.002736 0.002500 0.001536 0.000423 0.000328 0.000485 0.000465 0.000650 0.000438 0.000385 0.000238 0.000272 0.000368 0.000590 0.000454 0.000237 0.000357 0.000442 0.001595 0.000965 0.001272 0.000853 0.000474 0.000211 0.000335 0.000387 0.000334 0.000349 0.000460 0.000517 0.012991 0.021597 0.000478 0.000411 0.000388 0.000338 0.000216 0.000372 0.000856 0.000407 0.000330 0.000467 0.000322 0.000194 0.000140 0.000303 0.000807 0.000416 0.000385 0.000535 0.000441 0.000411 0.000379 0.000554 0.000413 0.000363 0.000198
0.000283 0.000357 0.000456 0.003559 0.003429 0.002511 0.001114 0.000852 0.000459 0.000495 0.000280 0.000359 0.000452 0.000292 0.000317 0.000351 0.000236 0.000410 0.000981 0.000312 0.000381 0.000460 0.002835 0.002574 0.001374 0.000500 0.000378 0.000320 0.000196 0.000212 0.000216 0.000382 0.000558 0.000497 0.001809 0.111065 0.000425 0.000372 0.000220 0.000218 0.000216 0.000208 0.000314 0.000350 0.000285 0.000140 0.000196 0.000213 0.000660 0.000304 0.000196 0.000258 0.000220 0.000216 0.000198 0.000256 0.000215 0.000200 0.000269 0.000249 0.000291 0.000386
