001_floodsim/sample_code/hipims_case/output/h_5400.asc
ncols 269
nrows 269
xllcorner 0.000000
yllcorner 0.000000
cellsize 10.000000
NODATA_value -9999.000000
[rows 140 to 167 of 269, columns 62 to 123 of 269]
0.000218 0.000213 0.000192 0.000259 0.000213 0.000196 0.000140 0.000572 0.000692 0.000821 0.000921 0.000807 0.000668 0.000900 0.000738 0.000758 0.000621 0.000450 0.000373 0.000229 0.000565 0.002350 0.000475 0.000355 0.000212 0.000357 0.000375 0.000814 0.184404 0.000708 0.000466 0.000475 0.000370 0.000359 0.000330 0.000735 0.000559 0.000220 0.000374 0.000277 0.000654 0.066138 0.037840 0.000425 0.000251 0.002412 0.002055 0.000296 0.000402 0.000376 0.000530 0.000408 0.000381 0.000331 0.000193 0.000140 0.000282 0.000345 0.000799 0.000240 0.000224 0.000627
0.000424 0.000404 0.000356 0.000515 0.000337 0.000212 0.000310 0.004052 0.003703 0.003290 0.002838 0.002349 0.001845 0.001412 0.001043 0.000484 0.000318 0.000500 0.000520 0.000454 0.000495 0.001912 0.002256 0.000410 0.000220 0.000404 0.000470 0.037309 0.004558 0.000370 0.000413 0.000207 0.000192 0.000140 0.000335 0.001059 0.000350 0.000376 0.000452 0.000451 0.000634 0.063611 0.000439 0.000413 0.000309 0.000646 0.004171 0.001877 0.000215 0.000204 0.000254 0.000224 0.000231 0.000253 0.000317 0.000193 0.000346 0.000423 0.001397 0.000224 0.000326 0.000541
0.000598 0.000587 0.000956 0.000975 0.000485 0.000218 0.004143 0.006913 0.000494 0.000416 0.000362 0.000465 0.000213 0.000352 0.000450 0.000554 0.000511 0.000584 0.000629 0.000984 0.000342 0.000899 0.003507 0.000744 0.000224 0.000435 0.016134 0.000679 0.000222 0.000213 0.000292 0.000323 0.000206 0.000292 0.000456 0.001380 0.000398 0.000576 0.000321 0.000544 0.000721 0.069814 0.000256 0.000316 0.000464 0.000788 0.001643 0.001945 0.002602 0.000402 0.000493 0.000416 0.000391 0.000355 0.000254 0.000336 0.000424 0.000499 0.001319 0.000219 0.000364 0.005164
0.001491 0.002374 0.001169 0.000229 0.000248 0.000353 0.004584 0.000865 0.000378 0.000229 0.000240 0.000273 0.000363 0.000267 0.000452 0.000577 0.000617 0.001370 0.000826 0.000878 0.000513 0.000516 0.001836 0.001375 0.002111 0.000598 0.000243 0.000280 0.000363 0.000500 0.000377 0.000250 0.000337 0.000405 0.000454 0.001107 0.001482 0.000611 0.000417 0.000286 0.011265 0.074977 0.000479 0.000479 0.000430 0.000290 0.000312 0.000193 0.002797 0.002310 0.001907 0.001478 0.001102 0.000410 0.000269 0.000477 0.000582 0.001399 0.000796 0.000572 0.101463 0.005061
0.000786 0.000221 0.000220 0.000223 0.000358 0.004965 0.004783 0.000417 0.000295 0.000416 0.000371 0.000574 0.000408 0.000236 0.000436 0.000593 0.001530 0.003684 0.000885 0.000791 0.000525 0.000339 0.001332 0.002673 0.001244 0.000449 0.000383 0.000608 0.000495 0.000483 0.000278 0.000368 0.000578 0.000438 0.000549 0.002560 0.001198 0.000573 0.000304 0.000406 0.057441 0.041541 0.002419 0.000650 0.000627 0.000410 0.000190 0.000140 0.000544 0.000590 0.000550 0.000507 0.000734 0.000736 0.000203 0.000375 0.000471 0.000945 0.000957 0.030575 0.000439 0.000374
0.001414 0.001437 0.002237 0.003554 0.028508 0.005065 0.000408 0.000326 0.000247 0.000437 0.000492 0.001011 0.000292 0.000368 0.000480 0.029751 0.252263 0.226293 0.147193 0.050749 0.002130 0.000622 0.000738 0.057910 0.052739 0.045672 0.069676 0.047382 0.005090 0.000477 0.000244 0.000580 0.069934 0.122136 0.159892 0.157558 0.102422 0.074003 0.040674 0.078770 0.052878 0.001673 0.002135 0.002720 0.000613 0.000737 0.001146 0.001285 0.001606 0.000773 0.000668 0.000556 0.000369 0.000219 0.000335 0.000522 0.000679 0.001098 0.003360 0.000389 0.000340 0.000278
0.009501 0.005648 0.004965 0.003741 0.000507 0.000391 0.000286 0.000140 0.000327 0.000473 0.000560 0.001375 0.000247 0.000412 0.000523 0.198463 0.188726 0.026926 0.053393 0.120380 0.118783 0.105640 0.084831 0.093876 0.070548 0.048544 0.039209 0.064238 0.143968 0.138107 0.110107 0.084833 0.063989 0.044131 0.025569 0.001754 0.040185 0.118126 0.037517 0.016449 0.000757 0.000916 0.001175 0.002380 0.002948 0.002388 0.001783 0.000921 0.000502 0.000456 0.000384 0.000355 0.000307 0.000212 0.000380 0.000442 0.000503 0.000732 0.002606 0.000206 0.000193 0.000140
0.000641 0.000558 0.000526 0.000482 0.000446 0.000285 0.000140 0.000284 0.000405 0.000627 0.000671 0.001770 0.000231 0.000435 0.008918 0.223137 0.003182 0.000500 0.000255 0.000441 0.001905 0.000725 0.001263 0.000784 0.000754 0.000910 0.002242 0.000679 0.000621 0.000528 0.003135 0.000752 0.000609 0.000433 0.000267 0.000377 0.027626 0.037368 0.000385 0.000535 0.000449 0.000465 0.000489 0.000488 0.000752 0.000533 0.000490 0.000448 0.000409 0.000369 0.000210 0.000194 0.000140 0.000194 0.000389 0.000490 0.000580 0.000754 0.014976 0.000311 0.000203 0.000290
0.000571 0.000423 0.000396 0.000332 0.000413 0.000140 0.000287 0.000389 0.000481 0.000525 0.000682 0.001646 0.000774 0.000701 0.194081 0.082484 0.000602 0.000514 0.000299 0.000406 0.001397 0.000577 0.001038 0.000688 0.000473 0.001675 0.002399 0.001508 0.000387 0.000230 0.002594 0.000701 0.000599 0.000373 0.000337 0.000257 0.144307 0.012531 0.000223 0.000225 0.000232 0.000249 0.000294 0.000397 0.000508 0.000390 0.000359 0.000317 0.000255 0.000322 0.000667 0.000661 0.000292 0.000349 0.000433 0.000537 0.016471 0.219412 0.162241 0.020548 0.012088 0.069112
0.000266 0.000222 0.000221 0.000218 0.000212 0.000196 0.000362 0.000467 0.000556 0.000639 0.000747 0.001881 0.002090 0.093496 0.243726 0.001978 0.000900 0.000830 0.000573 0.000304 0.000951 0.000652 0.001231 0.000726 0.000800 0.002257 0.000375 0.000992 0.000478 0.000358 0.003204 0.000937 0.000918 0.000349 0.000732 0.001390 0.115218 0.018366 0.000379 0.000515 0.000381 0.000514 0.000371 0.000223 0.000217 0.000208 0.000192 0.000140 0.001421 0.001233 0.000927 0.000279 0.000140 0.000350 0.000550 0.005566 0.236894 0.064388 0.022765 0.086187 0.083798 0.054270
0.000392 0.000573 0.000422 0.000392 0.000337 0.000213 0.000526 0.001040 0.001487 0.001201 0.046964 0.140638 0.072811 0.143230 0.041643 0.000613 0.000503 0.000669 0.000481 0.000427 0.000343 0.000257 0.000732 0.000521 0.001417 0.002703 0.000560 0.000500 0.000229 0.000458 0.001887 0.000543 0.000939 0.000408 0.000668 0.000878 0.045919 0.142364 0.085559 0.025843 0.003344 0.000581 0.000482 0.000426 0.000412 0.000679 0.000742 0.001343 0.001586 0.000361 0.000297 0.000140 0.000277 0.000391 0.000475 0.106373 0.054508 0.000461 0.000465 0.000289 0.000362 0.002246
0.000505 0.000845 0.000608 0.000618 0.000391 0.000219 0.000364 0.000406 0.000469 0.001505 0.127677 0.060034 0.000643 0.000544 0.000690 0.000554 0.000431 0.000494 0.000374 0.000320 0.000194 0.000323 0.000650 0.000515 0.002585 0.000718 0.000694 0.000508 0.000235 0.000450 0.001431 0.000433 0.000852 0.000671 0.001171 0.000948 0.001021 0.000673 0.053310 0.110152 0.106612 0.095119 0.081580 0.051211 0.000679 0.001152 0.001307 0.001107 0.000215 0.000212 0.000208 0.000195 0.000323 0.000441 0.005599 0.140937 0.000735 0.000559 0.000443 0.000385 0.000225 0.001590
0.000881 0.001597 0.000794 0.000492 0.000474 0.000367 0.000276 0.000238 0.000362 0.000403 0.169339 0.014403 0.000582 0.000528 0.000439 0.000514 0.000391 0.000218 0.000212 0.000195 0.000140 0.000196 0.000490 0.000802 0.001355 0.000560 0.000465 0.000684 0.000250 0.000428 0.001519 0.000367 0.000539 0.001218 0.001107 0.000560 0.000564 0.000605 0.000695 0.002370 0.001912 0.002230 0.000225 0.104755 0.103809 0.001433 0.000850 0.000690 0.000364 0.000316 0.000212 0.000313 0.000398 0.000505 0.103787 0.038377 0.000613 0.000284 0.000384 0.000351 0.000242 0.000704
0.000390 0.001401 0.000615 0.000602 0.000534 0.000416 0.000240 0.000360 0.000269 0.000235 0.104336 0.067148 0.000464 0.000431 0.000388 0.000218 0.000341 0.000414 0.000380 0.000323 0.000195 0.001140 0.000866 0.000627 0.000550 0.000471 0.000411 0.000430 0.000301 0.000394 0.000708 0.000475 0.000745 0.002207 0.000417 0.000220 0.000409 0.000514 0.000619 0.000820 0.004223 0.000852 0.000220 0.000477 0.119631 0.002605 0.000751 0.000843 0.000546 0.000352 0.000214 0.000352 0.000468 0.113677 0.092480 0.001087 0.001250 0.001029 0.000221 0.000234 0.000268 0.000893
0.000291 0.001885 0.000716 0.000643 0.000512 0.000635 0.000370 0.000272 0.000380 0.000407 0.089984 0.017396 0.000674 0.000260 0.000328 0.000488 0.000870 0.000851 0.001066 0.001396 0.002753 0.001699 0.000586 0.000523 0.000462 0.000376 0.000216 0.000381 0.000441 0.000307 0.000612 0.000732 0.000623 0.000999 0.000409 0.000222 0.000359 0.000450 0.000888 0.000837 0.004088 0.001556 0.000330 0.000502 0.044665 0.206134 0.002575 0.000829 0.000392 0.000273 0.000345 0.000437 0.027139 0.124761 0.000619 0.000668 0.000852 0.000870 0.001110 0.000866 0.000486 0.000605
0.000248 0.001335 0.001921 0.000720 0.000640 0.000612 0.000415 0.000240 0.000413 0.000487 0.118113 0.000388 0.000610 0.001102 0.001645 0.002492 0.034551 0.002956 0.003725 0.001884 0.000545 0.000623 0.000480 0.000447 0.000404 0.000329 0.000217 0.000332 0.000664 0.000776 0.000752 0.000357 0.000275 0.000241 0.000372 0.000226 0.000428 0.000589 0.000814 0.000603 0.002086 0.001805 0.000405 0.000477 0.000572 0.077124 0.148750 0.000534 0.000424 0.000245 0.000406 0.002510 0.063748 0.009578 0.000297 0.000496 0.000414 0.000396 0.000378 0.000355 0.000304 0.000423
0.000233 0.000993 0.001596 0.001239 0.001757 0.000609 0.000431 0.000228 0.000527 0.000971 0.166295 0.001355 0.001928 0.002707 0.005154 0.002864 0.000620 0.000565 0.000485 0.000619 0.000476 0.000404 0.000382 0.000351 0.000307 0.000211 0.000214 0.000217 0.000220 0.000255 0.000199 0.000388 0.000426 0.000441 0.000865 0.000240 0.000281 0.000352 0.000481 0.000588 0.000861 0.003377 0.000646 0.000365 0.000506 0.000587 0.144941 0.091893 0.000455 0.000810 0.099116 0.094391 0.086269 0.018313 0.000375 0.000223 0.000217 0.000213 0.000208 0.000193 0.000140 0.000195
0.000808 0.002995 0.002898 0.003530 0.008567 0.000613 0.000439 0.000223 0.000377 0.000274 0.228633 0.010139 0.003620 0.003719 0.000526 0.000709 0.000527 0.000472 0.000470 0.000653 0.000354 0.000217 0.000208 0.000191 0.000140 0.000195 0.000324 0.000456 0.000377 0.000428 0.000419 0.000476 0.000537 0.002491 0.001340 0.000693 0.000380 0.000218 0.000420 0.000640 0.000630 0.001903 0.000927 0.000525 0.000453 0.000508 0.001182 0.211247 0.195023 0.124102 0.079278 0.000819 0.000592 0.039122 0.008318 0.000431 0.000400 0.000367 0.000347 0.000307 0.000190 0.000302
0.000400 0.000744 0.000195 0.000322 0.012078 0.003906 0.000549 0.000259 0.000426 0.000578 0.285601 0.000826 0.000484 0.000427 0.000394 0.000528 0.000406 0.000228 0.000233 0.000249 0.000279 0.000480 0.000394 0.000369 0.000353 0.000209 0.000370 0.000567 0.000458 0.000522 0.000550 0.000597 0.002719 0.001290 0.000238 0.000262 0.000337 0.000220 0.000422 0.000531 0.000437 0.001148 0.000825 0.001021 0.000229 0.000407 0.000498 0.000553 0.001391 0.010834 0.003506 0.001389 0.000320 0.000422 0.008145 0.097806 0.012650 0.000450 0.000382 0.000249 0.000319 0.000391
0.000257 0.000257 0.000140 0.000194 0.002289 0.005183 0.000280 0.000331 0.003438 0.274060 0.099834 0.000411 0.000365 0.000224 0.000227 0.000229 0.000367 0.000471 0.000478 0.000506 0.000422 0.000716 0.000521 0.000490 0.000325 0.000216 0.000391 0.000544 0.000567 0.000622 0.000771 0.000922 0.002595 0.000925 0.000470 0.000345 0.000222 0.000232 0.000437 0.000252 0.000429 0.000452 0.000548 0.001194 0.000240 0.000365 0.000444 0.000453 0.001465 0.003849 0.002213 0.002776 0.000454 0.000310 0.000376 0.000497 0.069526 0.018398 0.000423 0.000235 0.005974 0.009344
0.000140 0.000334 0.000367 0.000399 0.000289 0.007057 0.003879 0.002958 0.081446 0.058327 0.000421 0.000249 0.000282 0.000523 0.000451 0.000440 0.000662 0.000543 0.000465 0.000265 0.000443 0.001278 0.000651 0.000441 0.000387 0.000215 0.000402 0.000539 0.000712 0.001232 0.000358 0.000578 0.044193 0.001833 0.000667 0.000450 0.000375 0.000322 0.000239 0.000322 0.000415 0.000326 0.000493 0.000847 0.000271 0.000411 0.000408 0.000295 0.002256 0.002668 0.000265 0.003572 0.000672 0.000413 0.000228 0.000421 0.000553 0.016538 0.009954 0.007596 0.006137 0.000413
0.000196 0.000506 0.000401 0.000492 0.000587 0.000288 0.001750 0.001964 0.059790 0.000904 0.000391 0.000605 0.001035 0.000807 0.000588 0.000551 0.000823 0.000572 0.000460 0.000241 0.000454 0.002065 0.000484 0.000323 0.000450 0.000706 0.000298 0.000526 0.000606 0.001613 0.000278 0.044413 0.008691 0.007020 0.011068 0.006221 0.000495 0.000424 0.000475 0.000406 0.000311 0.000473 0.000469 0.000416 0.000349 0.000261 0.000230 0.001441 0.005069 0.000502 0.000433 0.003251 0.000551 0.000377 0.000234 0.000380 0.000498 0.000634 0.004245 0.076713 0.006557 0.000331
0.000213 0.000462 1.453258 1.675502 1.765251 1.769837 2.009914 2.207841 2.229586 1.979383 0.000606 0.000659 0.000587 0.000815 0.000737 0.000727 0.000935 0.000540 0.000318 0.000383 0.001480 0.001269 0.000492 0.000263 0.000474 0.001192 0.000433 0.000362 0.009842 0.019438 0.009297 0.008975 0.000194 0.000140 0.000467 0.006401 0.005798 0.001153 0.001534 0.001176 0.000847 0.000507 0.000353 0.000296 0.000524 0.001037 0.001316 0.001325 0.002154 0.000267 0.000600 0.002901 0.000568 0.000343 0.000258 0.000337 0.000449 0.000564 0.000626 0.001473 0.118603 0.009412
0.904791 1.854303 2.266814 2.248905 2.215514 2.227722 2.237507 2.215796 2.191579 2.099688 2.028023 1.575131 1.369431 1.187862 0.000780 0.000703 0.000837 0.000583 0.000259 0.000426 0.007821 0.008152 0.007940 0.017615 0.025042 0.012048 0.011285 0.016208 0.010652 0.001016 0.001096 0.001400 0.002954 0.001116 0.000515 0.000228 0.005473 0.004860 0.000413 0.000387 0.000353 0.000303 0.000193 0.000419 0.000535 0.000618 0.000538 0.001113 0.001275 0.000327 0.000667 0.002171 0.000891 0.000249 0.000328 0.000219 0.000385 0.000488 0.000488 0.000808 0.000890 0.038441
1.933441 2.250627 2.301451 2.278399 2.245026 2.222084 2.180567 2.095619 2.004140 1.974612 2.032299 1.889518 1.620825 1.569964 1.642376 1.407683 0.000800 0.000311 0.000392 0.069081 0.023167 0.008783 0.012631 0.000826 0.000901 0.000757 0.000749 0.000803 0.001568 0.000828 0.000631 0.000411 0.001165 0.000648 0.000678 0.000225 0.000522 0.004787 0.000218 0.000214 0.000207 0.000192 0.000140 0.000398 0.000732 0.000428 0.000492 0.001403 0.000439 0.000474 0.000890 0.001342 0.000967 0.001398 0.000217 0.000219 0.000486 0.000505 0.000597 0.000604 0.001043 0.000790
2.236373 2.207450 2.270422 2.209596 2.110903 2.012502 1.983467 1.862606 1.672619 1.574337 1.862591 1.990652 1.931074 1.905135 1.756620 1.457993 0.000386 0.012621 0.012955 0.012544 0.000674 0.000659 0.000662 0.000615 0.000899 0.000637 0.000545 0.000338 0.001595 0.001362 0.000657 0.000648 0.000599 0.000472 0.000645 0.000223 0.000553 0.004158 0.003898 0.000546 0.000637 0.000533 0.000623 0.000686 0.000328 0.000264 0.000415 0.001047 0.000241 0.000740 0.000980 0.000348 0.000209 0.001195 0.000670 0.000220 0.000343 0.000462 0.000417 0.000480 0.001245 0.000265
2.205411 1.928989 0.000552 0.000762 0.000400 0.000243 0.002455 0.000485 0.000378 0.000252 1.550949 1.821189 1.857942 2.020410 2.146462 2.022197 0.007919 0.012457 0.000484 0.000724 0.000551 0.000514 0.000554 0.000584 0.000935 0.000601 0.000574 0.000514 0.000298 0.001407 0.000774 0.000539 0.000581 0.000476 0.000567 0.000226 0.000623 0.000436 0.003955 0.002244 0.000520 0.000591 0.000210 0.000195 0.000140 0.000338 0.000376 0.000740 0.000272 0.001226 0.000346 0.000302 0.000209 0.000733 0.000338 0.000224 0.000262 0.000297 0.000358 0.000541 0.000882 0.000312
0.004021 0.000816 0.000498 0.000644 0.000334 0.000287 0.002253 0.000407 0.000285 0.000426 0.000494 0.001043 0.000653 1.861707 1.932269 2.137244 2.203221 0.000244 0.000273 0.000509 0.000407 0.000252 0.000301 0.000406 0.000573 0.000497 0.000505 0.000540 0.000591 0.000789 0.000624 0.000643 0.000577 0.000527 0.000434 0.000238 0.000557 0.000380 0.002379 0.002151 0.000549 0.000434 0.000391 0.000336 0.000427 0.000281 0.000211 0.000304 0.000357 0.000673 0.000192 0.000140 0.000193 0.000409 0.000243 0.000232 0.000658 0.000211 0.000194 0.000399 0.000381 0.000582
