001_floodsim/sample_code/hipims_case/output/h_5400.asc
ncols 269
nrows 269
xllcorner 0.000000
yllcorner 0.000000
cellsize 10.000000
NODATA_value -9999.000000
[rows 56 to 83 of 269, columns 124 to 185 of 269]
0.002315 0.000571 0.000479 0.000422 0.000332 0.000216 0.000211 0.000195 0.000468 0.000320 0.000382 0.000930 0.000418 0.000391 0.000344 0.000221 0.000220 0.000505 0.000599 0.001310 0.000369 0.000226 0.000222 0.000338 0.000429 0.002018 0.003549 0.000415 0.000198 0.001591 0.001396 0.000523 0.000397 0.000226 0.000388 0.000508 0.005887 0.000845 0.001248 0.000457 0.000384 0.000342 0.000286 0.000458 0.000784 0.000306 0.000622 0.000846 0.002748 0.000637 0.000562 0.000449 0.000594 0.000380 0.000278 0.001244 0.000433 0.000419 0.000377 0.000185 0.000301 0.000424
0.000442 0.000504 0.000382 0.000334 0.000218 0.000217 0.000325 0.000364 0.000624 0.000399 0.001245 0.000862 0.000638 0.000674 0.000769 0.000976 0.000393 0.000550 0.000539 0.000855 0.000296 0.000246 0.000351 0.000437 0.000522 0.001801 0.002099 0.000379 0.000249 0.000423 0.001857 0.000763 0.000555 0.000232 0.000508 0.000706 0.008331 0.000650 0.001480 0.001517 0.000822 0.001403 0.000603 0.000428 0.000246 0.000430 0.000531 0.000621 0.002080 0.000562 0.000494 0.000425 0.000352 0.000261 0.000372 0.000902 0.000236 0.000263 0.000340 0.000236 0.000721 0.001148
0.000378 0.000330 0.000219 0.000220 0.000217 0.000324 0.000411 0.003954 0.004359 0.003778 0.003533 0.002743 0.003485 0.001841 0.001315 0.000579 0.000503 0.000828 0.000360 0.000265 0.000429 0.000442 0.001131 0.001542 0.002000 0.002546 0.000528 0.000462 0.000211 0.000378 0.001343 0.000549 0.000458 0.000248 0.000371 0.000519 0.007674 0.003113 0.000920 0.000844 0.001501 0.000441 0.000427 0.000398 0.000293 0.000396 0.000468 0.000540 0.001559 0.000471 0.000403 0.000306 0.000211 0.000338 0.000262 0.000467 0.000407 0.000350 0.000196 0.000140 0.000308 0.000377
0.000219 0.000218 0.000220 0.000333 0.000365 0.000434 0.006203 0.004334 0.000468 0.000545 0.000438 0.000442 0.000642 0.000526 0.000475 0.000468 0.000365 0.000443 0.000216 0.000343 0.000392 0.000838 0.000788 0.000502 0.000483 0.000910 0.000429 0.000320 0.000194 0.000321 0.000923 0.000479 0.000464 0.000295 0.000454 0.000500 0.003021 0.002729 0.000837 0.000200 0.000258 0.000230 0.000246 0.000292 0.000413 0.000286 0.000363 0.000439 0.001110 0.000370 0.000308 0.000140 0.000196 0.000212 0.000356 0.000494 0.001023 0.000467 0.000416 0.000196 0.000213 0.000219
0.000421 0.000218 0.000335 0.000412 0.004819 0.127686 0.004588 0.000450 0.000382 0.000330 0.000202 0.000290 0.000293 0.000393 0.000283 0.000382 0.000321 0.000195 0.000212 0.000218 0.000219 0.000253 0.000198 0.000216 0.000221 0.000224 0.000350 0.000196 0.000140 0.000196 0.000390 0.000312 0.000453 0.000417 0.000200 0.000374 0.000548 0.003841 0.001922 0.000599 0.001014 0.001096 0.002014 0.001161 0.000635 0.000388 0.000219 0.000335 0.000686 0.000218 0.000212 0.000195 0.000315 0.000463 0.000399 0.000543 0.001522 0.000497 0.000370 0.000333 0.000217 0.000765
0.000418 0.000217 0.000378 0.000470 0.005365 0.000384 0.000451 0.000346 0.000216 0.000218 0.000214 0.000879 0.000529 0.000277 0.000361 0.000211 0.000195 0.000140 0.000308 0.000369 0.000401 0.000432 0.000428 0.000543 0.000386 0.000425 0.000482 0.000843 0.000345 0.000586 0.000490 0.000404 0.000284 0.000393 0.000275 0.000505 0.000547 0.002553 0.002147 0.002785 0.002247 0.001536 0.000574 0.000623 0.000422 0.000331 0.000218 0.000219 0.000220 0.000452 0.000341 0.000384 0.000527 0.000699 0.000493 0.001925 0.001488 0.000663 0.000428 0.000262 0.000965 0.000724
0.000498 0.000219 0.000403 0.005356 0.005396 0.000226 0.000237 0.000263 0.000335 0.000217 0.000335 0.001330 0.000558 0.000666 0.000803 0.000380 0.000326 0.000196 0.000358 0.000448 0.000511 0.000554 0.001045 0.000505 0.000276 0.000439 0.000628 0.000802 0.001325 0.000749 0.000759 0.000836 0.001022 0.000586 0.000265 0.000358 0.000438 0.000892 0.001195 0.000669 0.000558 0.000476 0.000590 0.000417 0.000319 0.000196 0.000214 0.000336 0.000384 0.000941 0.000413 0.000284 0.000400 0.000757 0.000723 0.002576 0.000762 0.000437 0.000303 0.000474 0.001998 0.000649
0.000280 0.000439 0.000585 0.006297 0.000296 0.000389 0.000488 0.000406 0.000379 0.000217 0.000387 0.001889 0.000742 0.000741 0.000296 0.000417 0.000257 0.000347 0.000439 0.001180 0.001779 0.001355 0.001992 0.000484 0.000240 0.000443 0.000506 0.003343 0.003205 0.002275 0.001791 0.001254 0.000505 0.000442 0.000341 0.000219 0.000339 0.000384 0.000941 0.000617 0.000449 0.000413 0.000384 0.000331 0.000196 0.000140 0.000310 0.000421 0.000631 0.000873 0.001173 0.000245 0.000434 0.000542 0.002339 0.001845 0.000678 0.000463 0.000289 0.000398 0.001896 0.000761
0.000248 0.000376 0.000461 0.005502 0.000517 0.000721 0.000699 0.000776 0.000315 0.000367 0.002145 0.001878 0.000953 0.000562 0.000587 0.000426 0.000233 0.000490 0.000962 0.000782 0.000722 0.001981 0.003482 0.003524 0.000228 0.000449 0.000573 0.126329 0.000388 0.000229 0.000352 0.000442 0.000385 0.000358 0.000221 0.000221 0.000220 0.000219 0.000213 0.000619 0.000284 0.000221 0.000219 0.000217 0.000211 0.000311 0.000409 0.000501 0.000497 0.001267 0.001571 0.001345 0.000675 0.000814 0.003492 0.001678 0.000805 0.000539 0.000207 0.000506 0.002574 0.000911
0.000258 0.000431 0.000522 0.034899 0.001838 0.001454 0.000963 0.000218 0.000220 0.000408 0.003981 0.000880 0.000701 0.000535 0.000590 0.000523 0.000467 0.000295 0.000367 0.000399 0.000464 0.000640 0.000464 0.003743 0.003977 0.002613 0.005447 0.002558 0.000323 0.000637 0.000613 0.000652 0.000476 0.000265 0.000345 0.000220 0.000689 0.000331 0.000195 0.000140 0.000261 0.000639 0.000217 0.000673 0.000361 0.000286 0.000444 0.000679 0.000523 0.000350 0.000836 0.001990 0.000420 0.000560 0.005583 0.000899 0.000506 0.000383 0.000219 0.000384 0.003170 0.000993
0.000841 0.000677 0.007767 0.074372 0.000495 0.000375 0.000333 0.000219 0.000343 0.002534 0.001993 0.000870 0.000722 0.000938 0.000861 0.000650 0.000361 0.000209 0.000215 0.000217 0.000347 0.000465 0.000266 0.000242 0.000229 0.002847 0.006120 0.001816 0.001566 0.001336 0.000915 0.000353 0.000222 0.000236 0.000398 0.000408 0.001103 0.000418 0.000317 0.000194 0.000336 0.001026 0.000424 0.000764 0.000396 0.000206 0.000519 0.000672 0.000836 0.000490 0.000730 0.002473 0.002020 0.001060 0.004446 0.000832 0.000588 0.000508 0.000221 0.000424 0.003683 0.000583
0.000812 0.000931 0.468608 0.000443 0.000449 0.000413 0.000217 0.000218 0.000386 0.002837 0.001557 0.000865 0.001177 0.001058 0.000568 0.000480 0.000409 0.000219 0.000334 0.000454 0.000254 0.000237 0.000363 0.000485 0.000397 0.000303 0.007032 0.001572 0.000677 0.000205 0.000263 0.000261 0.000347 0.000223 0.000490 0.000531 0.001540 0.000437 0.000256 0.000343 0.000429 0.001511 0.000640 0.000691 0.000422 0.000219 0.000393 0.000626 0.001318 0.000326 0.000619 0.000569 0.002380 0.001882 0.005689 0.001007 0.000686 0.000384 0.000221 0.004146 0.003936 0.000598
0.000674 0.008594 0.007143 0.000245 0.000302 0.000194 0.000614 0.000466 0.000540 0.006105 0.002818 0.001964 0.001327 0.000676 0.000641 0.000550 0.000443 0.000257 0.000473 0.000888 0.000229 0.000349 0.000742 0.001415 0.001301 0.001588 0.013753 0.000849 0.000612 0.000382 0.000491 0.000365 0.000265 0.000354 0.000427 0.001581 0.001163 0.000444 0.000236 0.000404 0.000505 0.002101 0.000737 0.000658 0.000440 0.000222 0.000429 0.000616 0.001733 0.000263 0.000543 0.000340 0.000435 0.001354 0.009666 0.000603 0.000460 0.000292 0.000370 0.012895 0.001055 0.001319
0.000561 0.413797 0.000603 0.000854 0.000371 0.000140 0.000348 0.000409 0.003251 0.003188 0.000364 0.000565 0.000994 0.001182 0.002048 0.000966 0.000360 0.000369 0.000420 0.001618 0.000357 0.000265 0.000232 0.000224 0.000222 0.000222 0.010122 0.000803 0.000625 0.000483 0.000611 0.000403 0.000237 0.000475 0.000548 0.002369 0.000957 0.000567 0.000267 0.000447 0.000558 0.002821 0.001038 0.000840 0.000567 0.000258 0.000553 0.000794 0.003112 0.000273 0.000515 0.000508 0.000333 0.001214 0.006757 0.000569 0.000323 0.005262 0.005304 0.004751 0.000520 0.000410
0.008373 0.008511 0.000370 0.000281 0.000140 0.000369 0.000361 0.000474 0.071007 0.003922 0.001153 0.001542 0.002865 0.001443 0.000401 0.000312 0.000221 0.000410 0.000504 0.001552 0.000403 0.000236 0.000352 0.000399 0.000418 0.000436 0.015306 0.000905 0.000850 0.000895 0.001102 0.000523 0.000229 0.000381 0.003215 0.002906 0.001205 0.000374 0.000198 0.000571 0.001053 0.005300 0.000668 0.000538 0.000397 0.000198 0.000390 0.000525 0.002367 0.000203 0.000478 0.000698 0.000460 0.000670 0.008746 0.004033 0.014118 0.005659 0.000622 0.000587 0.000457 0.000345
0.082507 0.000362 0.000274 0.000140 0.000276 0.000404 0.001125 0.589786 0.215622 0.001627 0.002284 0.002398 0.000388 0.000347 0.000281 0.000140 0.000314 0.000449 0.000552 0.002062 0.000438 0.000265 0.000411 0.000583 0.000567 0.000595 0.034840 0.002497 0.001849 0.001230 0.000401 0.000259 0.000456 0.000580 0.003592 0.000239 0.000258 0.000479 0.000215 0.000382 0.000274 0.003705 0.000685 0.000527 0.000296 0.000365 0.000479 0.000584 0.002765 0.000252 0.000573 0.001071 0.000610 0.000702 0.010883 0.004354 0.000657 0.000579 0.000475 0.000548 0.000392 0.000307
0.008668 0.000292 0.000140 0.000268 0.000350 0.006875 0.181891 0.006296 0.000390 0.000481 0.000404 0.000347 0.000211 0.000195 0.000140 0.000279 0.000390 0.000498 0.002398 0.012648 0.000738 0.000198 0.000417 0.000455 0.000582 0.006950 0.006385 0.000517 0.000514 0.000431 0.000345 0.000236 0.000364 0.002879 0.002897 0.000414 0.000602 0.000507 0.000362 0.000283 0.000736 0.004103 0.004368 0.000512 0.000724 0.000321 0.000612 0.000657 0.004306 0.000196 0.000396 0.000684 0.000713 0.011253 0.010640 0.000543 0.000566 0.000502 0.000439 0.000351 0.000283 0.000140
0.000308 0.000207 0.000189 0.000325 0.015802 0.006944 0.000350 0.000309 0.000203 0.000252 0.000236 0.000251 0.000450 0.000321 0.000195 0.000347 0.000547 0.000605 0.003991 0.001122 0.000217 0.000216 0.000516 0.000562 0.000664 0.011447 0.005929 0.000679 0.000430 0.000336 0.000221 0.000225 0.000402 0.003699 0.001595 0.001110 0.002063 0.001011 0.000544 0.000292 0.000346 0.000419 0.111200 0.000561 0.000467 0.000213 0.000415 0.000617 0.003190 0.000215 0.000420 0.000657 0.094381 0.011198 0.000701 0.000691 0.000475 0.000401 0.000351 0.000194 0.000140 0.000286
0.000409 0.000210 0.000304 0.017161 0.007271 0.000308 0.000192 0.000140 0.000677 0.000431 0.000439 0.000422 0.000632 0.000449 0.000211 0.000384 0.000440 0.002499 0.002118 0.000260 0.000336 0.000220 0.000376 0.000673 0.039756 0.027653 0.000933 0.000428 0.000337 0.000217 0.000219 0.000342 0.000537 0.005149 0.002485 0.001427 0.000414 0.000285 0.000397 0.000280 0.000140 0.000307 0.004587 0.004842 0.000458 0.000220 0.000433 0.000605 0.003565 0.000219 0.000424 0.011746 0.011320 0.000392 0.000538 0.000435 0.000375 0.000240 0.000277 0.000371 0.000320 0.000243
0.000140 0.000303 0.034925 0.007714 0.000321 0.000212 0.000210 0.000298 0.001085 0.000554 0.000520 0.000673 0.000542 0.000249 0.000344 0.000447 0.000525 0.005441 0.001731 0.000418 0.000385 0.000220 0.000411 0.000503 0.176327 0.041220 0.000635 0.000654 0.000514 0.000340 0.000219 0.000389 0.000452 0.005640 0.000506 0.000433 0.000336 0.000505 0.000519 0.000459 0.000195 0.000210 0.000347 0.178265 0.003957 0.000220 0.000435 0.002716 0.002731 0.000221 0.014797 0.016063 0.000215 0.000198 0.000235 0.000286 0.000295 0.000424 0.000397 0.000641 0.000444 0.000379
0.000276 0.011537 0.007970 0.000325 0.000216 0.000215 0.000325 0.000393 0.007991 0.001884 0.001576 0.001181 0.000601 0.000235 0.000393 0.000590 0.000524 0.002448 0.003279 0.000490 0.000412 0.000220 0.000426 0.019290 0.188555 0.000725 0.000400 0.000343 0.000233 0.000264 0.000348 0.000457 0.005844 0.027720 0.000409 0.000329 0.000479 0.000728 0.000527 0.000354 0.000212 0.000332 0.000259 0.002576 0.005542 0.000220 0.000442 0.003306 0.001153 0.000798 0.015795 0.000313 0.000441 0.000432 0.000421 0.000591 0.000494 0.000525 0.000287 0.001111 0.000564 0.000520
0.000364 0.008741 0.000217 0.000214 0.000214 0.000320 0.000416 0.021480 0.002897 0.000496 0.000416 0.000335 0.000280 0.000367 0.000461 0.000608 0.001200 0.002020 0.004443 0.000501 0.000302 0.000372 0.001916 0.206403 0.001479 0.000484 0.000220 0.000218 0.000222 0.000354 0.000446 0.002386 0.037405 0.000397 0.000292 0.000420 0.000316 0.001153 0.000504 0.000277 0.000362 0.000438 0.000450 0.000483 0.005651 0.005799 0.000317 0.005291 0.000673 0.000820 0.013071 0.000546 0.000538 0.000764 0.000652 0.001039 0.000595 0.000276 0.001208 0.001000 0.000690 0.000389
0.000489 0.012100 0.000341 0.000243 0.000339 0.003781 0.004003 0.003363 0.000430 0.000444 0.000308 0.000140 0.000341 0.000443 0.000534 0.000666 0.001098 0.000948 0.003650 0.003738 0.001590 0.016520 0.027368 0.011118 0.000282 0.000317 0.000345 0.000216 0.000458 0.000380 0.000515 0.008160 0.003550 0.000286 0.000388 0.000294 0.001350 0.001150 0.000570 0.000242 0.000409 0.000639 0.000471 0.000323 0.000258 0.004763 0.010486 0.002561 0.000497 0.000910 0.023071 0.020416 0.000806 0.000887 0.000844 0.000586 0.000410 0.000247 0.002524 0.001031 0.000457 0.000293
0.000249 0.008788 0.000375 0.000195 0.004203 0.007419 0.000444 0.000408 0.000380 0.000329 0.000211 0.000195 0.000382 0.000492 0.000750 0.000995 0.001924 0.000540 0.001727 0.007689 0.201899 0.050470 0.000212 0.000195 0.000140 0.000357 0.000448 0.000435 0.001131 0.000963 0.081271 0.014696 0.002272 0.000539 0.000940 0.000971 0.001326 0.000643 0.000289 0.000372 0.000476 0.000641 0.001010 0.000251 0.000363 0.001990 0.007713 0.001797 0.000422 0.000382 0.000280 0.010934 0.023996 0.001095 0.000588 0.000530 0.000297 0.002105 0.001414 0.000555 0.000320 0.000409
0.000230 0.009253 0.000405 0.000215 0.006292 0.000206 0.000247 0.000217 0.000216 0.000216 0.000216 0.000325 0.000439 0.000551 0.000579 0.000674 0.002526 0.000345 0.004938 0.382489 0.531756 0.396727 0.026335 0.000320 0.000194 0.000400 0.008394 0.194376 0.379362 0.408805 0.461848 0.287877 0.006714 0.001169 0.001656 0.001146 0.000739 0.000396 0.000441 0.000607 0.000488 0.000671 0.001150 0.000549 0.001190 0.003192 0.017543 0.068666 0.020531 0.006358 0.000896 0.029706 0.200256 0.003947 0.000816 0.000480 0.000248 0.002028 0.001067 0.000347 0.000430 0.000496
0.000263 0.009667 0.012058 0.002450 0.002997 0.000400 0.000512 0.000391 0.000365 0.000330 0.000218 0.000373 0.000494 0.000772 0.000598 0.007588 0.136093 0.220539 0.552264 0.669878 0.612108 0.575380 0.570758 0.450839 0.380887 0.409460 0.419381 0.401117 0.317325 0.328138 0.434453 0.439139 0.211167 0.002895 0.000939 0.000625 0.000772 0.000285 0.000466 0.000799 0.000531 0.003142 0.094035 0.200447 0.309751 0.273420 0.278212 0.339631 0.318035 0.303910 0.304055 0.293295 0.328208 0.134800 0.000808 0.000628 0.000232 0.003732 0.000813 0.000268 0.000455 0.000567
0.000197 0.000211 0.182110 0.001858 0.002003 0.000629 0.000653 0.000775 0.000442 0.000378 0.000220 0.000505 0.000586 0.000831 0.039565 0.339055 0.524335 0.543692 0.550868 0.438507 0.299920 0.318830 0.405995 0.469906 0.462062 0.380254 0.270261 0.133695 0.082007 0.172230 0.309581 0.389715 0.353411 0.143474 0.018734 0.001554 0.000842 0.001321 0.026181 0.153065 0.173942 0.322069 0.338685 0.312341 0.246515 0.211799 0.193964 0.157246 0.092135 0.105433 0.212256 0.282860 0.338640 0.316219 0.160959 0.024915 0.000481 0.008004 0.000911 0.000238 0.000479 0.026479
0.001610 0.121164 0.425678 0.013323 0.001409 0.001130 0.000661 0.000713 0.000547 0.000287 0.000367 0.000436 0.000663 0.100876 0.425981 0.481468 0.400557 0.155507 0.059482 0.013623 0.000480 0.000250 0.002295 0.001316 0.010182 0.001826 0.002873 0.000534 0.000249 0.001307 0.061320 0.306093 0.391743 0.345814 0.341823 0.352853 0.373309 0.402625 0.439651 0.416457 0.376925 0.334929 0.173986 0.027703 0.002549 0.004006 0.000841 0.001148 0.000637 0.000401 0.000467 0.001780 0.069235 0.273584 0.341096 0.328232 0.260853 0.239945 0.233418 0.138043 0.113296 0.161599
