001_floodsim/sample_code/hipims_case/output/h_max_7200.asc
ncols 269
nrows 269
xllcorner 0.000000
yllcorner 0.000000
cellsize 10.000000
NODATA_value -9999.000000
[rows 140 to 167 of 269, columns 124 to 185 of 269]
0.003800 0.003366 0.000287 0.000401 0.000364 0.000259 0.000342 0.000537 0.000531 0.000505 0.011941 0.004399 0.002795 0.000225 0.000251 0.000470 0.000520 0.000434 0.000489 0.023994 0.000271 0.000370 0.014252 0.230568 0.025038 0.016159 0.002964 0.000213 0.000211 0.000208 0.000542 0.000250 0.000454 0.009698 0.000355 0.000219 0.000216 0.000213 0.000209 0.000297 0.000511 0.000404 0.000485 0.000694 0.001885 0.000814 0.000605 0.000547 0.000790 0.000389 0.000518 0.000381 0.000220 0.000555 0.000931 0.000615 0.000804 0.000277 0.000704 0.000214 0.000398 0.000511
0.004643 0.001369 0.000373 0.000280 0.000414 0.000514 0.000392 0.000970 0.000357 0.075296 0.620058 0.000298 0.000215 0.000218 0.000342 0.000479 0.000556 0.000646 0.000539 0.231558 0.011434 0.023867 0.016296 0.000440 0.000232 0.014224 0.014106 0.000347 0.000312 0.000212 0.000604 0.000368 0.000498 0.010204 0.000459 0.000367 0.000409 0.000321 0.000195 0.000140 0.000310 0.000360 0.000404 0.000748 0.001189 0.000613 0.000649 0.000598 0.000615 0.000478 0.000451 0.000293 0.000189 0.000582 0.000207 0.000308 0.001043 0.000373 0.000440 0.000205 0.000374 0.000452
0.005213 0.000951 0.000315 0.000438 0.000491 0.000693 0.000471 0.000875 0.000488 0.070664 0.000188 0.000140 0.000294 0.000431 0.000370 0.000504 0.108096 0.029781 0.029753 0.032661 0.012905 0.001258 0.000563 0.000440 0.000249 0.000400 0.012577 0.564773 0.130169 0.018495 0.004459 0.007103 0.014069 0.010589 0.002259 0.001767 0.001769 0.001219 0.000919 0.000620 0.000212 0.000398 0.000488 0.000929 0.000411 0.000414 0.000373 0.000486 0.000416 0.000349 0.000207 0.000191 0.000140 0.000322 0.000212 0.000196 0.000816 0.000368 0.000310 0.000195 0.000367 0.000389
0.000805 0.001098 0.000218 0.000378 0.000514 0.000846 0.015658 0.014706 0.034489 0.049682 0.000206 0.000289 0.000379 0.329881 0.401200 0.393202 0.034663 0.000472 0.000496 0.000439 0.000272 0.001621 0.000742 0.000441 0.000283 0.000357 0.000454 0.000577 0.000772 0.635816 0.422619 0.007442 0.000603 0.000758 0.000581 0.000519 0.000474 0.000418 0.000393 0.000341 0.000195 0.000140 0.000194 0.000348 0.000200 0.000250 0.000220 0.000211 0.000287 0.000291 0.000393 0.000352 0.000480 0.000407 0.000305 0.000140 0.000328 0.000208 0.000193 0.000140 0.000332 0.000235
0.000276 0.000140 0.000303 0.000433 0.054567 0.258874 0.250073 0.205567 0.149800 0.044211 0.000215 0.025874 0.038722 0.033198 0.000853 0.001874 0.002423 0.000322 0.000467 0.000455 0.000372 0.001194 0.000756 0.000628 0.000476 0.000225 0.000405 0.000421 0.000478 0.021954 0.076662 0.000542 0.000498 0.000608 0.000496 0.000399 0.000355 0.000225 0.000233 0.000255 0.000320 0.000195 0.000321 0.000916 0.000394 0.000534 0.000439 0.000448 0.000447 0.000654 0.000573 0.000546 0.000781 0.000524 0.000351 0.000191 0.000692 0.000314 0.000204 0.000846 0.000659 0.000746
0.000140 0.000271 0.000378 0.080820 0.199786 0.045850 0.015929 0.039805 0.058052 0.124847 0.099851 0.032794 0.000379 0.000374 0.000358 0.000269 0.003467 0.003522 0.000288 0.000385 0.000610 0.000578 0.000741 0.000451 0.000397 0.000234 0.000390 0.000281 0.000387 0.009816 0.003873 0.000429 0.000424 0.000400 0.000446 0.000238 0.000272 0.000379 0.000539 0.000416 0.000254 0.000339 0.000415 0.003801 0.003423 0.003159 0.002799 0.002493 0.002843 0.001851 0.001351 0.000980 0.000565 0.000398 0.000530 0.000315 0.000489 0.001370 0.001154 0.001600 0.000938 0.000347
0.000264 0.000359 0.050262 0.176885 0.008538 0.000315 0.000215 0.000338 0.000479 0.000543 0.000592 0.005370 0.000216 0.000223 0.000246 0.000344 0.000443 0.003354 0.002265 0.001790 0.000888 0.000515 0.000647 0.000511 0.000348 0.000260 0.000346 0.000411 0.000299 0.008606 0.005918 0.000218 0.000211 0.000289 0.000313 0.000457 0.000461 0.000461 0.000646 0.000350 0.000233 0.000388 0.002735 0.002517 0.000355 0.000539 0.000548 0.000499 0.000406 0.000499 0.000192 0.000140 0.000497 0.000527 0.000605 0.001896 0.001809 0.003274 0.001468 0.000440 0.000341 0.000192
0.000376 0.093746 0.132812 0.037260 0.000219 0.000220 0.000232 0.000262 0.000463 0.000454 0.000479 0.004717 0.004635 0.000429 0.000444 0.000219 0.000382 0.001625 0.001348 0.000860 0.000752 0.000701 0.000441 0.000380 0.000211 0.000322 0.000500 0.001059 0.001681 0.001346 0.010146 0.008596 0.000397 0.000525 0.000392 0.000302 0.046467 0.006460 0.006137 0.006092 0.006386 0.010059 0.005322 0.003408 0.001141 0.000673 0.000421 0.000419 0.000312 0.000409 0.000212 0.000298 0.000487 0.000580 0.000681 0.003633 0.002277 0.000545 0.000445 0.000381 0.000299 0.000211
0.130208 0.080629 0.001214 0.002568 0.003270 0.000390 0.000333 0.000348 0.000456 0.000302 0.000342 0.000430 0.004959 0.000708 0.000330 0.000223 0.000351 0.000436 0.002156 0.000902 0.000662 0.000591 0.000534 0.000348 0.000196 0.000412 0.000627 0.000625 0.000907 0.000627 0.001288 0.007937 0.008862 0.008381 0.010387 0.006852 0.006640 0.000656 0.000639 0.000603 0.000927 0.000683 0.000252 0.001257 0.000541 0.000498 0.000483 0.000329 0.000196 0.000140 0.000301 0.000390 0.000519 0.000643 0.004607 0.004033 0.000658 0.000445 0.000355 0.000296 0.000140 0.000300
0.000750 0.000630 0.000429 0.000229 0.002980 0.002949 0.001630 0.001160 0.000625 0.000392 0.000238 0.000443 0.003992 0.000218 0.000225 0.000239 0.000272 0.000369 0.001128 0.000716 0.000575 0.000501 0.000390 0.000281 0.000140 0.000194 0.000365 0.000452 0.000686 0.000689 0.001840 0.000488 0.000272 0.000356 0.001838 0.000855 0.000616 0.000570 0.000547 0.000567 0.000650 0.000857 0.000302 0.000828 0.000412 0.000334 0.000218 0.000216 0.000210 0.000302 0.000391 0.000469 0.000579 0.022405 0.004754 0.000759 0.000717 0.000626 0.000214 0.000216 0.000226 0.000439
0.000957 0.000425 0.000429 0.000246 0.000410 0.001765 0.000744 0.000680 0.000809 0.000450 0.000218 0.000395 0.004402 0.000631 0.000804 0.001027 0.001789 0.000597 0.000495 0.000687 0.000501 0.000464 0.000302 0.000140 0.000281 0.000350 0.000331 0.000369 0.000407 0.000739 0.001190 0.000500 0.000421 0.000230 0.001295 0.000912 0.000494 0.000483 0.000408 0.000330 0.000272 0.001109 0.000434 0.000362 0.000306 0.000219 0.000219 0.000337 0.000378 0.000426 0.000480 0.000549 0.007799 0.005287 0.000636 0.000625 0.000631 0.000651 0.000710 0.000314 0.000188 0.000349
0.001217 0.000293 0.000417 0.000291 0.000378 0.001284 0.000590 0.000575 0.000555 0.000359 0.000216 0.000383 0.003741 0.042924 0.002787 0.002284 0.001098 0.000994 0.000644 0.000496 0.000392 0.000460 0.000196 0.000306 0.000392 0.000553 0.000995 0.000360 0.000243 0.000885 0.000532 0.000436 0.000335 0.000254 0.000667 0.001126 0.000547 0.000403 0.000310 0.000140 0.000369 0.001385 0.000301 0.000193 0.000140 0.000306 0.000365 0.000437 0.000603 0.000460 0.000545 0.000625 0.006555 0.000294 0.000487 0.000440 0.000427 0.000425 0.000422 0.000425 0.000211 0.000386
0.002100 0.001377 0.000606 0.000374 0.000269 0.000898 0.000455 0.000623 0.000417 0.000317 0.000217 0.000335 0.001168 0.000925 0.000639 0.001213 0.001312 0.000550 0.000433 0.000420 0.000349 0.000307 0.000140 0.000344 0.000457 0.001282 0.000885 0.000249 0.000294 0.000388 0.000494 0.000383 0.000195 0.000322 0.000868 0.000401 0.000365 0.000308 0.000212 0.000196 0.000335 0.000195 0.000140 0.000539 0.000192 0.000358 0.000442 0.000517 0.000638 0.000620 0.000654 0.004417 0.003962 0.000362 0.000207 0.000238 0.000218 0.000219 0.000226 0.000247 0.000332 0.000432
0.000273 0.000952 0.000501 0.000484 0.000368 0.000495 0.000371 0.000490 0.000365 0.000214 0.000216 0.000380 0.000457 0.001026 0.000218 0.000405 0.002348 0.000694 0.000484 0.000302 0.000140 0.000195 0.000301 0.000417 0.000517 0.001800 0.000573 0.000379 0.000437 0.000227 0.000227 0.000365 0.000140 0.000195 0.000346 0.000211 0.000196 0.000140 0.000304 0.000725 0.000378 0.000212 0.000306 0.000506 0.000575 0.000465 0.000535 0.000691 0.000736 0.007540 0.029158 0.007209 0.004007 0.000491 0.000428 0.000413 0.000377 0.000330 0.000217 0.000335 0.000506 0.000451
0.000375 0.000480 0.000347 0.000216 0.000199 0.000249 0.000219 0.000211 0.000301 0.000329 0.000211 0.000193 0.000383 0.000722 0.000218 0.000371 0.001293 0.000508 0.000312 0.000196 0.000295 0.000467 0.000370 0.000476 0.000567 0.002281 0.000630 0.000473 0.000566 0.000349 0.000406 0.000211 0.000193 0.000690 0.000428 0.000328 0.000209 0.000304 0.000400 0.001116 0.000397 0.000215 0.000369 0.000517 0.001012 0.000277 0.000587 0.000809 0.000719 0.108504 0.000916 0.001376 0.001488 0.002328 0.001486 0.001074 0.000609 0.000432 0.000216 0.000375 0.000639 0.000508
0.000226 0.000233 0.000249 0.000476 0.000368 0.000338 0.000213 0.000712 0.000829 0.000752 0.000392 0.000140 0.000372 0.000326 0.000221 0.000308 0.000912 0.000556 0.000194 0.000140 0.000336 0.000607 0.000447 0.000538 0.004429 0.015261 0.002440 0.001830 0.001910 0.000969 0.000409 0.000214 0.000320 0.001316 0.000485 0.000379 0.000214 0.000368 0.000475 0.001533 0.000414 0.000218 0.000406 0.000641 0.001038 0.001231 0.000314 0.000524 0.133357 0.008345 0.000582 0.000633 0.000587 0.000800 0.000597 0.000521 0.000387 0.000252 0.000339 0.000516 0.000926 0.000687
0.000429 0.000341 0.000385 0.000924 0.000499 0.000494 0.000512 0.000880 0.000635 0.000274 0.000369 0.000335 0.000472 0.000186 0.000233 0.000140 0.000304 0.000716 0.000211 0.000304 0.000491 0.000625 0.000623 0.004953 0.004931 0.000712 0.000719 0.000619 0.000583 0.000591 0.000761 0.000249 0.000389 0.000849 0.001205 0.000408 0.000217 0.000404 0.001549 0.001190 0.000552 0.000256 0.000519 0.000535 0.000742 0.001665 0.000261 0.000496 0.488175 0.000648 0.000662 0.000518 0.000471 0.000667 0.000522 0.000479 0.000456 0.000446 0.000478 0.000688 0.000606 0.000887
0.000431 0.000452 0.004961 0.005484 0.004583 0.004214 0.003629 0.003069 0.000871 0.000958 0.001319 0.002281 0.001336 0.000482 0.000540 0.001002 0.000195 0.000268 0.000287 0.000398 0.000432 0.000610 0.005528 0.005200 0.000643 0.000550 0.000666 0.000483 0.000389 0.000195 0.000140 0.000275 0.000424 0.000761 0.001831 0.000741 0.000939 0.002030 0.002482 0.001408 0.000375 0.000199 0.000388 0.000625 0.000767 0.002074 0.000235 0.165918 0.008670 0.000473 0.000428 0.000388 0.000286 0.000494 0.000418 0.000345 0.000272 0.000456 0.000549 0.000782 0.000592 0.000633
0.000488 0.005198 0.005178 0.000545 0.000664 0.000798 0.001656 0.002009 0.004069 0.002347 0.001649 0.000802 0.000896 0.001219 0.000873 0.000301 0.000140 0.000320 0.000511 0.000428 0.000516 0.006115 0.005739 0.000618 0.000566 0.000520 0.000488 0.000419 0.000611 0.000271 0.000329 0.000399 0.000495 0.000722 0.003232 0.002061 0.003875 0.002297 0.000399 0.000287 0.000410 0.000214 0.000416 0.000488 0.000683 0.009752 0.009403 0.008692 0.000414 0.000355 0.000268 0.000265 0.000431 0.000254 0.000314 0.000193 0.000354 0.000491 0.000610 0.000995 0.000659 0.000807
0.006552 0.005761 0.000482 0.000524 0.000457 0.000467 0.000493 0.000495 0.000694 0.000491 0.000448 0.000399 0.000322 0.000214 0.000265 0.000188 0.000291 0.000395 0.000630 0.000493 0.006554 0.009371 0.000580 0.000522 0.000459 0.000398 0.000382 0.000320 0.000205 0.000284 0.000496 0.000525 0.000704 0.000843 0.004358 0.001517 0.000492 0.000401 0.000317 0.000243 0.000542 0.000353 0.000471 0.000554 0.000695 0.010765 0.000226 0.000236 0.000261 0.000323 0.000449 0.000597 0.000525 0.000442 0.000430 0.000140 0.000302 0.000830 0.001250 0.002473 0.001521 0.001081
0.000315 0.001084 0.000220 0.000210 0.000257 0.000259 0.000319 0.000434 0.000535 0.000390 0.000361 0.000313 0.000195 0.000211 0.000353 0.000377 0.000472 0.000439 0.006962 0.355068 0.008869 0.000553 0.000493 0.000436 0.000343 0.000190 0.000236 0.000170 0.000170 0.000350 0.000411 0.000543 0.000570 0.005461 0.005141 0.001707 0.000409 0.000301 0.000140 0.000324 0.000520 0.000612 0.000574 0.000756 0.011572 0.010744 0.002325 0.001307 0.001745 0.003036 0.002284 0.001881 0.001377 0.000827 0.000316 0.000196 0.000209 0.000379 0.000358 0.000418 0.001754 0.010489
0.000500 0.000857 0.001858 0.000988 0.001507 0.001091 0.000779 0.000633 0.000357 0.000215 0.000209 0.000194 0.000140 0.000373 0.000529 0.000622 0.000628 0.315859 0.191311 0.000545 0.000666 0.000481 0.000397 0.000359 0.000265 0.000344 0.000495 0.000311 0.000202 0.000385 0.000918 0.001322 0.001693 0.008520 0.000554 0.000525 0.000341 0.000210 0.000196 0.000371 0.000529 0.000772 0.000536 0.000584 0.014966 0.001282 0.001812 0.002458 0.002352 0.000489 0.000615 0.000568 0.000614 0.000425 0.000212 0.000210 0.000321 0.000253 0.000232 0.000226 0.000223 0.009407
0.000748 0.000836 0.000676 0.001282 0.000390 0.000346 0.000212 0.000273 0.000284 0.000362 0.000437 0.000313 0.000194 0.000309 0.000389 0.000533 0.007034 0.005254 0.000327 0.000443 0.000564 0.000406 0.000220 0.000223 0.000235 0.000396 0.000935 0.000376 0.000213 0.000415 0.000437 0.000434 0.000310 0.006761 0.000854 0.000554 0.000259 0.000330 0.000212 0.000695 0.000833 0.001414 0.002079 0.001347 0.012169 0.000230 0.000252 0.000290 0.000509 0.000744 0.000672 0.000542 0.000505 0.000456 0.000398 0.000216 0.000371 0.000399 0.000466 0.000395 0.000428 0.123812
0.016709 0.000728 0.000499 0.000233 0.000236 0.000272 0.000537 0.000447 0.000436 0.000411 0.000606 0.000367 0.000208 0.000357 0.000528 0.000470 0.003553 0.007292 0.000584 0.000623 0.000416 0.000394 0.000341 0.000219 0.000344 0.000551 0.001487 0.000614 0.000677 0.000350 0.000265 0.000232 0.000370 0.007062 0.000642 0.000676 0.000792 0.000476 0.000218 0.000217 0.000452 0.000351 0.000383 0.001471 0.016180 0.000498 0.000524 0.000744 0.000471 0.000253 0.000299 0.000408 0.000391 0.000343 0.000231 0.000403 0.000462 0.000491 0.000595 0.000490 0.000578 0.577393
0.014288 0.009817 0.000493 0.000375 0.000339 0.000234 0.000858 0.000453 0.000298 0.001291 0.000967 0.000280 0.000342 0.000428 0.000915 0.000331 0.002403 0.008210 0.000851 0.000362 0.000223 0.000231 0.000262 0.000353 0.000442 0.000489 0.002114 0.000881 0.000140 0.000302 0.000379 0.000400 0.000584 0.007312 0.000441 0.000356 0.000266 0.000356 0.000219 0.000330 0.000469 0.000570 0.000317 0.000262 0.012821 0.000608 0.000599 0.000517 0.000639 0.000504 0.000527 0.000543 0.000218 0.000222 0.000228 0.000358 0.000559 0.000646 0.000673 0.000640 0.008644 0.008411
0.000415 0.020230 0.009556 0.000421 0.000357 0.000218 0.002324 0.002057 0.001634 0.001468 0.000335 0.000269 0.000398 0.000556 0.000906 0.008501 0.060046 0.007351 0.000245 0.000287 0.000396 0.000353 0.000235 0.000403 0.000512 0.002468 0.001691 0.000210 0.000195 0.000363 0.000450 0.000498 0.000482 0.038057 0.000351 0.000222 0.000237 0.000410 0.000495 0.000391 0.000505 0.000713 0.000490 0.000475 0.013162 0.001132 0.001424 0.001866 0.001458 0.001345 0.000843 0.000390 0.000335 0.000218 0.000339 0.000444 0.000490 0.000546 0.000678 0.208782 0.008681 0.000211
0.000375 0.000666 0.123812 0.025214 0.000981 0.001919 0.002531 0.000365 0.000306 0.000191 0.000140 0.000289 0.000571 0.000488 0.000718 0.107617 0.001059 0.001121 0.000540 0.000613 0.000727 0.000872 0.000385 0.000487 0.001855 0.001537 0.000854 0.000214 0.000321 0.000427 0.000510 0.000570 0.007512 0.071125 0.000571 0.000343 0.000224 0.000420 0.000536 0.000538 0.000589 0.001161 0.000323 0.000461 0.148840 0.002208 0.001521 0.000403 0.000334 0.000241 0.000221 0.000230 0.000260 0.000352 0.000432 0.000508 0.000571 0.000633 0.009811 0.008888 0.000214 0.000214
0.000320 0.000747 0.000729 0.059517 0.067197 0.001405 0.000214 0.000214 0.000213 0.000210 0.000291 0.000458 0.000446 0.022324 0.281515 0.009449 0.001111 0.001372 0.002177 0.001438 0.001025 0.000348 0.000254 0.000875 0.001514 0.002652 0.000660 0.000216 0.000429 0.000505 0.000578 0.000640 0.009180 0.000412 0.000410 0.000397 0.000221 0.000508 0.000710 0.000782 0.001479 0.000874 0.000259 0.000438 0.400507 0.000443 0.000385 0.000249 0.000282 0.000479 0.000381 0.000339 0.000234 0.000400 0.000489 0.000560 0.000620 0.000678 0.008862 0.000212 0.000213 0.000314
