001_floodsim/sample_code/hipims_case/output/h_max_7200.asc
ncols 269
nrows 269
xllcorner 0.000000
yllcorner 0.000000
cellsize 10.000000
NODATA_value -9999.000000
[rows 140 to 167 of 269, columns 0 to 61 of 269]
-9999.000000 -9999.000000 -9999.000000 -9999.000000 -9999.000000 -9999.000000 7.140752 0.836102 0.479808 0.627547 0.090111 0.000194 0.285004 0.195212 0.183150 0.193827 0.392425 0.184394 0.064858 0.075394 0.091726 0.124981 0.139412 0.138964 0.153844 0.114547 0.152941 0.083128 0.001439 0.001215 0.000810 0.000628 0.000620 0.000364 0.000257 0.000195 0.000140 0.000783 0.000415 0.000329 0.000210 0.000475 0.000585 0.000593 0.007617 0.205396 0.165755 0.003874 0.000876 0.000396 0.000377 0.073527 0.503273 0.386227 0.045608 0.004094 0.002120 0.001026 0.001269 0.001526 0.000517 0.000221
-9999.000000 -9999.000000 -9999.000000 -9999.000000 -9999.000000 -9999.000000 7.066586 1.014204 0.664853 0.739955 0.243963 0.000140 0.171282 0.081871 0.105743 0.143497 0.048606 0.056246 0.064717 0.071638 0.080214 0.089421 0.081675 0.134845 0.084318 0.176159 0.197250 0.103126 0.000437 0.000445 0.000437 0.000414 0.000347 0.000357 0.000403 0.000324 0.000195 0.000619 0.000638 0.000540 0.000472 0.000473 0.000600 0.085097 0.453381 0.488198 0.458168 0.387095 0.103816 0.000334 0.000456 0.392602 0.481028 0.300938 0.005397 0.001810 0.001563 0.001530 0.000246 0.000287 0.000379 0.000538
-9999.000000 -9999.000000 -9999.000000 -9999.000000 -9999.000000 -9999.000000 7.021809 1.160938 0.871469 0.735106 0.226216 0.116719 0.394304 0.235871 0.177903 0.084090 0.059039 0.054178 0.055686 0.066258 0.100207 0.117270 0.122449 0.162068 0.114513 0.200766 0.237745 0.116726 0.000219 0.000226 0.000231 0.000249 0.000296 0.000414 0.000580 0.000257 0.000347 0.000579 0.000679 0.000675 0.000824 0.000560 0.008099 0.426452 0.490824 0.541982 0.513284 0.476538 0.491462 0.418821 0.434954 0.409247 0.321444 0.184279 0.001000 0.001525 0.001478 0.000909 0.001706 0.002346 0.003045 0.000645
-9999.000000 -9999.000000 -9999.000000 -9999.000000 -9999.000000 -9999.000000 7.030212 1.198724 0.896224 0.640954 0.355071 0.426732 0.485024 0.322376 0.153969 0.080048 0.068309 0.058286 0.075074 0.089512 0.092216 0.105580 0.132806 0.071237 0.171826 0.204522 0.228961 0.171372 0.000418 0.000416 0.000403 0.000365 0.000246 0.000435 0.000773 0.000496 0.000938 0.000698 0.001275 0.000896 0.001139 0.007737 0.324444 0.475083 0.470936 0.415899 0.317634 0.427986 0.509577 0.512479 0.502157 0.426983 0.237804 0.027031 0.000776 0.001001 0.001940 0.002443 0.002001 0.000837 0.001595 0.001950
-9999.000000 -9999.000000 -9999.000000 -9999.000000 -9999.000000 -9999.000000 7.112719 1.241267 0.786201 0.457737 0.573117 0.660032 0.506505 0.151338 0.131253 0.106043 0.081407 0.060294 0.071182 0.075802 0.047272 0.073305 0.035705 0.115106 0.177465 0.200315 0.221707 0.225936 0.151485 0.001035 0.000480 0.000402 0.000228 0.000442 0.001130 0.000262 0.000694 0.000479 0.000941 0.000606 0.000742 0.094290 0.500454 0.489604 0.312028 0.017110 0.000419 0.008300 0.228328 0.391271 0.378643 0.162753 0.031720 0.010558 0.000218 0.000214 0.000196 0.000263 0.000228 0.000239 0.000271 0.000349
-9999.000000 -9999.000000 -9999.000000 -9999.000000 -9999.000000 -9999.000000 7.249821 1.224519 0.752932 0.426662 0.489142 0.519080 0.231396 0.169909 0.178259 0.134899 0.098150 0.115888 0.050788 0.038228 0.049613 0.082785 0.058427 0.119910 0.132548 0.158149 0.184790 0.271134 0.330118 0.170183 0.003971 0.000419 0.000222 0.000445 0.001408 0.000236 0.000602 0.000623 0.001441 0.000388 0.009814 0.388191 0.533842 0.446109 0.056621 0.000761 0.000651 0.000446 0.000594 0.003398 0.001372 0.000562 0.000250 0.008644 0.009184 0.003346 0.004905 0.010082 0.007240 0.007117 0.000615 0.000735
-9999.000000 -9999.000000 -9999.000000 -9999.000000 -9999.000000 -9999.000000 7.399607 1.012380 0.759361 0.373403 0.181803 0.292183 0.181241 0.189421 0.228651 0.185653 0.192882 0.154112 0.037266 0.016896 0.023707 0.022451 0.073471 0.106298 0.091784 0.035488 0.041940 0.258691 0.380507 0.426165 0.360715 0.191120 0.163833 0.213430 0.235232 0.122425 0.052312 0.027374 0.020869 0.054183 0.268072 0.474791 0.481468 0.252193 0.001156 0.000768 0.000680 0.000722 0.000576 0.000865 0.000625 0.000632 0.000295 0.000378 0.007178 0.047796 0.005606 0.000575 0.000434 0.007146 0.007072 0.006492
-9999.000000 -9999.000000 -9999.000000 -9999.000000 -9999.000000 -9999.000000 7.447624 0.801556 0.590534 0.096478 0.125613 0.263438 0.226473 0.234496 0.263066 0.226149 0.220200 0.174323 0.048372 0.013328 0.010590 0.046408 0.068980 0.083225 0.001220 0.000435 0.000386 0.054578 0.314656 0.425051 0.475022 0.497842 0.491261 0.475095 0.477327 0.435686 0.413327 0.428469 0.421830 0.438133 0.441310 0.448261 0.325212 0.034954 0.001527 0.001332 0.000997 0.001123 0.000560 0.000565 0.000471 0.000731 0.000405 0.000250 0.000674 0.000777 0.002068 0.000876 0.000701 0.000528 0.000509 0.000763
-9999.000000 -9999.000000 -9999.000000 -9999.000000 -9999.000000 -9999.000000 7.384555 0.178517 0.127221 0.078997 0.095034 0.146205 0.247591 0.268783 0.274113 0.237644 0.208800 0.176197 0.084864 0.029725 0.014408 0.070749 0.083313 0.041460 0.000352 0.000276 0.000592 0.000788 0.050294 0.335735 0.452198 0.491789 0.477006 0.467918 0.477349 0.458825 0.446882 0.456252 0.470871 0.458364 0.418805 0.304648 0.070299 0.001183 0.001452 0.000954 0.000796 0.000690 0.000683 0.000488 0.000406 0.000567 0.000347 0.000303 0.000828 0.000756 0.001329 0.000621 0.001120 0.000658 0.000470 0.000367
-9999.000000 -9999.000000 -9999.000000 -9999.000000 -9999.000000 -9999.000000 6.704760 0.441139 0.907515 1.094971 0.685826 0.436267 0.341006 0.321208 0.309376 0.298997 0.248070 0.119687 0.019093 0.000140 0.016188 0.045612 0.036199 0.000413 0.000218 0.000497 0.000972 0.000625 0.001666 0.003196 0.114898 0.239538 0.286083 0.320880 0.355649 0.411439 0.410312 0.364931 0.296081 0.176387 0.065181 0.014148 0.001693 0.000807 0.000732 0.000951 0.000730 0.000564 0.000475 0.000390 0.000354 0.000309 0.000140 0.000445 0.001647 0.000544 0.000491 0.000406 0.000579 0.000412 0.000386 0.000192
-9999.000000 -9999.000000 -9999.000000 -9999.000000 -9999.000000 -9999.000000 5.927444 1.360052 1.842837 1.771976 0.814012 0.419749 0.377549 0.391681 0.421614 0.443134 0.353465 0.097388 0.000738 0.000558 0.009827 0.021319 0.000517 0.000396 0.000217 0.000404 0.000552 0.000904 0.002245 0.001026 0.000737 0.000690 0.000911 0.001821 0.037121 0.107675 0.119764 0.007428 0.002044 0.000449 0.000230 0.000721 0.002628 0.000705 0.000716 0.000706 0.001139 0.000487 0.000384 0.000195 0.000140 0.000197 0.000310 0.000494 0.000443 0.000422 0.000386 0.000306 0.000273 0.000211 0.000343 0.000418
-9999.000000 -9999.000000 -9999.000000 -9999.000000 -9999.000000 -9999.000000 -9999.000000 0.000140 2.259807 1.882256 0.576210 0.433346 0.436977 0.509539 0.635144 3.691801 3.484500 0.000140 0.001428 0.014986 0.028851 0.001291 0.000469 0.000381 0.000212 0.000378 0.000539 0.000803 0.002377 0.000473 0.000236 0.000519 0.000776 0.000801 0.000872 0.000915 0.004130 0.000776 0.000610 0.000450 0.000244 0.000496 0.001559 0.000564 0.000560 0.000532 0.000849 0.000763 0.000660 0.000327 0.000196 0.000455 0.002653 0.001230 0.000223 0.000223 0.000227 0.000236 0.000463 0.000217 0.000911 0.000549
-9999.000000 -9999.000000 -9999.000000 -9999.000000 -9999.000000 -9999.000000 -9999.000000 -9999.000000 0.000140 1.687961 0.381134 0.567995 0.582317 0.697123 3.944998 3.709203 3.393869 1.151321 0.000140 0.003442 0.009829 0.000526 0.000425 0.000327 0.000196 0.000325 0.000539 0.000891 0.002859 0.000479 0.000261 0.000577 0.000833 0.001027 0.001153 0.001243 0.004551 0.001222 0.000625 0.000445 0.000285 0.000362 0.001050 0.000433 0.000428 0.000421 0.000416 0.000350 0.000508 0.000389 0.000213 0.002383 0.004196 0.000848 0.001833 0.000772 0.000438 0.000225 0.000630 0.000473 0.001747 0.002173
-9999.000000 -9999.000000 -9999.000000 -9999.000000 -9999.000000 -9999.000000 -9999.000000 -9999.000000 -9999.000000 0.000170 0.000170 0.850171 0.634698 0.681942 3.741998 3.602849 0.974263 1.118296 1.155793 0.000520 0.000639 0.000473 0.000350 0.000196 0.000140 0.000196 0.000554 0.001052 0.001344 0.000477 0.000327 0.000659 0.001351 0.000808 0.000774 0.000767 0.001967 0.001241 0.000641 0.000422 0.000392 0.000218 0.000607 0.000218 0.000211 0.000189 0.000256 0.000196 0.000140 0.000397 0.002228 0.002011 0.000479 0.000495 0.000515 0.000223 0.000229 0.000351 0.001002 0.000490 0.000942 0.001853
-9999.000000 -9999.000000 -9999.000000 -9999.000000 -9999.000000 -9999.000000 -9999.000000 -9999.000000 -9999.000000 -9999.000000 -9999.000000 0.000140 0.841893 0.716724 0.839619 0.909307 1.044544 1.157190 1.018794 0.000451 0.000454 0.000436 0.000259 0.000327 0.000196 0.000664 0.001041 0.001328 0.000228 0.000422 0.000470 0.000749 0.000948 0.000710 0.000592 0.000607 0.000784 0.001559 0.001094 0.000262 0.000338 0.000213 0.000216 0.000830 0.000525 0.000623 0.000814 0.001124 0.001683 0.008942 0.004658 0.000893 0.000212 0.000190 0.000265 0.000222 0.000352 0.000454 0.000620 0.000901 0.000758 0.002304
-9999.000000 -9999.000000 -9999.000000 -9999.000000 -9999.000000 -9999.000000 -9999.000000 -9999.000000 -9999.000000 -9999.000000 -9999.000000 -9999.000000 0.000140 0.786130 0.734816 0.979636 1.137998 1.126250 0.879735 0.000246 0.000299 0.000421 0.001013 0.001153 0.000816 0.000303 0.000901 0.000423 0.000241 0.000385 0.000603 0.000764 0.001913 0.000243 0.000319 0.000473 0.000336 0.000726 0.001252 0.001063 0.000211 0.000196 0.000574 0.045419 0.072588 0.003632 0.005151 0.003066 0.002438 0.001316 0.008841 0.000723 0.000339 0.000210 0.000359 0.000403 0.000642 0.000464 0.000634 0.000839 0.000865 0.002722
-9999.000000 -9999.000000 -9999.000000 -9999.000000 -9999.000000 -9999.000000 -9999.000000 -9999.000000 -9999.000000 -9999.000000 -9999.000000 -9999.000000 -9999.000000 0.000335 0.000190 0.963308 1.206572 1.210793 1.057785 0.901510 0.000693 0.000851 0.001222 0.000305 0.000438 0.000442 0.000407 0.000384 0.000279 0.000299 0.000370 0.000381 0.000801 0.000285 0.000140 0.000196 0.000213 0.000333 0.000365 0.000822 0.000311 0.000140 0.000194 0.057494 0.064839 0.000346 0.000194 0.000601 0.000209 0.000337 0.001323 0.000606 0.000263 0.000358 0.000588 0.001011 0.000650 0.000642 0.000710 0.033197 0.024734 0.003083
-9999.000000 -9999.000000 -9999.000000 -9999.000000 -9999.000000 -9999.000000 -9999.000000 -9999.000000 -9999.000000 -9999.000000 -9999.000000 -9999.000000 -9999.000000 0.000239 0.000270 0.000326 1.448864 1.307268 1.201010 0.997755 0.546998 0.000614 0.000623 0.000368 0.000189 0.000253 0.000188 0.000255 0.000188 0.000257 0.000197 0.000140 0.000292 0.000140 0.000285 0.000357 0.000681 0.000195 0.000140 0.000300 0.000758 0.000308 0.000211 0.001328 0.000351 0.000284 0.000140 0.000237 0.000184 0.000210 0.000916 0.001374 0.000236 0.000413 0.000462 0.000637 0.000898 0.000640 0.019573 0.004104 0.000331 0.000259
-9999.000000 -9999.000000 -9999.000000 -9999.000000 -9999.000000 -9999.000000 -9999.000000 -9999.000000 -9999.000000 -9999.000000 -9999.000000 -9999.000000 -9999.000000 -9999.000000 0.000232 0.000251 1.236636 1.325945 1.275895 1.239167 0.975216 0.507737 0.000617 0.000469 0.000399 0.000368 0.000524 0.000368 0.000513 0.000359 0.000213 0.000301 0.000391 0.000661 0.000239 0.000526 0.042534 0.000321 0.000196 0.000411 0.001141 0.001378 0.044872 0.046460 0.000192 0.000140 0.000286 0.000497 0.000337 0.000394 0.000745 0.001385 0.000668 0.001057 0.000321 0.000591 0.000827 0.018351 0.004645 0.000195 0.000140 0.000324
-9999.000000 -9999.000000 -9999.000000 -9999.000000 -9999.000000 -9999.000000 -9999.000000 -9999.000000 -9999.000000 -9999.000000 -9999.000000 -9999.000000 -9999.000000 -9999.000000 -9999.000000 0.000194 0.000313 1.352039 1.359308 1.396116 1.402410 1.422363 1.448690 1.091594 0.000566 0.000584 0.000996 0.000690 0.000597 0.000271 0.000346 0.000409 0.001003 0.000628 0.000449 0.000480 0.000464 0.001065 0.000397 0.000140 0.000232 0.000186 0.000300 0.000948 0.000594 0.000194 0.000361 0.000889 0.000262 0.000435 0.000670 0.001350 0.000827 0.009506 0.006821 0.006730 0.014766 0.005359 0.000675 0.000382 0.000323 0.000234
-9999.000000 -9999.000000 -9999.000000 -9999.000000 -9999.000000 -9999.000000 -9999.000000 -9999.000000 -9999.000000 -9999.000000 -9999.000000 -9999.000000 -9999.000000 -9999.000000 -9999.000000 0.000140 0.000353 0.000414 1.406562 1.415882 1.425062 1.554803 1.601299 1.707755 1.577179 0.000661 0.000631 0.000438 0.000284 0.000382 0.000436 1.922902 1.921576 1.918858 1.737962 1.136847 0.000445 0.000217 0.000385 0.000194 0.001081 0.000300 0.000140 0.000196 0.000264 0.000282 0.000895 0.000894 0.000389 0.000302 0.000581 0.002400 0.117950 0.014099 0.000195 0.001153 0.000572 0.000614 0.000788 0.001690 0.000583 0.000323
-9999.000000 -9999.000000 -9999.000000 -9999.000000 -9999.000000 -9999.000000 -9999.000000 -9999.000000 -9999.000000 -9999.000000 -9999.000000 -9999.000000 -9999.000000 -9999.000000 -9999.000000 -9999.000000 0.000140 0.000295 0.000518 1.153469 1.020372 1.277566 1.357938 1.468403 1.505803 1.364295 0.000627 0.000449 0.000244 0.000411 1.713274 2.034649 2.031715 2.018032 1.934750 1.679370 1.408266 0.883978 0.000417 0.000211 0.000551 0.001508 0.000385 0.000242 0.000357 0.000557 0.000684 1.364076 1.159513 1.049276 1.181916 1.180969 0.004402 0.000195 0.000140 0.000665 0.000332 0.000196 0.000140 0.000422 0.000421 0.000380
-9999.000000 -9999.000000 -9999.000000 -9999.000000 -9999.000000 -9999.000000 -9999.000000 -9999.000000 -9999.000000 -9999.000000 -9999.000000 -9999.000000 -9999.000000 -9999.000000 -9999.000000 -9999.000000 -9999.000000 0.000194 0.000550 0.000411 0.000596 1.219064 1.138246 1.589877 1.784671 1.724566 1.521661 0.943212 0.643134 1.044584 1.906122 1.982629 1.990400 1.972677 1.938699 1.940353 1.816742 1.574751 1.152047 0.000456 0.000875 0.000745 0.000228 0.000305 1.551983 1.765230 1.806885 1.813103 1.671702 1.637334 1.815658 1.727556 1.589967 1.055902 0.679607 0.000220 0.000218 0.000212 0.000787 0.000521 0.000431 0.000557
-9999.000000 -9999.000000 -9999.000000 -9999.000000 -9999.000000 -9999.000000 -9999.000000 -9999.000000 -9999.000000 -9999.000000 -9999.000000 -9999.000000 -9999.000000 -9999.000000 -9999.000000 -9999.000000 -9999.000000 0.000140 0.000422 0.000361 0.000567 0.000700 0.000540 1.473274 1.792661 1.798604 1.785760 1.678313 1.621008 1.682571 1.933681 1.903144 1.934753 1.850779 1.781742 1.935350 2.014704 1.970199 1.794309 1.422575 1.177565 1.252439 1.342107 1.458482 1.796169 1.960793 1.997260 2.040077 1.979404 1.975994 1.997355 1.967229 2.141921 1.936186 1.688650 1.337336 0.000463 0.000511 0.001035 0.000499 0.000297 0.943322
-9999.000000 -9999.000000 -9999.000000 -9999.000000 -9999.000000 -9999.000000 -9999.000000 -9999.000000 -9999.000000 -9999.000000 -9999.000000 -9999.000000 -9999.000000 -9999.000000 -9999.000000 -9999.000000 -9999.000000 -9999.000000 0.000451 0.000321 0.000830 0.000645 0.000773 0.000668 1.719370 1.862731 1.874362 1.878569 1.891476 1.904379 1.853274 1.683003 0.000743 0.000441 0.000206 1.883715 1.987353 2.033341 2.060399 1.986961 1.940701 1.927766 1.953390 1.847860 1.799005 1.795558 1.797944 1.964776 1.937287 1.849343 1.725053 1.636275 1.975497 2.115656 2.226900 2.124410 1.964032 1.567557 0.000468 1.808603 1.676218 1.557243
-9999.000000 -9999.000000 -9999.000000 -9999.000000 -9999.000000 -9999.000000 -9999.000000 -9999.000000 -9999.000000 -9999.000000 -9999.000000 -9999.000000 -9999.000000 -9999.000000 -9999.000000 -9999.000000 -9999.000000 -9999.000000 0.000140 0.000471 0.000546 0.000482 0.000510 0.000663 0.000644 1.851438 1.878746 1.947702 1.975530 2.001748 1.788700 0.000776 0.001166 0.000625 0.000269 0.000471 1.606518 1.763091 2.004844 2.023076 2.005321 1.990091 1.989521 1.961933 1.883511 1.869018 1.505851 0.000477 0.000833 0.001772 0.000635 0.000428 1.908768 1.904453 2.213007 2.233908 2.190029 1.940879 1.875796 2.066662 2.252650 2.226213
-9999.000000 -9999.000000 -9999.000000 -9999.000000 -9999.000000 -9999.000000 -9999.000000 -9999.000000 -9999.000000 -9999.000000 -9999.000000 -9999.000000 -9999.000000 -9999.000000 -9999.000000 -9999.000000 -9999.000000 -9999.000000 -9999.000000 0.000539 0.000459 0.000212 0.000383 0.000465 0.000511 0.000651 0.000641 1.774241 0.004597 0.010189 0.000834 0.001079 0.000779 0.000586 0.000274 0.000464 0.000630 0.000644 1.724499 1.838494 1.973750 1.975938 1.869636 1.775074 1.579618 0.000738 0.000777 0.001052 0.001344 0.001743 0.000947 0.000939 0.000746 0.004545 2.132884 2.236696 2.287374 2.223948 2.227102 2.270356 2.261137 2.184854
-9999.000000 -9999.000000 -9999.000000 -9999.000000 -9999.000000 -9999.000000 -9999.000000 -9999.000000 -9999.000000 -9999.000000 -9999.000000 -9999.000000 -9999.000000 -9999.000000 -9999.000000 -9999.000000 -9999.000000 -9999.000000 -9999.000000 0.000438 0.000474 0.000196 0.000326 0.000387 0.000416 0.000429 0.000759 0.000456 0.000474 0.014268 0.000779 0.000876 0.000903 0.000683 0.000358 0.000443 0.000894 0.000536 0.000602 0.000660 1.312109 1.404190 0.000757 0.000788 0.000973 0.000854 0.000552 0.000264 0.002260 0.000640 0.000543 0.000526 0.000677 0.006690 0.002859 1.999045 2.157809 2.213818 2.230348 2.211165 2.206775 1.963239
