001_floodsim/sample_code/hipims_case/output/h_max_7200.asc
ncols 269
nrows 269
xllcorner 0.000000
yllcorner 0.000000
cellsize 10.000000
NODATA_value -9999.000000
[rows 112 to 139 of 269, columns 0 to 61 of 269]
-9999.000000 -9999.000000 -9999.000000 -9999.000000 -9999.000000 -9999.000000 7.795031 0.000197 0.000264 0.000268 0.000353 0.000618 0.000388 0.003501 0.011290 0.027372 0.056344 0.069358 0.024426 0.016414 0.000359 0.000193 0.000482 0.003478 0.002002 0.002482 0.005207 0.000140 0.013462 0.021513 0.000868 0.000971 0.001292 0.002828 0.001467 0.000416 0.000382 0.000266 0.000345 0.000221 0.000396 0.000735 0.000617 0.000683 0.068243 0.068638 0.002590 0.000653 0.000541 0.000566 0.000526 0.000445 0.000583 0.000361 0.000196 0.000420 0.000613 0.000706 0.000489 0.000557 0.244910 0.628153
-9999.000000 -9999.000000 -9999.000000 -9999.000000 -9999.000000 -9999.000000 7.765984 0.000369 0.000328 0.000140 0.000196 0.000212 0.000473 0.005095 0.010756 0.016617 0.039922 0.103936 0.018420 0.009702 0.000569 0.000671 0.000915 0.002082 0.001240 0.001258 0.005825 0.017085 0.000140 0.010047 0.004775 0.002880 0.001619 0.002618 0.001330 0.000633 0.000683 0.000548 0.000398 0.000221 0.000419 0.000820 0.000500 0.009225 0.009628 0.000933 0.001613 0.001140 0.000308 0.000438 0.000425 0.000401 0.000361 0.000288 0.000140 0.000196 0.000371 0.001054 0.001674 0.002617 0.420439 0.662172
-9999.000000 -9999.000000 -9999.000000 -9999.000000 -9999.000000 -9999.000000 7.748272 0.000550 0.000702 0.000351 0.000330 0.000217 0.000218 0.000258 0.002401 0.011192 0.028204 0.453900 0.440715 0.006319 0.000843 0.001052 0.001362 0.001705 0.001126 0.000882 0.000140 0.003811 0.006626 0.000140 0.002811 0.001456 0.001879 0.001915 0.000813 0.000630 0.000487 0.000446 0.000436 0.000261 0.000558 0.000944 0.015031 0.009590 0.000676 0.000770 0.001323 0.001243 0.001214 0.000220 0.000218 0.000212 0.000196 0.000140 0.000287 0.000364 0.000468 0.000317 0.000841 0.006355 0.392571 0.665892
-9999.000000 -9999.000000 -9999.000000 -9999.000000 -9999.000000 -9999.000000 7.656458 0.094029 0.000520 0.000803 0.000430 0.000338 0.000217 0.000353 0.001548 0.010564 0.028713 0.580788 0.672108 0.025871 0.000971 0.001302 0.001344 0.001351 0.000953 0.000676 0.000195 0.004244 0.003973 0.006539 0.004307 0.007963 0.008211 0.001515 0.000860 0.000732 0.000697 0.000736 0.000548 0.000194 0.000370 0.003803 0.098795 0.000667 0.000389 0.000637 0.000689 0.001090 0.000998 0.001124 0.000755 0.000385 0.000326 0.000195 0.000494 0.000391 0.000521 0.002165 0.001142 0.000938 0.131656 0.542090
-9999.000000 -9999.000000 -9999.000000 -9999.000000 -9999.000000 -9999.000000 7.439598 0.666375 0.000603 0.000541 0.000347 0.001050 0.000219 0.000397 0.001078 0.000589 0.000563 0.509080 0.777504 0.599733 0.071057 0.001279 0.001153 0.001375 0.000972 0.000954 0.001180 0.001825 0.013116 0.050862 0.000140 0.003776 0.002158 0.004596 0.001220 0.000847 0.000818 0.000473 0.000379 0.000213 0.000401 0.012414 0.009155 0.000778 0.001900 0.000891 0.001109 0.000533 0.000686 0.000470 0.000297 0.000433 0.000259 0.000499 0.000445 0.000512 0.001076 0.001315 0.000283 0.000437 0.031547 0.471663
-9999.000000 -9999.000000 -9999.000000 -9999.000000 -9999.000000 -9999.000000 7.280648 1.262934 0.098766 0.000597 0.000222 0.000616 0.000834 0.000497 0.000869 0.000897 0.000386 0.054301 0.710320 0.720320 0.552922 0.001268 0.001142 0.001542 0.001136 0.001096 0.001219 0.001248 0.000140 0.010931 0.000496 0.000575 0.000606 0.001623 0.001828 0.000774 0.000539 0.000474 0.000283 0.000361 0.010818 0.037438 0.001872 0.002239 0.000656 0.000580 0.000538 0.000506 0.000454 0.000454 0.000444 0.000371 0.000549 0.000761 0.001478 0.019791 0.000341 0.000218 0.000386 0.000413 0.000417 0.040616
-9999.000000 -9999.000000 -9999.000000 -9999.000000 -9999.000000 -9999.000000 7.230605 1.269316 0.303088 0.000410 0.000224 0.000552 0.000771 0.000527 0.122100 0.621807 0.020234 0.034034 0.619032 0.715780 0.618772 0.351596 0.317673 0.001480 0.001259 0.001570 0.001742 0.002221 0.003153 0.005038 0.003152 0.000847 0.000646 0.000510 0.001223 0.000996 0.000574 0.000463 0.000243 0.011188 0.068511 0.000639 0.000605 0.000705 0.000582 0.000876 0.000442 0.000368 0.000231 0.000250 0.000304 0.000352 0.000426 0.000526 0.001800 0.000220 0.000217 0.000213 0.000315 0.000253 0.000231 0.000222
-9999.000000 -9999.000000 -9999.000000 -9999.000000 -9999.000000 -9999.000000 7.275493 0.707817 0.089807 0.000304 0.000432 0.094294 0.676735 0.884754 0.585458 0.564541 0.239760 0.068463 0.159569 0.773199 0.749373 0.697881 0.623429 0.284001 0.001555 0.001579 0.002396 0.002545 0.003030 0.003121 0.000340 0.000428 0.000715 0.000615 0.000918 0.000766 0.000531 0.000317 0.017415 0.011223 0.000560 0.000525 0.000443 0.000567 0.000443 0.000401 0.000239 0.000270 0.000353 0.000230 0.000385 0.000654 0.000576 0.005681 0.002263 0.000793 0.000459 0.000196 0.000140 0.000602 0.000402 0.000427
-9999.000000 -9999.000000 -9999.000000 -9999.000000 -9999.000000 -9999.000000 7.139784 0.746580 0.200992 0.081562 0.128350 0.611853 1.644780 2.067947 1.687075 0.622598 0.844108 0.472385 0.282565 0.611299 0.749488 0.751898 0.686496 0.488611 0.081005 0.002612 0.002595 0.002579 0.002675 0.002518 0.002020 0.044906 0.001426 0.002773 0.003324 0.005088 0.007623 0.015093 0.011035 0.000445 0.000446 0.000429 0.000383 0.000238 0.000267 0.000340 0.000789 0.000475 0.000471 0.000395 0.000333 0.004744 0.074333 0.045242 0.001056 0.000264 0.000340 0.000256 0.000436 0.000446 0.000499 0.003903
-9999.000000 -9999.000000 -9999.000000 -9999.000000 -9999.000000 -9999.000000 6.837826 1.010705 0.403142 0.236859 0.134328 0.980427 2.407576 2.898410 2.375374 1.651874 0.746491 0.977686 0.289853 0.259373 0.749484 0.795133 0.769528 0.661511 0.568717 0.581954 0.008908 0.002710 0.002736 0.002905 0.003268 0.006417 0.003844 0.007915 0.009353 0.012564 0.008635 0.000222 0.000223 0.000225 0.000232 0.000250 0.000299 0.000410 0.000622 0.000507 0.000482 0.000367 0.001858 0.000871 0.001531 0.002112 0.000140 0.000480 0.000516 0.000900 0.000384 0.000188 0.000325 0.000470 0.006188 0.364201
-9999.000000 -9999.000000 -9999.000000 -9999.000000 -9999.000000 -9999.000000 6.466707 1.116766 1.094079 1.073258 0.656074 1.739780 3.231430 3.427054 2.760294 2.066415 1.164687 0.897794 0.525443 0.369719 0.601635 0.731174 0.745238 0.695967 0.627532 0.613235 0.374378 0.011977 0.011713 0.010227 0.005662 0.004834 0.097343 0.012527 0.013747 0.002797 0.003632 0.003920 0.000400 0.000548 0.000474 0.000513 0.000555 0.000960 0.000954 0.000730 0.000470 0.000217 0.000903 0.000939 0.002395 0.001053 0.001682 0.000955 0.001180 0.000477 0.000556 0.000252 0.000393 0.000689 0.238097 0.536606
-9999.000000 -9999.000000 -9999.000000 -9999.000000 -9999.000000 -9999.000000 6.101715 1.964356 2.538938 2.555763 1.752262 2.356043 3.571114 3.531077 2.823872 2.221371 1.875939 0.828881 0.811216 0.623309 0.539755 0.645843 0.698850 0.681169 0.670979 0.664238 0.396337 0.003822 0.005211 0.007096 0.012620 0.008253 0.121452 0.001114 0.001437 0.001526 0.003081 0.003966 0.005919 0.008679 0.005542 0.001264 0.002315 0.001405 0.000579 0.000511 0.000475 0.000262 0.000889 0.001181 0.004826 0.003251 0.002541 0.001333 0.000609 0.000544 0.000360 0.000189 0.000395 0.056365 0.463860 0.582374
-9999.000000 -9999.000000 -9999.000000 -9999.000000 -9999.000000 -9999.000000 5.936453 3.426198 3.915544 4.007547 3.250855 3.672399 4.086875 3.618716 2.823221 2.097921 1.897586 1.259487 0.853019 0.748830 0.790645 0.774869 0.697276 0.616884 0.514663 0.515076 0.023653 0.002137 0.003417 0.005686 0.066700 0.020152 0.000988 0.001455 0.000276 0.000345 0.000710 0.000490 0.000319 0.000194 0.005186 0.004876 0.000272 0.000362 0.000576 0.000819 0.000570 0.000193 0.000483 0.000682 0.005267 0.000633 0.000522 0.000432 0.000303 0.000140 0.000386 0.000400 0.000480 0.260157 0.563945 0.567217
-9999.000000 -9999.000000 -9999.000000 -9999.000000 -9999.000000 -9999.000000 6.112905 4.636348 4.897501 5.030533 4.236794 4.140934 4.184529 3.616748 2.788602 2.025321 1.613841 1.433724 0.882520 0.786520 1.010948 1.004848 0.820133 0.639877 0.416038 0.198170 0.000666 0.000676 0.000578 0.000484 0.000871 0.001626 0.001028 0.002731 0.001686 0.001158 0.000595 0.000490 0.000194 0.000140 0.000278 0.004501 0.000570 0.000658 0.000744 0.000909 0.000385 0.000213 0.000458 0.008023 0.005299 0.000568 0.000415 0.000359 0.000196 0.000309 0.000545 0.000444 0.033550 0.521365 0.586069 0.394300
-9999.000000 -9999.000000 -9999.000000 -9999.000000 -9999.000000 -9999.000000 6.263204 5.328496 5.142407 5.404110 4.077748 3.582478 3.873131 3.424977 2.699047 1.841359 1.363409 1.148596 1.044092 0.774656 0.946316 1.141012 0.968190 0.687046 0.000358 0.000536 0.000588 0.000724 0.000989 0.001637 0.000741 0.001388 0.001899 0.001666 0.000745 0.000626 0.000548 0.000582 0.001049 0.001524 0.000286 0.004169 0.016008 0.000670 0.000529 0.000898 0.000287 0.000604 0.062661 0.039859 0.000523 0.000549 0.000517 0.000286 0.000140 0.000348 0.000827 0.000686 0.320989 0.607390 0.527459 0.056385
-9999.000000 -9999.000000 -9999.000000 -9999.000000 -9999.000000 -9999.000000 6.205240 5.027466 4.591472 4.856310 3.642452 2.893497 3.356277 2.976171 2.272782 1.576093 1.231618 1.136749 1.141375 1.040782 0.796919 1.073431 1.108656 1.126131 0.057608 0.000498 0.000338 0.000140 0.000248 0.004126 0.002064 0.001569 0.000962 0.001537 0.001264 0.001053 0.000321 0.000650 0.000375 0.000328 0.000262 0.000520 0.046268 0.001988 0.001377 0.000768 0.194430 0.045293 0.007526 0.000441 0.000293 0.000412 0.000304 0.000140 0.000280 0.000414 0.000544 0.004642 0.468360 0.589869 0.410820 0.027708
-9999.000000 -9999.000000 -9999.000000 -9999.000000 -9999.000000 -9999.000000 6.052264 3.703733 3.246487 3.407295 2.380197 2.201147 2.844076 2.539176 1.950371 1.453403 1.196195 1.116579 1.190464 1.287703 1.051735 0.642196 0.946863 1.300270 0.000942 0.000392 0.000302 0.000196 0.019557 0.010887 0.000472 0.001177 0.000850 0.002190 0.001761 0.001137 0.000469 0.000636 0.000193 0.000140 0.000332 0.000560 0.002289 0.000647 0.000585 0.000339 0.000480 0.000325 0.000197 0.000140 0.000718 0.000322 0.000195 0.000537 0.000798 0.000547 0.000637 0.076798 0.528414 0.478622 0.196757 0.002477
-9999.000000 -9999.000000 -9999.000000 -9999.000000 -9999.000000 -9999.000000 6.009045 2.291424 1.815248 1.735703 1.233398 1.634756 2.270053 2.078942 1.674255 1.337713 1.219204 0.930537 0.855956 1.131649 1.178628 1.086754 0.431643 0.219431 0.001256 0.000330 0.000140 0.006411 0.064232 0.002671 0.003723 0.006020 0.003295 0.002090 0.001438 0.001563 0.001887 0.002093 0.000427 0.000436 0.000478 0.000599 0.001755 0.000549 0.000643 0.000210 0.000195 0.000211 0.000327 0.001291 0.000967 0.000195 0.000140 0.000193 0.000450 0.000698 0.025342 0.398879 0.518596 0.343701 0.010398 0.000530
-9999.000000 -9999.000000 -9999.000000 -9999.000000 -9999.000000 -9999.000000 6.186208 2.026067 1.285230 0.889373 0.672219 1.412637 1.659405 1.492037 1.403511 1.221494 0.914506 0.384777 0.624590 1.135475 1.188171 1.069687 0.349928 0.003617 0.001917 0.000299 0.000197 0.008463 0.104000 0.017398 0.003334 0.003686 0.001676 0.001382 0.001169 0.000949 0.000819 0.000834 0.000529 0.000779 0.000672 0.000538 0.002004 0.000203 0.000821 0.000307 0.000140 0.000297 0.077332 0.001447 0.000307 0.000212 0.000309 0.000362 0.000609 0.034460 0.340606 0.511933 0.472263 0.193901 0.000668 0.000742
-9999.000000 -9999.000000 -9999.000000 -9999.000000 -9999.000000 -9999.000000 6.362354 2.062112 1.531813 1.096914 0.357428 0.774428 0.808635 1.121496 1.158176 0.873552 0.413230 0.218688 0.748278 1.093226 1.030868 0.949007 0.007667 0.005265 0.003156 0.000140 0.023617 0.050071 0.000652 0.001199 0.002261 0.001613 0.001817 0.001441 0.001238 0.000945 0.001048 0.000568 0.001341 0.001542 0.000672 0.001291 0.000974 0.000294 0.000910 0.040477 0.000316 0.030686 0.000585 0.000280 0.000140 0.014910 0.000304 0.000424 0.007751 0.359996 0.506727 0.514376 0.382624 0.010501 0.000427 0.000420
-9999.000000 -9999.000000 -9999.000000 -9999.000000 -9999.000000 -9999.000000 6.539595 1.770121 1.453013 1.516371 0.568149 0.147553 0.702582 0.981226 0.978364 0.745872 0.131675 0.278027 0.836008 1.008049 0.859129 0.016166 0.012472 0.007663 0.005363 0.008462 0.099383 0.091670 0.018527 0.000815 0.002001 0.002277 0.002028 0.002414 0.002131 0.000705 0.001353 0.058273 0.001776 0.000675 0.000783 0.000643 0.001324 0.000320 0.000839 0.000309 0.000193 0.000308 0.000662 0.000140 0.010859 0.000140 0.000281 0.000465 0.318964 0.553758 0.548092 0.474321 0.173190 0.000368 0.000221 0.000221
-9999.000000 -9999.000000 -9999.000000 -9999.000000 -9999.000000 -9999.000000 6.807566 1.014374 0.692047 1.079264 0.799047 0.000216 0.284418 0.815239 0.731038 0.427735 0.080853 0.464071 0.903295 0.960837 0.318098 0.021091 0.017221 0.011114 0.000194 0.050292 0.007327 0.007620 0.001525 0.003187 0.000798 0.001353 0.001375 0.001769 0.003249 0.004212 0.003560 0.001045 0.000426 0.000398 0.000303 0.000211 0.002427 0.000759 0.000403 0.000193 0.000140 0.000195 0.000325 0.001198 0.000140 0.000278 0.000380 0.094372 0.531338 0.560257 0.496732 0.349269 0.004391 0.000301 0.000422 0.000382
-9999.000000 -9999.000000 -9999.000000 -9999.000000 -9999.000000 -9999.000000 7.009834 0.750296 0.334483 0.391993 0.204366 0.000209 0.000371 0.191256 0.378896 0.100769 0.220781 0.738834 0.893555 0.716345 0.040250 0.029234 0.024792 0.018390 0.030091 0.023874 0.005286 0.011844 0.001669 0.001478 0.001062 0.000736 0.000737 0.000838 0.001704 0.000733 0.001285 0.001490 0.000251 0.000308 0.000140 0.000196 0.000979 0.000658 0.000741 0.001139 0.000305 0.000210 0.000215 0.000663 0.000399 0.000425 0.006744 0.434564 0.547955 0.483014 0.307044 0.188410 0.042433 0.011364 0.011212 0.011428
-9999.000000 -9999.000000 -9999.000000 -9999.000000 -9999.000000 -9999.000000 7.003898 1.261217 0.678373 0.104936 0.000210 0.000193 0.000140 0.000196 0.000290 0.303185 0.565394 0.571039 0.031854 0.042954 0.052512 0.038914 0.033463 0.029527 0.043774 0.020832 0.026911 0.001831 0.001513 0.000877 0.000773 0.000631 0.000506 0.000480 0.001804 0.000497 0.000307 0.044009 0.000346 0.000211 0.000196 0.019515 0.000354 0.000332 0.000219 0.000343 0.001058 0.000249 0.000452 0.001469 0.000834 0.000730 0.161218 0.547026 0.508387 0.242631 0.008656 0.001118 0.000703 0.000629 0.000407 0.007552
-9999.000000 -9999.000000 -9999.000000 -9999.000000 -9999.000000 -9999.000000 7.035516 1.181736 0.713976 0.538186 0.311663 0.137783 0.011876 0.000291 0.000140 0.001754 0.293067 0.018585 0.028037 0.042228 0.062572 0.050067 0.037464 0.019698 0.019761 0.032624 0.049438 0.002634 0.001110 0.000801 0.000746 0.000636 0.000357 0.000820 0.001419 0.000462 0.000318 0.001936 0.022206 0.000946 0.000644 0.000278 0.000140 0.000195 0.000212 0.000218 0.000605 0.000628 0.000383 0.000282 0.000858 0.001927 0.330425 0.550881 0.360347 0.019117 0.000629 0.000638 0.000655 0.000670 0.000654 0.001117
-9999.000000 -9999.000000 -9999.000000 -9999.000000 -9999.000000 -9999.000000 7.101515 0.944200 0.496255 0.442199 0.410887 0.502469 0.522734 0.002230 0.002108 0.003005 0.006697 0.009166 0.017194 0.032103 0.067651 0.068881 0.079058 0.090601 0.110432 0.096421 0.033091 0.006342 0.000728 0.000743 0.001123 0.000743 0.000554 0.001031 0.000710 0.000676 0.000468 0.000353 0.000877 0.000353 0.000282 0.000140 0.000281 0.000349 0.001070 0.000217 0.001026 0.000739 0.001181 0.000680 0.000618 0.000379 0.412693 0.505968 0.200174 0.000465 0.000473 0.000488 0.000517 0.000561 0.000587 0.000946
-9999.000000 -9999.000000 -9999.000000 -9999.000000 -9999.000000 -9999.000000 7.151736 0.852756 0.464320 0.369313 0.278476 0.340693 0.529852 0.032135 0.001943 0.001795 0.000140 0.020557 0.106798 0.092987 0.057310 0.069522 0.080817 0.074972 0.115436 0.121667 0.063164 0.006477 0.000537 0.000620 0.000721 0.000796 0.000750 0.000798 0.000591 0.000482 0.000403 0.000565 0.000360 0.000193 0.000140 0.000282 0.000379 0.000453 0.001000 0.000218 0.000925 0.000345 0.000812 0.000481 0.000629 0.003883 0.461322 0.502405 0.112810 0.000224 0.000227 0.000236 0.000263 0.000332 0.000483 0.000742
-9999.000000 -9999.000000 -9999.000000 -9999.000000 -9999.000000 -9999.000000 7.172851 0.812122 0.452762 0.313052 0.046536 0.042807 0.235699 0.046841 0.019906 0.001174 0.000190 0.602180 0.154112 0.084651 0.068777 0.083074 0.053980 0.066266 0.120560 0.068001 0.108600 0.009404 0.000258 0.000329 0.000481 0.000666 0.000616 0.000429 0.000541 0.000364 0.000279 0.000305 0.000292 0.000408 0.000193 0.000354 0.000552 0.000474 0.000872 0.001307 0.000749 0.000265 0.001137 0.000386 0.000602 0.003456 0.481105 0.490061 0.097625 0.000458 0.000447 0.000439 0.000402 0.000529 0.000314 0.000452
