001_floodsim/sample_code/hipims_case/output/h_max_7200.asc
ncols 269
nrows 269
xllcorner 0.000000
yllcorner 0.000000
cellsize 10.000000
NODATA_value -9999.000000
[rows 84 to 111 of 269, columns 62 to 123 of 269]
0.000595 0.000797 0.000543 0.000731 0.000584 0.000592 0.000333 0.000196 0.000140 0.000313 0.000367 0.000590 0.000403 0.000437 0.003428 0.000780 0.000697 0.000611 0.000572 0.001075 0.000562 0.000202 0.000431 0.000582 0.000742 0.001378 0.000777 0.002252 0.000238 0.014004 0.263703 0.589102 0.746954 0.676535 0.375171 0.000274 0.000140 0.002444 0.472594 0.737449 0.704414 0.737757 0.771205 0.743752 0.706312 0.624914 0.632043 0.634485 0.716015 0.720616 0.562890 0.427189 0.399253 0.484193 0.545487 0.517138 0.478650 0.394649 0.358483 0.432348 0.562565 0.479822
0.000553 0.000567 0.000486 0.000415 0.000387 0.000332 0.000218 0.000213 0.000313 0.000418 0.000492 0.000377 0.000224 0.000225 0.002742 0.005275 0.000777 0.000700 0.001102 0.001044 0.000386 0.000217 0.000435 0.000589 0.000749 0.001177 0.001813 0.008669 0.103406 0.487864 0.670992 0.681598 0.652681 0.701914 0.711889 0.206625 0.000193 0.000212 0.469000 0.756399 0.642034 0.613000 0.728761 0.759768 0.771395 0.767288 0.760067 0.709528 0.562019 0.236808 0.108323 0.067404 0.056692 0.225022 0.378243 0.389236 0.398199 0.369441 0.190766 0.077337 0.368307 0.605365
0.000696 0.000481 0.000367 0.000217 0.000209 0.000187 0.000266 0.000358 0.000436 0.000676 0.000497 0.000538 0.000500 0.000480 0.001216 0.004101 0.001097 0.001260 0.001153 0.000576 0.000288 0.000495 0.000705 0.001192 0.001483 0.041944 0.109081 0.159382 0.489014 0.711328 0.518819 0.345722 0.326842 0.486668 0.698806 0.711874 0.228868 0.001207 0.327091 0.768259 0.731124 0.350726 0.045714 0.186424 0.541468 0.635647 0.551198 0.286676 0.115896 0.000621 0.000463 0.000226 0.000523 0.001958 0.147525 0.284015 0.301095 0.302222 0.082440 0.000335 0.000209 0.000315
0.000440 0.000410 0.000287 0.000395 0.000336 0.000209 0.000357 0.000453 0.000533 0.001156 0.000326 0.000526 0.000590 0.000615 0.000983 0.007633 0.001678 0.000732 0.000622 0.000370 0.000552 0.000492 0.000513 0.000333 0.001734 0.153647 0.202631 0.284756 0.649327 0.683735 0.330138 0.037298 0.002878 0.119207 0.484729 0.757779 0.760267 0.577094 0.656092 0.811446 0.734951 0.083855 0.000522 0.000300 0.000364 0.001183 0.006625 0.001294 0.002911 0.000610 0.000466 0.000233 0.000540 0.000552 0.000612 0.070213 0.201484 0.283058 0.189194 0.000210 0.000195 0.000140
0.000255 0.000313 0.000461 0.000433 0.000262 0.000355 0.000452 0.000670 0.002438 0.001068 0.000316 0.000625 0.000838 0.000791 0.000932 0.005321 0.000425 0.000719 0.000562 0.000278 0.000404 0.000699 0.000523 0.000520 0.103791 0.334243 0.315518 0.425970 0.741065 0.639914 0.139096 0.000578 0.000299 0.004746 0.155812 0.575062 0.790909 0.825049 0.846114 0.812224 0.595904 0.000846 0.000555 0.000421 0.000215 0.000449 0.001560 0.000319 0.003541 0.000603 0.000470 0.000252 0.000601 0.000412 0.000526 0.000590 0.015875 0.226553 0.269932 0.023216 0.000210 0.000305
0.000232 0.000387 0.000986 0.000446 0.000236 0.000496 0.000686 0.000618 0.002051 0.000627 0.000345 0.000300 0.000507 0.000726 0.000871 0.005840 0.000525 0.000873 0.000562 0.000397 0.000296 0.000602 0.003890 0.317865 0.600677 0.544884 0.457764 0.565138 0.770045 0.470163 0.000649 0.000404 0.000302 0.000683 0.003334 0.090325 0.412990 0.747514 0.797875 0.555434 0.004434 0.000782 0.000525 0.000391 0.000201 0.000449 0.001196 0.000468 0.003370 0.000581 0.000471 0.000304 0.000448 0.000327 0.000467 0.000516 0.000545 0.069251 0.246710 0.226213 0.084281 0.281108
0.000454 0.000514 0.002037 0.000711 0.000472 0.000262 0.000448 0.001931 0.001550 0.000616 0.000417 0.000254 0.000499 0.000691 0.000918 0.030902 0.001701 0.003492 0.001037 0.000549 0.000267 0.125967 0.503323 0.702120 0.731698 0.739113 0.687658 0.704973 0.612674 0.092067 0.000533 0.000288 0.000410 0.000571 0.002923 0.000217 0.000434 0.119582 0.256714 0.004739 0.000710 0.001236 0.000822 0.000573 0.000278 0.000719 0.001258 0.000801 0.003008 0.000515 0.000429 0.000436 0.000224 0.000411 0.000427 0.000419 0.000425 0.000972 0.200428 0.305478 0.324728 0.350662
0.000348 0.000807 0.001115 0.001397 0.000365 0.000239 0.000444 0.001498 0.023449 0.002372 0.000484 0.000395 0.000331 0.000603 0.031681 0.583761 0.596080 0.517357 0.434902 0.420037 0.558951 0.636016 0.561588 0.454559 0.374550 0.423624 0.547096 0.311023 0.010756 0.000907 0.000577 0.000381 0.000300 0.000554 0.002594 0.000202 0.000407 0.001800 0.002475 0.000810 0.000457 0.000763 0.000613 0.000419 0.000254 0.000635 0.000475 0.000824 0.004261 0.000726 0.000510 0.000419 0.000140 0.000196 0.000243 0.000193 0.000214 0.000219 0.069474 0.169539 0.229098 0.146789
0.000656 0.000472 0.001095 0.003057 0.000279 0.000368 0.003249 0.578596 0.647903 0.581574 0.326250 0.004360 0.000274 0.026694 0.450550 0.614149 0.485952 0.461710 0.592617 0.622771 0.626456 0.590311 0.395947 0.106319 0.002289 0.000623 0.000848 0.000629 0.000678 0.001432 0.000587 0.000235 0.000522 0.000591 0.003447 0.000262 0.000558 0.002449 0.000864 0.000942 0.000310 0.000462 0.000584 0.000355 0.000295 0.000481 0.000717 0.001551 0.001918 0.000433 0.000337 0.000219 0.000307 0.000450 0.000351 0.000472 0.000359 0.017887 0.018052 0.000219 0.014479 0.003035
0.000897 0.000665 0.000445 0.001477 0.001466 0.000800 0.392619 0.627215 0.582907 0.657787 0.647654 0.524883 0.436948 0.531136 0.564473 0.459909 0.117763 0.000619 0.000493 0.041603 0.243945 0.453588 0.116222 0.000805 0.001018 0.000682 0.000570 0.000441 0.000235 0.001180 0.000993 0.000248 0.000440 0.000838 0.002079 0.000236 0.000450 0.002645 0.000920 0.001671 0.000967 0.000447 0.000354 0.000213 0.000406 0.000457 0.000575 0.001583 0.000442 0.000336 0.000216 0.000215 0.000461 0.000542 0.007264 0.021084 0.048214 0.029622 0.000500 0.000216 0.004708 0.004673
0.000532 0.000303 0.000476 0.001099 0.001061 0.007323 0.529827 0.498783 0.365505 0.474685 0.634556 0.669057 0.642496 0.620780 0.575249 0.226069 0.000518 0.000410 0.000245 0.000446 0.000455 0.281720 0.000981 0.000748 0.001379 0.001071 0.000934 0.000432 0.000215 0.000350 0.001034 0.000270 0.000422 0.000732 0.001500 0.000240 0.000397 0.001307 0.000237 0.001039 0.000496 0.000380 0.000300 0.000209 0.000386 0.000546 0.000557 0.001044 0.000353 0.000229 0.000222 0.000333 0.000395 0.012593 0.171567 0.014404 0.000454 0.001342 0.000531 0.000198 0.000542 0.010915
0.000351 0.000422 0.000693 0.000802 0.001025 0.139983 0.532477 0.358092 0.118324 0.002574 0.115758 0.417039 0.455913 0.425299 0.214279 0.002339 0.000467 0.000364 0.000289 0.000445 0.000303 0.062364 0.000283 0.000378 0.000600 0.000628 0.000916 0.000659 0.000231 0.000272 0.000749 0.000439 0.000382 0.000791 0.001018 0.000264 0.000336 0.001022 0.000256 0.000665 0.000434 0.000300 0.000140 0.000193 0.000368 0.000401 0.000416 0.000489 0.000278 0.000248 0.000343 0.000430 0.013238 0.024889 0.020739 0.000893 0.000686 0.001033 0.000889 0.000261 0.000458 0.006912
0.000394 0.075937 0.103132 0.062570 0.138557 0.443356 0.577958 0.301332 0.000933 0.000510 0.000358 0.000399 0.000595 0.008830 0.001314 0.000535 0.000412 0.000216 0.000387 0.000758 0.000639 0.018058 0.000560 0.000572 0.000809 0.000508 0.000708 0.000655 0.000772 0.000375 0.000337 0.000217 0.000567 0.000960 0.000431 0.000346 0.000213 0.000815 0.000323 0.000214 0.000403 0.000224 0.000317 0.000375 0.000325 0.000217 0.000221 0.000220 0.000357 0.000404 0.000466 0.013131 0.079375 0.000221 0.006882 0.001514 0.000502 0.000296 0.000927 0.000227 0.000429 0.006425
0.473371 0.586881 0.596881 0.519667 0.500714 0.567874 0.524281 0.029168 0.000751 0.000721 0.000532 0.000234 0.000414 0.002236 0.001874 0.000522 0.000392 0.000200 0.000553 0.000630 0.001308 0.023053 0.013488 0.000503 0.000255 0.000296 0.000397 0.000357 0.000404 0.000217 0.000219 0.000219 0.000958 0.000416 0.000363 0.000277 0.000212 0.000561 0.000211 0.000215 0.000215 0.000331 0.000421 0.000580 0.000439 0.000440 0.000429 0.000423 0.000470 0.000522 0.013125 0.029653 0.000402 0.000341 0.008748 0.001708 0.000759 0.000527 0.000582 0.000221 0.000384 0.006020
0.604093 0.620726 0.652095 0.623946 0.610629 0.566563 0.166902 0.000712 0.000649 0.000563 0.000871 0.000246 0.000380 0.000652 0.003806 0.000852 0.000608 0.000283 0.000447 0.000559 0.000607 0.000657 0.024797 0.000696 0.000394 0.000412 0.000223 0.000237 0.000262 0.000465 0.000331 0.000215 0.000198 0.000268 0.000241 0.000273 0.000196 0.000140 0.000195 0.000320 0.000368 0.000434 0.000508 0.000717 0.000541 0.000672 0.000519 0.000694 0.000666 0.013057 0.014604 0.001130 0.000249 0.000418 0.007834 0.002365 0.000593 0.000499 0.000396 0.000215 0.000519 0.007929
0.565764 0.386679 0.325368 0.402311 0.320913 0.033129 0.000838 0.000680 0.000575 0.000486 0.000651 0.000438 0.000285 0.000702 0.002096 0.000600 0.000480 0.000276 0.000395 0.000510 0.000509 0.000534 0.014463 0.000542 0.000558 0.000512 0.000444 0.000347 0.000233 0.000832 0.000450 0.000322 0.000211 0.000348 0.000764 0.000383 0.000318 0.000194 0.000308 0.000395 0.000456 0.000531 0.002024 0.001993 0.003072 0.002498 0.001871 0.001347 0.012351 0.031949 0.001030 0.002290 0.000291 0.000355 0.004944 0.003489 0.000546 0.000457 0.000372 0.000213 0.000428 0.009619
0.560506 0.245260 0.001410 0.000581 0.000838 0.000642 0.000890 0.000631 0.000479 0.000478 0.000388 0.000215 0.000385 0.001251 0.001578 0.000569 0.000478 0.000362 0.000286 0.000455 0.000696 0.000760 0.014497 0.071675 0.000796 0.000812 0.000346 0.000259 0.000342 0.001170 0.000428 0.000363 0.000215 0.000381 0.001296 0.000406 0.000253 0.000332 0.000402 0.000473 0.000904 0.001902 0.000985 0.000544 0.000345 0.000268 0.001293 0.014778 0.026900 0.000483 0.000258 0.002217 0.000510 0.000291 0.002577 0.008131 0.000474 0.000414 0.000322 0.000218 0.000452 0.005734
0.570313 0.150580 0.000514 0.000554 0.000609 0.000640 0.000681 0.001031 0.000602 0.000386 0.000331 0.000204 0.000319 0.001303 0.000569 0.000509 0.000409 0.000190 0.000392 0.000433 0.000496 0.000331 0.000641 0.087211 0.000792 0.000283 0.000405 0.000233 0.000393 0.001625 0.000532 0.000428 0.000347 0.000286 0.001306 0.000423 0.000230 0.000387 0.041596 0.000794 0.000209 0.000214 0.000218 0.000466 0.000492 0.009898 0.019866 0.010845 0.000576 0.000456 0.000298 0.001786 0.000361 0.000285 0.003846 0.004165 0.000660 0.000334 0.000196 0.000211 0.000519 0.005409
0.532318 0.017109 0.000252 0.000303 0.000431 0.000432 0.000630 0.000432 0.000355 0.000216 0.000205 0.000170 0.000170 0.000835 0.000456 0.000438 0.000398 0.000251 0.000355 0.000269 0.000381 0.001008 0.001102 0.031439 0.000488 0.000391 0.000300 0.000562 0.005154 0.045772 0.004549 0.000614 0.000653 0.000779 0.001520 0.000963 0.001633 0.000809 0.000274 0.000140 0.000193 0.000364 0.000335 0.000490 0.051688 0.009128 0.000517 0.001217 0.000503 0.000394 0.000387 0.001493 0.000222 0.000375 0.008031 0.000822 0.000637 0.000474 0.000140 0.000739 0.000864 0.004819
0.422754 0.000472 0.000698 0.000866 0.000545 0.000287 0.000390 0.000305 0.000258 0.000519 0.000399 0.000355 0.000280 0.000289 0.000237 0.000259 0.000325 0.000197 0.000211 0.000359 0.000274 0.000656 0.000615 0.014452 0.116900 0.004926 0.010604 0.006635 0.009745 0.002579 0.004104 0.005342 0.004222 0.005728 0.002792 0.001520 0.000615 0.000337 0.000140 0.000286 0.000342 0.000430 0.003030 0.017885 0.009531 0.000579 0.000806 0.000702 0.000447 0.000220 0.000575 0.001267 0.000221 0.000323 0.004938 0.000921 0.000820 0.000287 0.000421 0.000460 0.000572 0.005719
0.354579 0.000770 0.000561 0.000244 0.000283 0.000380 0.000246 0.000296 0.000232 0.001047 0.000597 0.000622 0.000399 0.000589 0.000409 0.000349 0.000194 0.000140 0.000408 0.000386 0.000444 0.000599 0.000672 0.005953 0.016931 0.007016 0.002271 0.000365 0.000476 0.000361 0.000241 0.001678 0.001508 0.000736 0.000568 0.000476 0.000674 0.000442 0.000194 0.000343 0.000424 0.005231 0.002890 0.001985 0.007128 0.000573 0.000534 0.000782 0.000450 0.000207 0.000657 0.000948 0.000227 0.000213 0.004434 0.000688 0.001314 0.001343 0.000377 0.000308 0.000572 0.003941
0.366225 0.129336 0.000825 0.000684 0.000637 0.000466 0.000363 0.000245 0.000356 0.001614 0.000811 0.000548 0.001085 0.000633 0.000511 0.000434 0.000323 0.000195 0.000531 0.000710 0.001103 0.001107 0.001152 0.012544 0.001360 0.002897 0.003726 0.000216 0.000199 0.000269 0.000271 0.000379 0.001857 0.000770 0.000527 0.000402 0.000495 0.000308 0.000873 0.001341 0.003864 0.003975 0.000223 0.000961 0.006013 0.000521 0.000527 0.000693 0.000471 0.000249 0.000817 0.000471 0.000250 0.002465 0.004169 0.000274 0.000372 0.000956 0.000223 0.000417 0.000634 0.003077
0.557536 0.442576 0.035516 0.000513 0.000515 0.000577 0.000533 0.000268 0.000539 0.003321 0.000610 0.000591 0.000952 0.000700 0.000590 0.000498 0.000384 0.000212 0.000368 0.000451 0.000310 0.000432 0.000465 0.007268 0.000241 0.000283 0.162634 0.010292 0.000431 0.000421 0.000369 0.000286 0.001342 0.001215 0.000498 0.000389 0.000222 0.000427 0.000535 0.000678 0.003144 0.000425 0.000230 0.001363 0.007727 0.000350 0.000535 0.000551 0.000485 0.000250 0.000379 0.000471 0.000315 0.002661 0.003083 0.000383 0.000279 0.000682 0.000304 0.000585 0.000986 0.002959
0.624491 0.647258 0.426098 0.000670 0.000609 0.000556 0.000368 0.000197 0.000578 0.002625 0.001188 0.002452 0.002938 0.002252 0.001715 0.001189 0.000435 0.000260 0.000543 0.000581 0.000546 0.000352 0.000273 0.037725 0.001123 0.000546 0.000220 0.032129 0.004819 0.000756 0.000271 0.000389 0.000225 0.001381 0.000692 0.000474 0.000224 0.000414 0.000511 0.000635 0.002739 0.000404 0.000247 0.002158 0.005470 0.001201 0.000761 0.000500 0.000510 0.000300 0.000443 0.000613 0.001056 0.086334 0.001130 0.000285 0.000394 0.000299 0.000367 0.000514 0.000986 0.001781
0.512908 0.639317 0.611447 0.002332 0.000624 0.000516 0.000281 0.000358 0.003365 0.003277 0.003550 0.002840 0.000597 0.000565 0.000560 0.000646 0.000766 0.000193 0.000370 0.000557 0.000617 0.009302 0.103372 0.007199 0.000594 0.000455 0.000210 0.000443 0.005076 0.000353 0.000503 0.000344 0.000241 0.000895 0.000548 0.000385 0.000232 0.000394 0.000484 0.000868 0.002453 0.000360 0.000288 0.003483 0.004027 0.000672 0.000565 0.000332 0.000511 0.000414 0.000238 0.000423 0.000584 0.002724 0.002310 0.000376 0.000282 0.000407 0.000214 0.000499 0.001204 0.000901
0.482952 0.592323 0.631740 0.028359 0.000668 0.000590 0.000243 0.001630 0.090361 0.003489 0.000504 0.000655 0.000463 0.000401 0.000258 0.000329 0.000196 0.000431 0.000638 0.000675 0.005115 0.018968 0.000768 0.000809 0.000570 0.000451 0.000266 0.000453 0.004934 0.000441 0.000334 0.000244 0.000297 0.000424 0.000536 0.000336 0.000258 0.000362 0.000444 0.000893 0.001909 0.000203 0.000379 0.188536 0.001249 0.000695 0.000655 0.001151 0.000733 0.000586 0.000262 0.000392 0.000582 0.000620 0.002790 0.002484 0.000515 0.000582 0.000299 0.000565 0.000344 0.001059
0.595751 0.636144 0.655658 0.067104 0.000895 0.000407 0.000229 0.080151 0.005373 0.000556 0.000826 0.000397 0.000332 0.000330 0.000352 0.000197 0.000140 0.000306 0.000419 0.004189 0.012941 0.000704 0.000545 0.000869 0.000519 0.000402 0.000252 0.000444 0.081913 0.001457 0.001141 0.000930 0.000737 0.000407 0.000314 0.000194 0.000324 0.000254 0.000365 0.001174 0.001917 0.000257 0.000526 0.004461 0.001152 0.001083 0.001336 0.000525 0.000491 0.000489 0.000326 0.000473 0.000603 0.000516 0.000561 0.002187 0.001034 0.000458 0.000338 0.000407 0.000210 0.000687
0.646383 0.680425 0.522299 0.001551 0.002659 0.004197 0.008536 0.006007 0.000591 0.000818 0.000389 0.000241 0.000273 0.000563 0.000395 0.000212 0.000390 0.000448 0.001513 0.003981 0.000814 0.000708 0.000657 0.000678 0.000442 0.000327 0.000278 0.000634 0.006286 0.000227 0.000225 0.000233 0.000257 0.000325 0.000196 0.000140 0.000194 0.000340 0.000267 0.001608 0.000403 0.000227 0.000397 0.005174 0.001045 0.000447 0.000501 0.000404 0.000325 0.000486 0.000477 0.000274 0.000364 0.000526 0.000409 0.001411 0.000457 0.000390 0.000284 0.000140 0.000197 0.000212
