001_floodsim/sample_code/hipims_case/output/hUx_1800.asc
ncols 269
nrows 269
xllcorner 0.000000
yllcorner 0.000000
cellsize 10.000000
NODATA_value -9999.000000
[rows 27 to 53 of 269, columns 122 to 182 of 269]
0.000000 0.000000 0.000000 0.000000 0.000000 -0.000135 -0.000022 -0.000053 -0.000000 -0.000000 -0.000000 -0.000000 0.000024 0.000233 -0.000967 -0.000817 -0.001910 -0.000383 -0.000008 0.000000 0.000068 0.000927 -0.000409 -0.000233 -0.000035 -0.000000 0.000000 0.000008 0.000030 0.015497 -0.267607 -0.000593 -0.000065 -0.000010 -0.000000 0.000022 0.000035 -0.000050 -0.000241 -0.000107 -0.000088 -0.000022 -0.000000 0.000012 0.000046 0.000011 -0.000013 0.000000 0.000010 -0.000696 -0.000188 -0.000014 -0.000000 -0.000210 -0.000445 -0.000208 -0.000125 -0.000091 -0.000121 -0.000157 -0.000180
0.000000 0.000000 0.000000 0.000000 -0.000018 -0.000039 -0.000000 -0.000000 -0.000000 -0.000000 -0.000000 -0.000000 0.000006 0.000029 0.004934 -0.000912 -0.000121 -0.000075 -0.000000 0.000032 0.000466 -0.000735 -0.000286 -0.000093 -0.000000 -0.000017 -0.000006 0.000000 0.000064 0.295177 -0.000516 -0.000150 -0.000045 -0.000000 0.000006 0.000073 0.000394 -0.000243 -0.000172 -0.000153 -0.000079 -0.000012 -0.000000 0.000021 0.000068 0.000154 -0.000003 0.000000 -0.000412 -0.000816 -0.000053 -0.000000 0.000013 -0.000358 -0.000625 -0.000350 -0.000401 -0.000654 -0.001117 -0.000945 -0.000432
-0.025109 -0.034970 -0.056188 -0.034551 -0.022708 -0.000023 -0.000000 -0.000000 -0.000000 -0.000000 -0.000000 -0.000000 0.000015 0.000056 0.001824 -0.000043 -0.000043 -0.000021 -0.000006 0.000000 0.000027 0.006216 -0.000131 -0.000000 0.000017 -0.000030 -0.000019 0.000000 -0.003378 -0.013402 -0.000159 -0.000094 -0.000054 -0.000000 0.000023 0.000123 0.001239 -0.000214 -0.000237 -0.000199 -0.000078 -0.000011 -0.000000 0.000020 0.000032 0.000187 -0.000000 0.000009 -0.000863 -0.000239 -0.000016 -0.000000 -0.000442 -0.033183 -0.004416 -0.004218 -0.002599 -0.001944 -0.000145 -0.000139 -0.000068
-0.097082 -0.112242 -0.089145 -0.110753 -0.141973 -0.067096 -0.000000 -0.000000 -0.000000 -0.000000 -0.000000 0.000000 0.000010 0.000035 -0.010927 -0.000132 -0.000101 -0.000021 -0.000000 0.000019 0.000076 0.014973 -0.005208 -0.010575 -0.013897 -0.018583 -0.018748 -0.024148 -0.039011 -0.000233 -0.000100 -0.000030 -0.000009 0.000000 0.000153 0.000693 0.002938 -0.000285 -0.000271 -0.000279 -0.000097 -0.000003 -0.000000 0.000020 0.000163 -0.000163 -0.000000 0.000026 0.000116 -0.000208 -0.000119 -0.002179 -0.006765 -0.000140 -0.000136 -0.000141 -0.000108 -0.000064 -0.000055 -0.000037 -0.000026
-0.063755 -0.000688 0.000000 -0.002894 -0.057099 -0.160454 -0.140681 -0.010470 -0.000000 0.000000 0.000000 -0.000159 -0.020224 -0.069265 -0.030630 -0.000174 -0.000098 -0.000000 0.000005 0.000046 0.000092 -0.026620 -0.039167 -0.005838 -0.000022 -0.000000 0.000016 -0.019159 -0.000231 -0.000202 -0.000076 -0.000024 0.000000 0.000008 0.000062 0.000130 0.000163 0.004364 -0.001906 -0.000127 -0.000026 -0.000000 0.000008 0.000046 0.000303 -0.000001 0.000026 -0.010744 -0.033525 -0.016661 -0.007744 -0.007338 -0.000179 -0.000133 -0.000088 -0.000089 -0.000072 -0.000015 0.000000 -0.000031 -0.000036
-0.009793 0.000000 0.000000 0.000000 0.000000 -0.001320 -0.133183 -0.175387 -0.154832 -0.167575 -0.189238 -0.175750 -0.132986 -0.133938 -0.105080 -0.000179 -0.000080 -0.000000 0.000010 0.000391 -0.052045 -0.046905 -0.000128 -0.000106 -0.000039 -0.000000 0.000009 -0.000089 -0.000146 -0.000202 -0.000049 -0.000009 0.000000 0.000007 0.000043 0.000076 0.000099 0.000120 0.000582 -0.000151 -0.000022 -0.000000 0.000034 0.001854 -0.002921 -0.009704 -0.014601 -0.008966 -0.000533 -0.000135 -0.000131 -0.000128 -0.000118 -0.000083 -0.000032 -0.000022 -0.000012 -0.000000 0.000011 0.000032 -0.000149
0.000000 0.000000 0.000000 0.000000 0.000000 0.000000 0.000000 -0.004255 -0.014646 -0.014145 -0.021604 -0.005328 -0.004715 -0.037252 -0.070137 -0.002006 -0.000013 -0.000000 0.000007 -0.049179 -0.038112 -0.000133 -0.000101 -0.000051 -0.000031 -0.000014 -0.000008 0.000000 0.000002 -0.000164 -0.000025 -0.000016 0.000000 0.000012 0.000023 0.000027 0.000032 0.000040 0.002555 0.000846 -0.000000 0.000003 -0.013115 -0.061552 -0.010979 -0.000197 -0.000092 -0.000068 -0.000102 -0.000084 -0.000092 -0.000096 -0.000072 -0.000039 -0.000056 -0.000020 -0.000000 0.000018 0.000038 0.000011 -0.000187
0.000000 0.000000 0.000000 0.000000 0.000000 0.000000 0.000000 0.000000 0.000000 0.000000 -0.000001 -0.000005 0.000000 -0.001106 -0.097498 -0.049058 -0.007217 -0.011646 -0.034468 -0.037791 -0.000122 -0.000082 -0.000029 -0.000011 0.000000 -0.000084 -0.000031 0.000000 0.000005 -0.000025 -0.000038 -0.000008 -0.000000 0.000000 0.000032 0.000065 0.000090 0.000124 0.003583 -0.045816 -0.028445 -0.036437 -0.018548 -0.000277 -0.000178 -0.000134 -0.000096 -0.000114 -0.000105 -0.000067 -0.000064 -0.000029 -0.000010 -0.000000 0.000009 0.000018 -0.000000 0.000016 0.000073 -0.000325 -0.000272
0.000000 0.000000 0.000000 0.000000 0.000000 0.000000 0.000000 0.000000 0.000000 0.000000 0.000000 0.000000 0.000000 0.000909 -0.059098 -0.107520 -0.038989 -0.017606 -0.002366 -0.000080 -0.000110 -0.000058 -0.000058 -0.000009 0.000000 -0.000060 -0.000016 0.000000 -0.000067 -0.000041 -0.000000 0.000000 -0.000000 0.000002 0.000023 0.000082 0.000150 0.000897 -0.045196 -0.040945 -0.000139 -0.000105 -0.000138 -0.000205 -0.000294 -0.000259 -0.000178 -0.000070 -0.000026 -0.000019 -0.000008 -0.000000 0.000003 0.000036 0.000061 0.000052 -0.000000 -0.000001 -0.000636 -0.000441 -0.000127
0.000000 0.000000 0.000000 0.000000 0.000000 0.000000 0.000000 0.000000 0.000000 0.000000 0.000000 0.000000 0.000012 0.000315 -0.027180 -0.057756 -0.005562 -0.000083 -0.000083 -0.000038 -0.000070 -0.000093 -0.000010 -0.000001 0.000000 -0.000001 -0.000000 -0.000002 -0.000121 -0.000107 -0.000003 0.000000 0.000003 0.000007 0.000006 0.000082 0.000129 -0.030223 -0.037159 -0.000103 -0.000081 -0.000045 -0.000071 -0.000080 -0.000111 -0.000080 -0.000065 -0.000033 -0.000032 -0.000006 -0.000000 0.000016 0.000047 0.000067 0.000036 0.000018 -0.000085 -0.000679 -0.000948 -0.000087 -0.000000
0.000000 0.000000 0.000000 0.000000 0.000000 0.000000 0.000000 0.000000 0.000000 -0.000000 0.000000 0.000000 0.000027 0.000773 -0.004552 -0.118060 -0.032025 -0.000029 -0.000041 -0.000047 -0.000068 -0.000030 -0.000000 -0.000000 0.000000 -0.000245 -0.000538 -0.000599 -0.000258 -0.000033 -0.000000 0.000018 0.000080 0.000097 0.000011 0.000042 0.000823 -0.015811 -0.000034 -0.000041 -0.000046 -0.000069 -0.000027 -0.000033 -0.000034 -0.000022 -0.000013 -0.000000 0.000009 0.000024 0.000029 0.000044 0.000079 0.000101 0.000220 -0.000504 -0.000923 -0.000697 -0.000273 -0.000128 -0.000199
-0.001355 -0.003225 -0.003991 -0.003512 -0.000297 0.000000 0.000000 0.000000 -0.000000 -0.000000 -0.000000 0.000000 0.000032 0.000325 0.004312 -0.103243 -0.062856 -0.003546 -0.000104 -0.000050 -0.000007 -0.000000 0.000000 -0.000051 -0.000323 -0.000910 -0.000035 -0.000032 -0.000002 -0.000000 0.000034 0.000076 0.000053 0.000103 0.000008 0.000000 -0.011634 -0.011811 -0.000084 -0.000143 -0.000136 -0.000158 -0.000153 -0.000132 -0.000090 -0.000024 -0.000000 0.000015 0.000064 0.000088 0.000061 0.000119 0.000153 0.000054 -0.002855 -0.000525 -0.000317 -0.000233 -0.000105 -0.000179 -0.000177
-0.001492 -0.000072 -0.000096 -0.000160 -0.001043 -0.001648 -0.000000 -0.000000 -0.000000 -0.000000 -0.000000 0.000001 0.000447 0.000190 0.000093 -0.010221 -0.153741 -0.133161 -0.071857 -0.051652 -0.011677 -0.000403 -0.000013 -0.000104 -0.000207 -0.000129 -0.000002 -0.000000 0.000019 0.000031 0.000083 0.001559 -0.035430 -0.084641 -0.101625 -0.104650 -0.122967 -0.095252 -0.059639 -0.006431 -0.000495 -0.000156 -0.000084 -0.000039 -0.000019 -0.000000 0.000002 0.000045 0.000156 0.000185 0.000383 -0.003836 -0.043161 -0.034840 -0.028078 -0.002259 -0.000171 -0.000001 0.000013 -0.000431 -0.000177
0.000000 0.000000 0.000000 0.000000 0.000000 -0.001276 -0.009264 -0.007269 -0.005139 -0.000000 -0.000000 0.000001 0.000192 -0.000000 0.000000 0.000042 0.006285 -0.070673 -0.103988 -0.128657 -0.136679 -0.137667 -0.069450 -0.029159 -0.003958 -0.000013 -0.000000 0.000070 -0.006860 -0.047109 -0.073876 -0.086817 -0.105717 -0.066319 -0.033591 -0.023596 -0.016007 -0.019375 -0.067700 -0.088775 -0.044128 -0.000737 -0.000112 -0.000013 -0.000003 -0.000000 0.000027 0.000173 0.003294 -0.039879 -0.086876 -0.080743 -0.065030 -0.067540 -0.095014 -0.062342 -0.022321 -0.006885 -0.014246 -0.006503 -0.000951
0.000000 0.000000 0.000000 0.000000 0.000000 0.000000 0.000000 0.000000 -0.001317 -0.003590 -0.000001 -0.000000 -0.000041 -0.000006 -0.000000 0.000050 0.000096 0.000275 -0.001083 -0.005456 -0.043361 -0.080162 -0.110139 -0.126899 -0.145600 -0.096453 -0.103242 -0.128699 -0.127078 -0.098952 -0.085008 -0.074535 -0.042075 -0.001293 -0.000035 -0.000008 -0.000000 0.000000 0.000127 -0.030166 -0.080158 -0.031547 -0.000324 -0.000000 0.000003 0.000015 -0.013097 -0.071290 -0.086852 -0.059796 -0.038716 -0.012071 -0.001640 -0.000500 -0.001082 -0.044190 -0.091504 -0.108899 -0.069295 -0.046765 -0.093246
0.000000 0.000000 0.000000 0.000000 0.000000 0.000000 0.000000 0.000000 0.000000 -0.006657 -0.000005 -0.000000 -0.000041 -0.000016 -0.000000 0.000027 0.000098 0.000068 0.000075 0.000030 0.000195 0.001638 -0.028828 -0.051993 -0.070893 -0.103189 -0.087187 -0.060155 -0.067908 -0.049684 -0.044384 -0.070804 -0.037456 -0.000029 -0.000039 -0.000035 -0.000000 0.000005 0.000038 0.004096 -0.043319 -0.088648 -0.092986 -0.085823 -0.090064 -0.091734 -0.073791 -0.054626 -0.026572 -0.004874 -0.004062 -0.000648 -0.000104 -0.000019 -0.000000 0.000054 0.000091 -0.000039 -0.000016 0.000000 0.000043
0.000000 0.000000 0.000000 0.000000 0.000000 0.000000 0.000000 0.000000 0.000000 -0.002499 -0.004086 -0.000048 -0.000069 -0.000018 -0.000000 0.000066 0.000101 0.000105 0.000150 0.000274 0.000225 0.000213 -0.000319 -0.000057 -0.000000 -0.000029 -0.000004 0.000000 0.000056 0.000118 0.000000 -0.010926 -0.016340 -0.000635 -0.000074 -0.000031 -0.000017 -0.000000 0.000025 0.000076 0.000069 0.000977 -0.005928 -0.008201 -0.004318 -0.004182 -0.003268 -0.001538 -0.001041 -0.000193 -0.000256 -0.000183 -0.000114 -0.000032 -0.000000 -0.000003 -0.000005 -0.000014 -0.000006 0.000000 0.000046
0.000000 0.000000 0.000000 0.000000 0.000000 0.000000 0.000000 0.000000 0.000000 0.000000 -0.004479 -0.000078 -0.000049 -0.000025 -0.000000 0.000007 0.000016 0.000056 0.000188 0.000404 0.000360 0.000294 0.006271 -0.000036 -0.000018 -0.000004 0.000000 0.000006 0.000100 0.000628 0.000000 -0.001835 -0.032615 -0.036358 -0.022666 -0.000713 -0.000053 -0.000005 0.000000 0.000047 0.000063 0.000050 0.000126 -0.000601 -0.000404 -0.000052 -0.000060 -0.000074 -0.000088 -0.000112 -0.000193 -0.000166 -0.000086 -0.000041 -0.000026 -0.000057 -0.000041 -0.000011 -0.000002 0.000000 0.000058
0.000000 0.000000 0.000000 0.000000 0.000000 0.000000 0.000000 0.000000 0.000000 0.000000 -0.000411 -0.004695 -0.001877 -0.000106 -0.000000 0.000001 0.000003 0.000057 0.000184 0.000408 0.000575 0.000556 -0.002027 -0.000175 -0.000042 -0.000003 0.000000 0.000068 0.000908 0.000197 0.000000 0.000090 -0.001740 -0.000586 -0.005509 -0.035786 -0.023956 -0.013304 -0.000033 -0.000011 0.000000 0.000008 0.000086 -0.000359 -0.000951 -0.000021 -0.000023 -0.000023 -0.000045 -0.000104 -0.000134 -0.000171 -0.000203 -0.000155 -0.000110 -0.000111 -0.000077 -0.000017 0.000000 0.000003 0.000084
0.000000 0.000000 0.000000 0.000000 0.000000 0.000000 0.000000 0.000000 0.000000 0.000000 0.000000 -0.000896 -0.001653 -0.000106 -0.000036 -0.000000 0.000001 0.000073 0.000174 0.001254 0.000858 0.000099 -0.003526 -0.000128 -0.000056 0.000000 0.000046 0.000139 0.001118 -0.000007 0.000000 0.000034 -0.011431 -0.000063 -0.000000 0.000017 0.000698 -0.018342 -0.046259 -0.029121 -0.000070 -0.000117 -0.000144 0.000000 -0.001246 -0.004430 -0.012715 -0.006782 -0.000355 -0.000056 -0.000100 -0.000094 -0.000126 -0.000117 -0.000085 -0.000067 -0.000044 -0.000015 0.000000 0.000028 0.000083
0.000000 0.000000 0.000000 0.000000 0.000000 0.000000 0.000000 0.000000 0.000000 0.000000 0.000000 0.000000 -0.003919 -0.000053 -0.000032 -0.000000 0.000002 0.000087 0.000397 0.001648 0.000000 0.000014 -0.013009 -0.000163 -0.000051 0.000000 0.000048 0.000246 0.001116 0.000000 0.000020 0.000213 -0.037053 -0.000139 -0.000037 -0.000000 0.000002 0.000055 0.011267 -0.002659 -0.017164 -0.006779 -0.006591 -0.018239 -0.016865 -0.012282 -0.001221 -0.002321 -0.268447 -0.000184 -0.000245 -0.000208 -0.000095 -0.000067 -0.000024 -0.000017 -0.000012 -0.000006 0.000000 0.000010 0.000031
0.000000 0.000000 0.000000 0.000000 0.000000 0.000000 0.000000 -0.000000 0.000000 0.000000 0.000000 0.000000 -0.000279 -0.001228 -0.000093 -0.000000 0.000011 0.000199 0.000285 0.000293 0.000000 0.000054 0.000404 -0.000114 -0.000009 0.000000 0.000086 0.000123 0.000260 0.000000 0.000087 0.000348 -0.053467 -0.000142 -0.000081 -0.000015 -0.000000 0.000022 0.000078 0.000000 -0.000125 -0.000070 -0.000000 -0.000702 -0.001048 -0.000050 -0.000019 0.000000 -0.003359 -0.017176 -0.000043 -0.000036 -0.000031 -0.000030 -0.000029 -0.000000 -0.000017 -0.000029 -0.000052 -0.000077 -0.000068
0.000000 0.000000 0.000000 0.000000 0.000000 0.000000 -0.000000 -0.000000 -0.000000 0.000000 0.000000 0.000000 0.000176 -0.000668 -0.000082 -0.000000 0.000041 0.000130 0.000255 0.000399 0.000918 0.001408 -0.004172 -0.000272 -0.000044 0.000000 0.000019 0.000051 0.000166 0.000000 0.000050 0.000520 -0.074957 -0.000239 -0.000090 -0.000031 -0.000000 0.000001 0.000001 0.000000 0.000013 0.000098 -0.000000 0.000026 -0.002433 -0.000148 -0.000028 0.000000 0.000060 -0.004831 -0.000124 -0.000078 -0.000029 -0.000000 0.000009 0.000033 -0.000115 -0.000374 -0.000832 -0.000474 -0.000184
0.000000 0.000000 0.000000 0.000000 0.000000 -0.000000 -0.000000 -0.000000 -0.000000 0.000000 0.000000 0.000001 0.000040 -0.000814 -0.000081 -0.000000 0.000004 0.000045 0.000144 0.000886 0.000441 0.000200 -0.002009 -0.000185 -0.000022 0.000000 0.000059 0.000148 0.000404 0.000000 0.000134 0.001347 -0.022520 -0.000111 -0.000084 -0.000058 -0.000035 -0.000013 -0.000000 0.000005 0.000037 0.000083 -0.000000 0.000020 -0.000708 -0.000080 -0.000023 0.000000 0.000038 0.010072 -0.084321 -0.008132 -0.000978 -0.000376 -0.002089 -0.001777 -0.002094 -0.004317 -0.000206 -0.000081 -0.000034
0.000000 0.000000 0.000000 0.000000 -0.000000 -0.000000 -0.000000 -0.000000 -0.000000 -0.000000 0.000000 0.000003 0.000045 -0.000524 -0.000219 -0.000026 -0.000000 0.000083 0.000216 0.000241 0.000000 0.000072 -0.001118 -0.000174 -0.000055 0.000000 0.000027 0.000084 0.000164 0.000133 0.000110 0.002420 -0.015936 -0.000036 -0.000036 -0.000035 -0.000024 -0.000018 -0.000010 -0.000000 0.000017 0.000041 -0.000000 0.000050 -0.001497 -0.000035 -0.000016 0.000000 0.000091 0.003718 -0.000242 -0.000767 -0.007084 -0.004604 -0.000094 -0.000000 0.000003 -0.002409 -0.000608 -0.000051 -0.000103
0.000000 0.000000 0.000000 -0.000000 -0.000000 -0.000000 -0.000000 -0.000000 -0.000000 -0.000000 0.000000 0.000002 0.000032 0.000074 -0.000081 -0.000038 -0.000000 0.000048 0.000097 0.000125 0.000169 0.000083 -0.000321 -0.000122 -0.000026 0.000000 0.000067 0.000185 0.000293 0.000051 0.000046 0.006920 -0.033379 -0.000132 -0.000097 -0.000090 -0.000069 -0.000073 -0.000069 -0.000036 -0.000060 -0.000009 -0.000000 0.000026 0.000586 -0.001561 -0.000051 0.000000 0.000051 0.000229 -0.000124 -0.000000 -0.000050 -0.000375 -0.000118 -0.000004 0.000000 -0.000492 -0.000633 -0.001493 -0.001418
0.000000 0.000000 0.000000 0.000000 -0.000000 -0.000001 -0.000005 -0.000007 -0.000005 -0.000002 -0.000000 0.000000 0.000011 0.000084 -0.000051 -0.000038 -0.000000 0.000023 0.000084 0.000153 0.000212 0.002384 -0.001422 -0.000076 -0.000019 0.000000 0.000052 0.000094 0.000121 0.000136 0.000144 0.019806 -0.002265 -0.009962 -0.009908 -0.010939 -0.008110 -0.000148 -0.000156 -0.000077 -0.000029 -0.000012 -0.000000 0.000031 0.000057 -0.000660 -0.000287 0.000000 0.000031 0.000167 -0.000775 -0.000079 0.000000 -0.000452 -0.000092 -0.000013 0.000000 -0.000225 -0.000114 -0.000180 -0.000165
