001_floodsim/sample_code/hipims_case/output/hUx_4500.asc
ncols 269
nrows 269
xllcorner 0.000000
yllcorner 0.000000
cellsize 10.000000
NODATA_value -9999.000000
[rows 54 to 80 of 269, columns 120 to 179 of 269]
-0.000927 -0.000029 -0.000028 -0.000014 -0.000011 -0.000007 -0.000021 -0.000150 -0.000018 -0.000013 -0.000010 -0.000006 -0.000004 -0.000001 0.000000 -0.000008 -0.000003 -0.000002 -0.000000 0.000001 0.000004 0.000011 0.000031 0.000117 -0.000010 -0.000008 -0.000001 0.000000 0.000002 0.000004 0.000003 0.000009 0.000180 0.000006 -0.000003 -0.000000 -0.000022 -0.000026 -0.000040 -0.210801 -0.000022 -0.000017 -0.000011 -0.000009 -0.000002 0.000000 0.000003 0.000013 -0.000005 0.000000 0.000005 0.000042 -0.000092 -0.000009 0.000000 -0.000004 -0.000009 -0.000004 0.000000 -0.000008
-0.003036 -0.000013 -0.000022 -0.000030 -0.000041 -0.000317 -0.000191 -0.000017 -0.000012 -0.000007 -0.000003 0.000000 0.000000 0.000000 0.000000 -0.000003 -0.000002 -0.000001 -0.000000 -0.000000 0.000002 0.000008 0.000016 0.000034 -0.000005 -0.000003 0.000000 0.000001 0.000006 0.000010 0.000304 0.000409 0.000072 -0.000089 -0.000042 -0.000006 -0.000001 -0.000000 0.000000 -0.004441 -0.000770 -0.000173 -0.000131 -0.000006 -0.000001 0.000000 0.000002 0.000004 -0.000002 0.000000 0.000002 0.000004 -0.000274 -0.000028 -0.000020 -0.000013 -0.000006 -0.000002 0.000000 -0.000015
0.000124 -0.000390 -0.000483 -0.000427 -0.000209 -0.000021 -0.000014 -0.000011 -0.000006 -0.000002 -0.000001 0.000000 0.000003 0.000003 0.000001 -0.000013 -0.000006 -0.000005 -0.000002 -0.000000 -0.000000 0.000005 0.000009 0.000000 -0.000002 0.000000 0.000001 0.000005 0.000011 0.000139 0.000086 -0.000001 0.000000 -0.000003 -0.000034 -0.000008 -0.000001 -0.000000 0.000001 0.000002 -0.000275 -0.000036 -0.000053 -0.000010 -0.000006 -0.000003 -0.000000 0.000000 0.000000 0.000000 0.000009 0.000015 -0.000117 -0.000014 -0.000006 -0.000005 -0.000003 -0.000001 0.000000 -0.000016
0.000005 -0.000005 -0.000016 -0.000018 -0.000020 -0.000015 -0.000008 -0.000006 -0.000001 -0.000000 0.000002 0.000002 0.000002 0.000001 -0.000007 -0.000017 -0.000013 -0.000014 -0.000015 -0.000014 -0.000000 0.000001 0.000001 0.000002 0.000000 0.000001 0.000005 0.000011 0.000015 0.000078 0.000017 -0.000000 0.000000 0.000000 -0.000016 -0.000014 -0.000006 -0.000000 0.000002 0.000012 0.000066 -0.000022 -0.000066 -0.000071 -0.000034 -0.000057 -0.000009 -0.000001 -0.000000 0.000002 0.000010 0.000010 -0.000046 -0.000012 -0.000006 -0.000002 -0.000000 0.000000 0.000001 -0.000012
0.000009 0.000004 -0.000010 -0.000011 -0.000009 -0.000006 -0.000002 -0.000001 -0.000000 0.000003 0.000006 0.000119 -0.000143 -0.000265 -0.000213 -0.000206 -0.000223 -0.000084 -0.000043 -0.000007 -0.000008 -0.000005 -0.000000 0.000000 0.000004 0.000009 0.000052 0.000088 0.000098 0.000043 -0.000001 -0.000000 0.000000 0.000001 0.000002 -0.000006 -0.000004 -0.000000 0.000000 0.000009 0.000494 -0.000221 -0.000031 -0.000036 -0.000071 -0.000009 -0.000007 -0.000003 -0.000000 0.000002 0.000006 0.000006 -0.000023 -0.000008 -0.000005 -0.000001 0.000000 0.000001 0.000002 0.000003
0.000004 0.000004 -0.000006 -0.000006 -0.000003 -0.000001 -0.000000 0.000002 0.000006 0.000008 -0.000262 -0.000507 -0.000018 -0.000016 -0.000006 -0.000008 -0.000011 -0.000010 -0.000008 -0.000005 -0.000004 -0.000002 0.000000 0.000000 0.000005 0.000028 0.000025 0.000014 0.000007 0.000005 -0.000003 -0.000001 0.000000 0.000001 0.000001 -0.000003 -0.000002 -0.000000 0.000001 0.000008 0.000151 -0.000136 -0.000027 -0.000003 -0.000004 -0.000003 -0.000003 -0.000003 -0.000002 -0.000000 0.000001 0.000003 -0.000012 -0.000006 -0.000003 0.000000 0.000001 0.000001 0.000004 0.000004
0.000001 -0.000003 -0.000002 -0.000003 -0.000003 -0.000000 0.000001 0.000007 0.000424 -0.077785 -0.000708 -0.000014 -0.000009 -0.000005 -0.000002 -0.000003 -0.000003 -0.000007 -0.000004 -0.000005 -0.000002 0.000000 0.000001 0.000001 0.000002 0.000003 0.000003 0.000003 0.000002 0.000002 0.000001 -0.000000 0.000000 0.000000 -0.000002 -0.000003 -0.000004 -0.000001 -0.000000 0.000003 0.000010 -0.000026 -0.000099 -0.000020 -0.000034 -0.000055 -0.000108 -0.000043 -0.000012 -0.000001 0.000000 0.000002 0.000001 -0.000001 -0.000001 0.000000 0.000003 0.000007 0.000008 0.000005
0.000000 0.000001 -0.000000 -0.000003 -0.000001 -0.000000 0.000004 0.000011 0.000056 -0.000016 -0.000014 -0.000009 -0.000003 -0.000001 -0.000000 -0.000011 -0.000011 -0.000004 -0.000006 -0.000002 -0.000001 0.000000 0.000003 0.000006 0.000007 0.000006 0.000006 0.000008 0.000006 0.000006 0.000006 0.000004 -0.000001 -0.000002 -0.000006 -0.000006 -0.000003 -0.000003 -0.000000 0.000003 0.000009 0.000061 -0.000048 -0.000132 -0.000122 -0.000070 -0.000019 -0.000015 -0.000006 -0.000002 0.000000 0.000001 0.000002 0.000005 0.000003 0.000002 0.000010 0.000015 0.000007 0.000011
0.000000 0.000005 0.000007 0.000005 -0.000002 -0.000000 0.000005 0.000282 -0.000785 -0.000005 -0.000004 -0.000004 -0.000004 -0.000000 0.000001 -0.000019 -0.000012 -0.000019 -0.000026 -0.000005 -0.000002 0.000000 0.000005 0.000010 0.000008 0.000003 0.000004 -0.000000 0.000000 0.000004 0.000010 0.000008 -0.000003 -0.000007 -0.000015 -0.000028 -0.000038 -0.000009 -0.000000 0.000000 0.000003 0.000008 -0.000006 -0.000006 -0.000008 -0.000014 -0.000013 -0.000007 -0.000002 0.000000 0.000000 0.000003 0.000007 0.000017 -0.000000 0.000000 0.000004 0.000022 0.000008 -0.000085
-0.000001 0.000000 0.000010 0.000073 -0.000000 0.000001 0.000013 -0.000243 -0.000007 -0.000013 -0.000013 -0.000007 -0.000002 -0.000000 0.000001 -0.000047 -0.000023 -0.000023 -0.000005 -0.000005 -0.000000 0.000001 0.000009 0.000065 0.000105 0.000024 -0.000003 -0.000001 0.000000 0.000002 0.000005 0.000100 -0.000116 -0.000110 -0.000101 -0.000065 -0.000013 -0.000007 -0.000001 -0.000000 0.000000 0.000001 0.000004 -0.000004 -0.000006 -0.000006 -0.000006 -0.000003 -0.000000 0.000000 0.000002 0.000006 0.000018 0.000022 0.000000 0.000000 0.000004 0.000009 0.000056 -0.000077
-0.000000 0.000000 0.000003 0.000032 -0.000000 0.000001 0.000008 0.000092 -0.000023 -0.000029 -0.000027 -0.000020 -0.000000 0.000001 -0.000018 -0.000094 -0.000037 -0.000015 -0.000015 -0.000005 -0.000000 0.000001 0.000031 0.000031 0.000027 0.000127 0.000201 0.000038 0.000000 0.000001 0.000004 -0.056002 -0.000008 -0.000004 -0.000007 -0.000011 -0.000008 -0.000005 -0.000002 -0.000001 -0.000001 -0.000000 -0.000000 -0.000003 -0.000002 -0.000002 -0.000002 -0.000001 -0.000000 0.000000 0.000003 0.000008 0.000011 0.000065 0.000060 0.000006 0.000003 0.000013 0.000056 -0.000077
-0.000001 0.000000 0.000003 0.000106 -0.000000 0.000001 0.000013 0.001314 -0.000162 -0.000109 -0.000043 -0.000002 -0.000000 0.000001 -0.000214 -0.000040 -0.000020 -0.000018 -0.000011 -0.000008 -0.000001 0.000000 0.000004 0.000009 0.000013 0.000019 0.000015 0.000343 0.000295 0.000098 -0.000234 -0.000190 -0.000007 -0.000016 -0.000018 -0.000022 -0.000010 -0.000003 -0.000002 -0.000000 -0.000004 -0.000002 -0.000001 0.000000 0.000001 0.000003 -0.000000 -0.000001 -0.000000 0.000000 0.000003 0.000010 0.000012 0.000005 0.000031 0.000081 0.000000 0.000005 0.000047 -0.000025
0.000020 0.000000 -0.000000 0.000001 0.000005 0.000016 0.000950 -0.053445 -0.000017 -0.000009 -0.000006 -0.000000 0.000001 -0.000070 -0.000084 -0.000025 -0.000025 -0.000029 -0.000027 -0.000013 -0.000001 0.000000 0.000001 0.000003 0.000007 0.000011 0.000006 0.000004 0.000004 0.000194 -0.000252 -0.000135 -0.000082 -0.000070 -0.000040 -0.000007 -0.000002 -0.000000 0.000000 0.000002 -0.000003 -0.000004 -0.000001 0.000000 0.000003 0.000012 -0.000001 -0.000006 -0.000002 0.000000 0.000005 0.000010 0.000006 0.000002 0.000018 0.000160 0.000060 0.000035 -0.000049 -0.000023
0.000086 0.000040 0.000055 0.000000 0.000019 0.000032 0.019656 -0.000013 -0.000010 -0.000008 -0.000002 -0.000000 0.000004 -0.000056 -0.000066 -0.000031 -0.000037 -0.000039 -0.000013 -0.000005 -0.000002 0.000000 0.000002 0.000007 0.000005 0.000003 0.000008 0.000014 0.000014 0.000006 -0.000148 -0.000098 -0.000025 -0.000005 -0.000005 -0.000003 -0.000001 -0.000000 0.000005 0.000005 -0.000038 -0.000005 -0.000000 0.000000 0.000004 0.000020 -0.000006 -0.000010 -0.000002 0.000000 0.000002 0.000010 0.000013 0.000000 0.000008 0.000014 0.000154 0.000057 -0.000081 -0.000033
0.000033 0.000039 0.000115 0.000000 0.000021 0.000025 -0.001815 -0.000005 -0.000002 0.000000 0.000008 0.000009 0.000010 -0.000351 -0.000214 -0.000108 -0.000055 -0.000017 -0.000014 -0.000008 -0.000002 0.000000 0.000005 0.000015 0.000000 0.000004 0.000025 0.000086 0.000101 0.000093 -0.001373 -0.000037 -0.000020 -0.000011 -0.000012 -0.000005 -0.000000 0.000001 0.000003 0.000007 -0.000039 -0.000006 -0.000000 0.000001 0.000008 0.000051 -0.000013 -0.000011 -0.000002 0.000000 0.000003 0.000010 0.000030 0.000000 0.000001 0.000004 0.000010 0.000050 -0.000678 -0.000011
0.000011 0.000006 0.000039 0.000000 0.000016 0.812581 -0.000039 -0.000041 -0.000005 0.000000 0.000005 0.000007 0.000108 -0.000299 -0.000006 -0.000011 -0.000025 -0.000047 -0.000099 -0.000022 -0.000000 0.000000 0.000004 0.000039 -0.000001 0.000000 0.000002 0.000003 0.000004 0.000004 0.000349 -0.000029 -0.000020 -0.000019 -0.000017 -0.000005 -0.000000 0.000004 0.000005 -0.000082 -0.000034 -0.000010 -0.000000 0.000002 0.000011 0.000098 -0.000024 -0.000015 -0.000001 0.000000 0.000004 0.000017 0.000101 0.000000 0.000001 0.000006 0.000005 0.000039 0.000079 -0.000001
0.000000 0.000003 0.000057 0.000026 -0.000188 -0.001533 -0.000008 -0.000001 0.000000 0.000002 0.000006 0.000013 0.022332 -0.000525 -0.000033 -0.000070 -0.000166 -0.000066 -0.000007 -0.000002 -0.000000 0.000003 0.000011 0.000020 -0.000003 0.000000 0.000003 0.000007 0.000011 0.000011 0.001810 -0.000026 -0.000033 -0.000040 -0.000046 -0.000006 -0.000000 0.000003 0.000029 -0.000224 -0.000052 -0.000004 -0.000000 0.000004 0.000035 0.000291 -0.000009 -0.000004 -0.000000 0.000000 0.000001 0.000008 0.000060 0.000000 0.000003 0.000008 0.000007 0.000011 0.000573 -0.000011
0.000000 -0.000000 0.000000 0.000037 -0.089828 -0.000014 -0.000005 0.000000 0.000003 0.000010 0.000062 -0.067096 -0.145489 -0.000128 -0.000192 -0.000162 -0.000008 -0.000005 -0.000002 0.000000 0.000002 0.000009 0.000015 0.000001 -0.000006 0.000000 0.000002 0.000013 0.000019 0.000017 -0.003107 -0.000151 -0.000126 -0.000067 -0.000007 -0.000000 0.000000 0.000004 -0.000099 -0.000003 -0.000005 -0.000007 0.000000 0.000000 0.000003 0.000127 -0.000008 -0.000002 -0.000000 0.000001 0.000002 0.000010 0.000114 0.000000 0.000006 0.000014 0.000002 0.000012 0.000655 -0.000372
0.000037 -0.000044 0.000000 -0.000317 -0.002726 -0.000008 0.000000 0.000002 0.000009 0.001299 -0.243206 -0.001519 -0.000016 -0.000016 -0.000008 -0.000006 -0.000002 -0.000001 0.000000 0.000002 0.000007 0.000013 0.000111 -0.001878 -0.000018 0.000000 0.000003 0.000008 0.000015 0.000548 -0.000544 -0.000013 -0.000016 -0.000010 -0.000004 -0.000000 0.000002 0.000033 -0.000072 -0.000007 -0.000010 -0.000008 -0.000002 0.000000 0.000015 0.000283 0.000014 -0.000002 -0.000001 0.000000 0.000002 0.000012 0.000249 0.000000 0.000002 0.000008 0.000011 0.000336 -0.001703 -0.000014
-0.000105 -0.000000 0.000014 0.009303 -0.000006 -0.000002 0.000000 0.000006 0.003672 -0.001748 -0.000011 -0.000006 -0.000004 -0.000005 -0.000003 -0.000004 -0.000007 -0.000002 0.000000 0.000004 0.000018 0.000017 -0.000126 -0.000047 -0.000002 0.000000 0.000007 0.000016 0.000020 -0.000295 -0.000606 -0.000023 -0.000011 -0.000005 -0.000001 -0.000000 0.000005 -0.000001 -0.000068 -0.000039 -0.000101 -0.000032 -0.000005 0.000000 0.000003 0.000009 0.130780 -0.000007 -0.000003 0.000000 0.000002 0.000011 0.000109 0.000000 0.000004 0.000012 0.011264 -0.001706 -0.000020 -0.000024
0.000000 0.000007 0.001081 -0.013558 -0.000007 -0.000000 0.000004 0.003756 -0.001791 -0.000009 -0.000002 0.000000 -0.000004 -0.000008 -0.000007 -0.000010 -0.000011 -0.000002 0.000000 0.000005 0.000013 0.000188 -0.000088 -0.000004 -0.000002 0.000000 0.000003 0.000016 0.009539 -0.004174 -0.000029 -0.000010 -0.000007 -0.000002 -0.000000 0.000000 0.000010 0.000191 -0.000202 -0.000075 -0.000008 -0.000003 -0.000003 -0.000000 0.000000 0.000004 0.001380 0.000150 -0.000006 0.000000 0.000003 0.000009 0.000107 0.000000 0.000005 0.000747 -0.002066 -0.000010 -0.000013 -0.000011
0.000000 -0.000184 -0.001698 -0.000002 0.000000 0.000001 0.000588 -0.001729 -0.000008 -0.000003 -0.000000 0.000001 -0.000010 -0.000013 -0.000015 -0.000018 -0.000010 -0.000000 0.000001 0.000008 0.000018 0.000645 -0.000062 -0.000007 -0.000002 0.000000 0.000004 0.000009 0.056490 -0.009076 -0.000017 -0.000022 -0.000011 -0.000002 -0.000000 0.000003 0.000008 -0.000075 -0.000015 -0.000008 -0.000004 -0.000007 -0.000005 -0.000002 0.000000 0.000002 0.000007 0.171239 -0.000112 0.000000 0.000002 0.000049 -0.000002 0.000000 -0.000170 -0.003338 -0.000003 -0.000003 -0.000004 -0.000005
0.000006 -0.000679 -0.000002 0.000000 0.000003 0.000631 -0.001793 -0.000007 -0.000002 -0.000000 0.000001 0.000006 -0.000389 -0.000197 -0.000095 -0.000051 -0.000009 -0.000000 0.000004 0.000014 0.000020 0.000142 -0.000118 -0.000005 -0.000001 0.000000 0.000003 0.003419 -0.003856 -0.000013 -0.000008 -0.000006 -0.000002 -0.000000 0.000003 0.000008 0.000380 -0.009814 -0.000010 -0.000004 -0.000008 -0.000011 -0.000004 -0.000000 0.000000 0.000002 0.000004 0.000225 0.001085 0.000000 0.000000 0.000005 -0.000000 0.000004 0.000518 -0.000004 -0.000009 -0.000007 -0.000009 -0.000014
0.000022 -0.000332 -0.000004 0.000000 0.000002 -0.000893 -0.000004 -0.000003 -0.000000 0.000003 0.000007 -0.000553 -0.000328 -0.000021 -0.000008 -0.000004 -0.000000 0.000001 0.000009 0.000017 0.000027 0.000072 0.000033 -0.000001 -0.000000 0.000000 0.000046 -0.002199 -0.000060 -0.000008 -0.000002 -0.000002 -0.000000 0.000001 0.000004 0.000043 -0.005845 -0.000008 -0.000005 -0.000003 -0.000000 -0.000014 -0.000004 -0.000000 0.000000 0.000004 0.000008 0.000012 0.001345 0.000181 0.000000 -0.000000 -0.000000 0.000005 0.000092 -0.000009 -0.000015 -0.000016 -0.000020 -0.000034
0.000006 0.000736 -0.000003 0.000000 0.000005 -0.001822 -0.000005 -0.000000 0.000002 0.000074 -0.000224 -0.000424 -0.000024 -0.000015 -0.000003 0.000000 0.000001 0.000006 0.000011 0.000012 0.000005 0.000004 0.000105 0.000054 0.000001 -0.000207 -0.004585 -0.001569 -0.000003 -0.000002 -0.000000 -0.000000 0.000001 0.000003 0.000003 -0.000168 -0.000233 -0.000004 -0.000005 -0.000000 -0.000008 -0.000019 -0.000004 -0.000000 0.000002 0.000006 0.000007 0.000003 0.000004 0.000812 -0.000046 -0.000025 -0.000000 0.000002 0.001088 0.000309 -0.000006 -0.000021 -0.000028 -0.000012
0.000002 0.001947 -0.000084 -0.000001 0.000000 -0.000700 -0.000003 -0.000000 -0.000010 -0.000760 -0.000014 -0.000015 -0.000012 -0.000007 -0.000001 0.000000 0.000003 0.000011 0.000024 0.000015 0.000014 0.000000 0.000009 0.007694 -0.028676 -0.045575 -0.000002 -0.000001 0.000000 0.000001 0.000002 0.000002 0.000009 0.000646 -0.005351 -0.015952 -0.000084 -0.000009 -0.000016 -0.000020 -0.000050 -0.000013 -0.000000 0.000002 0.000006 0.000006 0.000002 0.000000 0.000002 0.000123 0.000701 -0.000019 -0.000001 0.000000 0.000000 0.000606 0.005878 -0.000034 -0.000013 -0.000008
0.000003 0.000539 0.000216 -0.000003 0.000000 -0.000608 -0.000002 -0.000000 -0.000530 -0.000004 -0.000006 -0.000005 -0.000004 -0.000002 -0.000000 0.000002 0.000007 0.000012 0.000009 0.000007 0.000038 -0.000000 -0.002460 -0.058321 -0.068521 -0.054200 -0.037686 -0.000001 0.000000 0.000003 0.004750 -0.096364 -0.166141 -0.151210 -0.134429 -0.081349 -0.007173 -0.000031 -0.000042 -0.000040 -0.000018 -0.000000 0.000001 0.000006 0.000012 0.000007 0.000002 0.000001 0.000004 0.000607 -0.003396 -0.023858 -0.023672 -0.007659 -0.003521 -0.013303 -0.032601 -0.008667 -0.000017 -0.000005
