001_floodsim/sample_code/hipims_case/output/hUx_4500.asc
ncols 269
nrows 269
xllcorner 0.000000
yllcorner 0.000000
cellsize 10.000000
NODATA_value -9999.000000
[rows 189 to 215 of 269, columns 60 to 119 of 269]
0.000044 0.000041 0.000046 0.000000 0.000005 0.000006 0.000007 0.000005 0.000008 0.002719 -0.000014 -0.000010 -0.000001 0.000000 -0.000000 0.000000 0.000001 0.000011 0.000012 0.000028 0.000198 -0.000000 0.000000 0.000001 0.000007 0.000006 0.000004 0.000008 0.000009 -1.433195 -1.342791 -1.323330 -1.396132 -1.125546 -0.000039 -0.000027 -0.000018 -0.000009 -0.000000 0.000000 -0.000418 -0.000575 -0.000017 -0.000021 -0.000040 -0.000129 -0.000036 -0.000005 -0.000000 0.000001 0.000011 -0.000008 -0.000008 -0.000005 -0.000008 -0.000010 -0.000009 -0.000019 -0.000023 -0.000017
0.000008 0.000011 0.000008 0.000000 0.000005 0.000014 0.000016 0.000279 0.000286 0.000339 -0.000008 -0.000007 -0.000001 0.000000 0.000000 0.000001 0.000006 0.000004 0.000003 0.000073 0.000013 -0.000001 0.000000 0.000001 0.000005 0.000003 0.000002 0.000002 0.000002 0.000001 -0.338929 -0.320087 -0.404558 -0.350159 0.000000 -0.000003 -0.000006 -0.000003 -0.000000 0.000000 0.000003 0.000074 -0.000007 -0.000914 -0.000044 -0.000068 -0.000023 -0.000002 -0.000000 0.000001 -0.000013 -0.000003 -0.000004 -0.000009 -0.000005 -0.000008 -0.000019 -0.000021 -0.000018 -0.000011
0.000015 0.000025 0.000006 0.000022 0.000085 0.000070 0.000430 0.000039 0.000034 0.000051 -0.000018 -0.000008 -0.000002 0.000000 0.000002 0.000008 0.000023 0.000057 0.000060 0.000022 -0.000001 -0.000001 0.000000 0.000001 0.000002 0.000007 0.000007 0.000006 0.000010 0.000023 -0.505352 -0.422301 -0.565631 -0.517021 0.000000 -0.001678 -0.000007 -0.000000 0.000000 0.000000 0.000004 0.000008 0.000011 0.000009 0.002408 -0.000058 -0.000017 -0.000002 -0.000000 0.000000 -0.000050 -0.000010 -0.000013 -0.000016 -0.000012 -0.000015 -0.000011 -0.000017 -0.000012 -0.000007
0.000009 0.000015 0.000018 0.000020 0.000045 0.000222 0.000075 0.000000 0.000006 0.000354 -0.000017 -0.000010 -0.000001 0.000000 0.000003 0.000014 0.000021 0.000007 0.000005 0.000006 0.000005 0.000004 0.000004 0.000004 0.000006 0.000025 0.000036 0.000059 0.000068 0.000000 -0.679481 -0.491252 -0.749039 -0.892648 0.000000 -0.000017 -0.000005 -0.000001 0.000000 0.000001 0.000004 0.000005 0.000010 0.000013 0.000011 0.000002 -0.000025 -0.000261 -0.000080 -0.000168 -0.000195 -0.000163 -0.000163 -0.000067 -0.000026 -0.000018 -0.000014 -0.000006 -0.000004 -0.000003
0.000004 0.000007 0.000013 0.000018 0.000048 0.000059 0.000000 0.000010 0.000025 0.000666 -0.000017 -0.000007 -0.000002 0.000000 0.000004 0.000017 0.000019 0.000000 0.000003 0.000003 0.000003 0.000007 0.000008 0.000032 0.001974 -0.000000 0.000000 0.000000 0.000000 0.000002 -1.190346 -1.256211 -1.520178 -1.901227 -1.886777 -0.000003 -0.000002 -0.000001 0.000000 0.000000 0.000001 0.000004 0.000008 0.000006 0.000004 0.000004 0.000005 0.000005 0.000004 -0.003953 -0.000005 -0.000011 -0.000015 -0.000017 -0.000013 -0.000014 -0.000017 -0.000014 -0.000009 -0.000003
0.000000 0.000004 0.000009 0.000008 0.000041 0.000003 0.000013 0.000012 0.000018 0.000514 -0.000028 -0.000012 -0.000001 0.000000 0.000006 0.000015 0.000008 0.000008 0.000005 0.000012 0.000011 0.000011 0.026954 -0.000004 -0.000002 -0.000000 0.000000 0.000001 0.000004 0.000017 0.000021 -0.961745 -0.854566 -1.614423 -1.897620 -1.280302 -0.000005 -0.000002 0.000000 0.000000 0.000001 0.000001 0.000001 -0.000000 0.000002 0.000005 0.000008 0.000009 0.000006 0.000007 -0.000007 -0.000004 -0.000005 -0.000003 -0.000006 -0.000005 -0.000005 -0.000005 -0.000004 -0.000001
0.000000 0.000002 0.000004 0.000055 0.000033 0.000019 0.000012 0.000022 0.000038 -0.000161 -0.000014 -0.000008 0.000000 0.000001 0.000008 0.000014 0.000007 0.000005 0.000011 0.000017 0.000015 0.000280 0.000040 -0.000000 -0.000012 -0.000002 0.000000 0.000003 0.000004 0.000062 0.000068 -1.309835 -1.382722 -1.883163 -2.224445 -2.120529 -1.151020 -0.485683 0.000000 0.000000 0.000000 -0.000008 -0.000004 -0.000001 0.000000 0.000002 0.000007 0.000009 0.000011 0.000010 -0.003455 -0.000006 -0.000001 -0.000000 0.000000 -0.000004 -0.000002 -0.000001 -0.000003 -0.000001
0.000000 0.000003 0.000037 0.000031 0.000010 0.000008 0.000020 0.000041 0.000019 -0.000269 -0.000027 -0.000008 0.000000 0.000002 0.000004 0.000005 0.000011 0.000013 0.000017 0.000346 0.000144 0.000017 0.000005 -0.000000 -0.000001 -0.000000 0.000000 0.000005 0.000050 0.000050 0.000035 0.000033 -1.256242 -1.440414 -1.491861 -1.347622 -1.037695 -0.567392 -0.000004 -0.000010 -0.000012 -0.000023 -0.000011 -0.000003 0.000000 0.000000 0.000005 0.000005 0.000006 0.000011 0.005212 -0.000004 -0.000000 0.000002 0.000014 -0.000002 -0.000000 -0.000000 -0.000003 -0.000001
0.000000 0.000005 0.000010 0.000008 0.000006 0.000015 0.000024 0.000024 0.000515 -0.000481 -0.000015 -0.000004 0.000000 0.000004 0.000011 0.000015 0.000021 0.000015 0.000264 0.000043 0.000000 0.000002 -0.000103 -0.000004 0.000000 0.000000 0.000004 0.000021 0.000029 0.000022 0.000042 0.000031 0.000000 -1.306242 -1.250902 -1.070592 -0.818520 -0.541089 -0.000095 -0.000062 -0.000046 -0.000013 -0.000006 -0.000004 -0.000001 0.000000 0.000000 -0.000000 0.000003 0.000012 0.006577 -0.002894 -0.001313 -0.004702 -0.008174 -0.007549 -0.007743 -0.008562 -0.010209 -0.008743
-0.000011 0.000000 0.000002 0.000010 0.000104 0.000174 0.000265 0.000338 0.000243 -0.000020 -0.000018 -0.000002 0.000000 0.000009 0.000020 0.000021 0.000171 0.000082 -0.000012 -0.000001 0.000000 0.000010 -0.000005 -0.000003 0.000000 0.000000 0.000005 0.000018 0.000020 0.000034 0.000031 0.000000 0.000001 0.000002 -0.934499 -0.710305 -0.871309 -0.767824 -0.000003 -0.000003 -0.000006 -0.000028 -0.000015 -0.000009 -0.000006 -0.000013 -0.000013 -0.000000 0.000001 0.000008 0.000011 0.000019 -0.000004 -0.000005 -0.000014 -0.000003 -0.000000 -0.000000 0.000000 0.000004
-0.000001 0.000000 0.000005 0.000066 0.000057 0.000033 0.000020 0.000023 0.000042 -0.000013 -0.000006 0.000000 0.000003 0.000022 0.000052 0.000266 0.000006 -0.000000 -0.000000 0.000000 0.000000 0.000009 -0.000107 -0.000004 0.000000 0.000002 0.000009 0.000016 0.000031 0.000023 0.000012 0.000005 0.000009 0.000009 -1.666122 -1.871952 -1.980172 -1.929315 -1.931188 -0.000007 -0.000008 -0.000010 -0.000006 -0.000009 -0.000022 -0.000035 -0.000005 -0.000001 -0.000000 0.000004 0.000007 0.000005 0.000002 0.000000 -0.000029 -0.000017 -0.000001 -0.000000 0.000002 0.000018
-0.000000 0.000000 0.000019 0.000019 0.000007 0.000010 0.000009 0.000008 -0.000003 -0.000011 -0.000003 0.000000 0.000002 0.000012 0.000282 0.000106 -0.000006 -0.000002 -0.000001 0.000000 0.000008 0.000034 -0.000264 -0.000007 0.000000 0.000003 0.000024 0.000028 0.000009 0.000004 0.000003 0.000134 0.000221 0.000395 0.000121 -2.105013 -2.286294 -2.581011 -2.988260 -2.510572 -1.972685 -0.000005 -0.000000 -0.000018 -0.000019 -0.000003 -0.000003 -0.000001 -0.000000 0.000001 0.000002 0.000003 0.000004 0.000002 -0.000027 -0.000024 -0.000002 -0.000000 0.000003 0.000014
-0.000000 0.000000 0.000001 0.000007 0.000006 0.000005 0.000014 0.009562 -0.000006 -0.000005 0.000000 0.000001 0.000007 0.000018 0.014037 -0.000009 -0.000008 -0.000001 0.000000 0.000001 0.000019 0.000087 0.000080 -0.000005 0.000000 0.000009 0.000014 0.000012 0.000004 0.000007 0.000169 0.000093 0.000040 0.000019 0.000007 0.000016 -1.181276 -1.577531 -2.343571 -2.781289 -2.601373 -2.086873 -0.000050 -0.000191 -0.000065 -0.000009 -0.000012 -0.000008 -0.000002 -0.000001 -0.000000 0.000000 0.000002 0.000004 0.000007 0.000022 -0.000001 -0.000000 0.000000 -0.000001
-9999.000000 -9999.000000 0.000000 0.000006 0.000029 0.000026 0.000275 -0.000038 -0.000007 -0.000002 0.000000 0.000004 0.000017 0.000072 0.000038 -0.000014 -0.000006 -0.000001 0.000000 0.000004 0.000034 0.000072 0.000014 -0.000002 0.000000 0.000008 0.000016 0.000018 0.000017 0.000151 0.000044 0.000021 0.000011 0.000009 0.000008 0.000016 -1.119953 -1.204413 -2.001125 -2.260369 -2.345673 -2.013973 -1.424622 -0.000012 -0.000030 -0.000046 -0.000034 -0.000006 -0.000007 -0.000006 -0.000001 0.000000 0.000002 0.000010 0.000011 0.000014 -0.000020 -0.000001 -0.000004 -0.000003
-9999.000000 -9999.000000 0.000000 0.000003 0.000005 0.000102 0.002369 -0.000006 -0.000001 0.000000 0.000004 0.000010 0.000013 0.000022 -0.000040 -0.000014 -0.000004 -0.000000 0.000000 0.000006 0.000133 0.000110 -0.000003 0.000000 0.000001 0.000011 0.000008 0.000006 0.000184 0.000020 0.000004 0.000007 0.000015 0.000011 0.000011 0.000019 0.000030 0.000034 -0.792469 -0.979573 -1.120887 -1.030025 -0.425356 -0.222132 -0.000006 -0.000006 -0.000012 -0.000008 -0.000009 -0.000010 -0.000005 -0.000003 0.000000 0.000002 0.000003 0.000006 0.000004 -0.000002 -0.000002 -0.000004
-9999.000000 -9999.000000 0.000000 0.000004 0.000012 0.000046 -0.000001 -0.000001 0.000000 0.000002 0.000008 0.000015 0.000017 -0.000010 -0.000021 -0.000015 -0.000005 -0.000000 0.000003 0.000017 0.000066 -0.000000 -0.000000 0.000000 0.000004 0.000008 0.000239 0.000208 0.000018 0.000003 0.000011 0.000028 0.000038 0.000029 0.000029 0.000020 0.000014 0.000016 0.000010 0.000005 0.162079 -0.090702 0.113533 0.234667 -0.000002 0.000000 -0.000009 -0.000006 -0.000010 -0.000014 -0.000008 -0.000006 -0.000003 0.000000 0.000004 0.000006 0.000002 0.000004 0.000004 -0.000011
-9999.000000 -9999.000000 0.000000 0.000010 0.000047 0.000031 0.000000 0.000002 0.000005 0.000008 0.000014 0.000020 0.000039 -0.000026 -0.000018 -0.000015 -0.000006 -0.000000 0.000001 0.000009 0.000023 -0.000002 -0.000000 0.000001 0.000009 0.000142 0.000118 -0.000001 0.000000 0.000005 0.000011 0.000012 0.000028 0.000015 0.000012 0.000022 0.000020 0.000014 0.000000 0.721488 0.933058 0.237498 -0.021750 -0.000001 0.000000 0.000000 0.000004 -0.000009 -0.000021 -0.000039 -0.000036 -0.000016 -0.000004 0.000000 0.000002 0.000002 0.000005 0.000010 0.000008 -0.000039
-9999.000000 -9999.000000 0.000000 0.000005 0.000012 0.000005 0.000002 0.000018 0.000029 0.000022 0.000026 0.000029 0.000004 -0.000024 -0.000009 -0.000012 -0.000007 -0.000003 -0.000000 0.000000 -0.000003 -0.000001 -0.000000 0.000002 0.000026 0.000059 -0.000000 0.000000 0.000002 0.000008 0.000014 0.000017 0.000013 0.000008 0.000008 0.000008 0.000008 0.000002 0.000002 0.094314 0.209198 -0.275170 -0.495692 -0.000003 0.000000 0.000000 -0.000009 -0.000018 -0.000024 -0.000015 -0.000005 -0.000006 -0.000002 0.000000 0.000002 0.000005 0.000008 0.000016 0.000007 -0.000011
-9999.000000 -9999.000000 0.000000 0.000003 0.000003 0.000001 0.000006 0.000011 0.000013 0.000077 0.000132 0.000157 0.003222 -0.000032 -0.000012 -0.000004 -0.000003 -0.000004 -0.000006 -0.000014 -0.000006 -0.000000 -0.000000 0.000006 0.000010 0.000006 0.000008 0.000007 0.000005 0.000004 0.000005 0.000013 0.000008 0.000004 0.000003 0.000003 0.000003 0.000000 0.000001 -0.306902 -0.311588 -1.051621 -1.486970 -1.251721 -0.000006 -0.000012 -0.000584 -0.000164 -0.000133 -0.000089 -0.000056 -0.000025 -0.000003 0.000000 0.000003 0.000006 0.000007 0.000009 0.000137 -0.000000
-9999.000000 -9999.000000 0.000000 0.000000 0.000000 0.000004 0.000011 0.000014 0.000015 0.000009 0.000007 0.000006 0.000394 -0.000017 -0.000016 -0.000006 -0.000000 -0.000017 -0.000015 -0.000012 -0.000008 -0.000002 -0.000000 0.000003 0.000009 0.000014 0.000014 0.000021 0.000017 0.000005 0.000010 0.000009 0.000014 0.000012 0.000009 0.000007 0.000235 0.000036 0.000026 -0.627745 -0.647626 -1.155691 -1.138079 -1.043358 -0.000066 -0.000125 -0.000006 -0.000012 -0.000011 -0.000013 -0.000007 -0.000002 0.000000 0.000000 0.000009 0.000014 0.000013 0.000695 -0.004631 -0.002530
-9999.000000 0.000000 -0.000012 -0.000011 0.000000 0.000007 0.000015 0.000007 0.000007 0.000011 0.000015 0.000016 0.000332 -0.000021 -0.000017 -0.000012 -0.000016 -0.000034 -0.000019 -0.000006 -0.000006 -0.000002 -0.000000 0.000000 0.000005 0.000012 0.000028 0.000077 0.000062 0.000038 0.000027 0.000019 0.000017 0.000178 0.000218 0.000409 0.000172 0.000758 0.003266 0.000000 -1.564177 -1.734933 -1.892581 -1.874015 -1.505450 -0.000041 -0.000002 -0.000003 -0.000003 -0.000004 -0.000004 -0.000001 0.000000 0.000003 0.000006 0.000014 0.005696 -0.001626 -0.000150 -0.000018
0.000000 -0.000010 -0.000010 -0.000000 0.000001 0.000010 0.000022 0.000013 0.000000 0.000005 0.000015 0.000017 0.000190 -0.000024 -0.000069 -0.000109 -0.000218 -0.000169 -0.000095 -0.000037 -0.000003 -0.000001 -0.000000 0.000000 0.000002 0.000008 0.000012 0.000010 0.000140 0.000214 0.000208 0.000213 0.000276 0.000034 0.000028 0.000031 0.000020 0.000026 -0.000001 0.000000 0.000001 -0.800170 -0.790044 -0.834482 -0.697628 -0.000028 -0.000007 -0.000010 -0.000008 -0.000006 -0.000002 -0.000000 0.000002 0.000006 0.000008 -0.000663 -0.000004 -0.000001 -0.000002 -0.000002
0.000001 -0.000007 -0.000005 -0.000000 0.000004 0.000016 0.000018 0.000025 0.000004 0.000004 0.000007 0.000002 0.000129 -0.000099 -0.000073 -0.000118 -0.000009 -0.000012 -0.000020 -0.000019 -0.000021 -0.000005 -0.000000 0.000000 0.000004 0.000005 0.000020 0.000064 0.000049 0.000039 0.000023 0.000020 0.000010 0.000007 0.000010 0.000008 0.000006 0.000008 -0.000005 0.000000 0.000003 -0.973170 -0.970958 -1.003746 -0.963549 -0.875334 -0.000009 -0.000013 -0.000009 -0.000005 -0.000000 0.000000 0.000004 0.000505 -0.000177 -0.000002 -0.000002 -0.000002 -0.000005 -0.000005
-0.000018 -0.000017 -0.000000 0.000003 0.000009 0.000015 0.000022 0.000033 0.000006 -0.000003 -0.000003 0.000000 0.000029 -0.000112 -0.000066 -0.000046 -0.000020 -0.000015 -0.000005 -0.000003 -0.000002 -0.000000 0.000000 0.000002 0.000006 0.000010 0.000007 0.000016 0.000019 0.000016 0.000017 0.000016 0.000008 0.000004 0.000003 0.000002 0.000002 0.000021 -0.000005 0.000000 0.000002 0.000008 -0.247835 -0.275062 -0.185024 -0.094700 -0.000000 -0.001609 -0.000323 -0.000002 -0.000000 0.000000 -0.001764 -0.000259 -0.000081 -0.000142 -0.000187 -0.001057 -0.000235 -0.000009
0.000186 0.001267 -0.000000 0.000002 0.000005 0.000008 0.000013 0.000017 0.000000 -0.000008 -0.000001 0.000000 0.000014 0.000192 -0.000052 -0.000050 -0.000043 -0.000021 -0.000013 -0.000007 -0.000000 -0.000000 0.000001 0.000005 0.000008 0.000011 0.000009 0.000006 0.000006 0.000006 0.000007 0.000008 0.000012 0.000011 0.000010 0.000007 0.000022 -0.000003 -0.000003 0.000000 0.000007 0.000010 -0.121798 -0.129221 -0.052559 0.011253 -0.000000 0.000006 0.000027 -0.000151 -0.000033 -0.000022 -0.000007 -0.000003 -0.000000 0.000000 -0.000071 -0.000174 -0.000224 -0.000548
0.000067 0.000038 0.000060 0.000094 0.000136 0.000075 0.000025 0.000010 0.000000 -0.000012 -0.000005 -0.000000 0.000000 -0.000001 -0.000512 -0.000065 -0.000039 -0.000046 -0.000022 -0.000006 -0.000000 0.000000 0.000004 0.000007 0.000010 -0.000000 0.000000 0.000018 0.000026 0.000027 0.000027 0.000026 0.000019 0.000015 0.000125 -0.001577 -0.000041 -0.000004 0.000000 0.000000 0.000023 0.000027 -0.023375 0.020754 0.113295 0.123893 -0.000000 -0.000004 -0.000003 -0.000003 -0.000003 -0.000004 -0.000004 -0.000001 0.000000 0.000001 0.000010 -0.000016 -0.000006 -0.000006
0.000000 0.000005 0.000011 0.000014 0.000007 0.000042 0.000097 0.000241 0.000000 -0.000045 -0.000005 -0.000001 0.000000 0.000014 -0.000402 -0.000034 -0.000038 -0.000020 -0.000006 -0.000000 0.000000 0.000006 0.000008 -0.000011 -0.000027 -0.000012 0.000000 0.000004 0.000050 0.000130 0.000190 0.000239 0.000168 0.000075 -0.000019 -0.000007 -0.000002 0.000000 0.000000 0.000005 0.000014 0.000011 0.042243 0.126021 0.223448 0.201808 -0.000011 -0.000016 -0.000010 -0.000005 -0.000003 -0.000003 -0.000001 -0.000000 0.000000 0.000004 0.000014 -0.000010 -0.000006 -0.000006
