001_floodsim/sample_code/hipims_case/output/hUx_7200.asc
ncols 269
nrows 269
xllcorner 0.000000
yllcorner 0.000000
cellsize 10.000000
NODATA_value -9999.000000
[rows 81 to 107 of 269, columns 180 to 239 of 269]
-0.000000 -0.000080 -0.000006 -0.000000 0.000001 0.000003 -0.003646 -0.000002 -0.000001 -0.000000 0.000004 0.000009 0.000006 0.000004 0.000043 -0.000050 -0.000055 -0.000021 -0.000012 -0.000053 -0.000520 -0.000004 -0.000004 -0.000002 -0.000000 0.000002 0.000003 -0.000033 -0.000028 -0.000019 -0.000001 0.000000 0.000008 0.000303 -0.004956 -0.000017 -0.000010 -0.000006 -0.000004 -0.000001 0.000000 0.000005 0.001153 -0.001660 -0.000016 -0.000004 0.000000 0.000000 0.000003 0.000008 0.000007 0.000007 0.000005 0.000004 0.000016 0.004287 -0.000212 -0.000020 -0.000015 -0.000028
-0.000000 -0.000009 -0.000001 -0.000000 0.000000 -0.000148 -0.000760 -0.000003 -0.000000 0.000002 0.000004 0.000013 -0.000728 -0.024447 -0.031976 -0.025661 -0.018149 -0.007321 -0.002598 -0.000520 -0.000146 -0.000007 -0.000002 -0.000000 0.000001 0.000003 -0.000022 -0.000041 -0.000036 -0.000010 -0.000001 0.000000 0.000009 0.000074 -0.004229 -0.000011 -0.000000 0.000001 0.000001 -0.000000 0.000003 0.000010 0.023912 -0.000011 -0.000006 -0.000001 0.000000 0.000002 0.000007 0.000010 0.000009 0.000006 0.000004 0.000017 -0.049114 -0.002371 -0.000020 -0.000014 -0.000018 -0.000020
-0.011876 -0.003839 -0.006690 -0.000946 -0.000011 -0.000151 -0.000178 -0.000000 -0.000000 0.000000 0.000658 -0.020402 -0.026981 -0.016559 -0.008962 -0.009753 -0.019343 -0.031679 -0.023829 -0.008421 -0.000038 -0.000005 -0.000000 -0.000000 0.000000 0.000028 -0.000121 -0.000034 -0.000017 -0.000009 -0.000001 0.000000 0.000006 0.000042 -0.002705 -0.000011 -0.000002 0.000000 -0.004345 -0.000001 0.000000 -0.018094 -0.001720 -0.000007 -0.000001 -0.000000 0.000001 0.000004 0.000009 0.000011 0.000928 -0.001636 -0.010743 -0.002449 -0.000016 -0.000015 -0.000017 -0.000012 -0.000014 -0.000015
-0.046015 -0.041736 -0.041582 -0.033051 -0.019678 -0.008787 -0.000524 -0.000866 -0.005461 -0.017760 -0.036776 -0.029506 -0.008240 -0.000026 -0.000001 -0.000000 0.000000 -0.001361 -0.030767 -0.029866 -0.011782 -0.008896 -0.008782 -0.011300 -0.021416 -0.018089 -0.009847 -0.001068 -0.000015 -0.000004 -0.000000 0.000001 0.000006 0.000019 -0.002537 -0.000012 -0.000003 0.000000 0.000011 -0.000573 -0.001554 -0.001893 -0.000008 -0.000003 -0.000000 0.000001 0.000004 0.000008 0.000008 0.000019 -0.000930 -0.000009 -0.000011 -0.000016 -0.000014 -0.000016 -0.000015 -0.000008 -0.000009 -0.000008
-0.000559 -0.006059 -0.009483 -0.022600 -0.036157 -0.037031 -0.034722 -0.035577 -0.036292 -0.024202 -0.019507 -0.004364 -0.000055 -0.000015 -0.000003 -0.000000 0.000001 0.000003 0.000310 -0.013353 -0.021188 -0.031528 -0.027538 -0.021435 -0.004349 -0.006051 -0.023553 -0.014294 -0.000102 -0.000001 -0.000000 0.000001 0.002451 -0.002546 -0.003498 -0.000134 -0.000172 -0.000672 -0.002343 -0.001956 -0.000014 -0.000008 -0.000003 0.000000 0.000001 0.000005 0.000009 0.000028 -0.002220 -0.010847 -0.000672 -0.000004 -0.000007 -0.000014 -0.000012 -0.000010 -0.000007 -0.000003 -0.000003 -0.000003
-0.000000 -0.000000 0.000000 0.000001 0.000918 -0.009190 -0.013840 -0.010759 -0.005585 -0.003657 -0.000275 -0.000065 -0.000024 -0.000023 -0.000006 -0.000001 -0.000000 0.000003 0.000009 0.000178 0.000000 -0.000097 -0.004013 -0.000013 -0.000000 -0.000000 -0.000107 -0.023237 -0.025564 -0.012968 -0.013811 -0.021704 -0.021030 -0.010981 -0.015195 -0.001447 -0.001321 -0.000866 -0.000015 -0.000014 -0.000009 -0.000004 0.000000 0.000000 0.000005 0.000009 0.029894 -0.036760 -0.010371 -0.000554 -0.002421 -0.003146 -0.000009 -0.000005 -0.000005 -0.000004 -0.000004 -0.000006 -0.000002 -0.000000
-0.000000 0.000000 0.000002 0.000005 0.000007 0.000014 0.000772 -0.000315 -0.000122 -0.000027 -0.000018 -0.000015 -0.000026 -0.000040 -0.000003 -0.000002 -0.000000 0.000002 0.000005 0.000068 0.000000 0.000004 -0.000115 -0.000030 -0.000001 -0.000000 0.000003 0.000007 -0.001503 -0.008600 -0.005560 -0.003270 -0.009883 -0.010517 -0.017997 -0.000013 -0.000014 -0.000013 -0.000011 -0.000014 -0.000010 -0.000001 0.000000 0.000004 0.000076 -0.011391 -0.043359 -0.000021 -0.000004 -0.000000 0.000001 -0.000971 -0.003290 -0.000012 -0.000011 -0.000009 -0.000007 -0.000005 -0.000001 -0.000000
-0.000000 0.000000 0.000006 0.000014 0.000013 0.000013 0.000100 -0.000013 -0.000006 -0.000010 -0.000014 -0.000016 -0.000008 -0.000018 -0.000196 -0.000024 -0.000000 0.000001 0.000005 0.000027 0.000000 0.000005 -0.000086 -0.000077 -0.000003 -0.000000 0.000002 0.000006 0.000007 0.000008 -0.000000 0.000000 0.000004 0.016439 -0.020617 -0.000011 -0.000010 -0.000009 -0.000008 -0.000004 -0.000001 0.000000 0.000003 0.013262 -0.150096 -0.006748 -0.000022 -0.000015 -0.000003 -0.000000 0.000000 0.000002 -0.009787 -0.000027 -0.000011 -0.000005 -0.000005 -0.000007 -0.000003 -0.000001
-0.000000 0.000000 0.000003 0.000010 0.000017 0.000022 0.000162 -0.000004 -0.000006 -0.000012 -0.000027 -0.000008 -0.000002 -0.000000 -0.000036 -0.000008 -0.000002 0.000000 0.000003 0.000019 0.000000 0.000006 -0.000009 -0.000120 -0.000002 -0.000000 -0.000000 0.000001 0.000004 0.000012 0.000000 0.000001 0.000016 0.054488 -0.009151 -0.000004 -0.000004 -0.000004 -0.000005 -0.000001 0.000000 0.000003 0.013578 -0.021397 -0.000076 -0.000032 -0.000023 -0.000031 -0.000009 -0.000000 0.000000 0.000007 0.000470 -0.000178 -0.000064 -0.000215 -0.001211 -0.001054 -0.000101 -0.000327
-0.000001 -0.000000 0.000002 0.000009 0.000017 0.000024 0.000137 -0.000002 -0.000000 0.000001 -0.000023 -0.000003 -0.000000 -0.000000 -0.000023 -0.000004 -0.000001 0.000000 0.000002 0.000035 0.000000 0.000005 0.000027 -0.000245 -0.000097 -0.000005 -0.000001 0.000000 0.000000 0.000003 0.000008 0.000013 0.000028 0.000032 -0.046501 -0.000012 -0.000013 -0.000007 -0.000002 -0.000000 0.000003 0.005507 -0.259698 -0.000064 -0.000019 -0.000024 -0.000030 -0.000014 -0.000006 -0.000000 0.000000 0.000005 0.001727 -0.007500 -0.003120 -0.000680 -0.000003 -0.001947 -0.001583 -0.001189
-0.000002 -0.000000 0.000002 0.000007 0.000015 0.000020 0.000056 -0.000004 -0.000000 0.000001 -0.000007 -0.000007 -0.000002 -0.000000 -0.000015 -0.000003 -0.000000 0.000001 0.000006 0.000002 0.000000 0.000020 0.000046 -0.000012 -0.000038 -0.000171 -0.000042 -0.000013 0.000000 0.000001 0.000007 0.000017 0.000026 0.000034 0.010242 -0.014487 -0.000011 -0.000004 -0.000000 -0.000000 -0.000598 -0.008087 -0.000016 -0.000012 -0.000007 -0.000009 -0.000017 -0.000008 -0.000006 -0.000001 0.000000 0.000004 0.000007 -0.000017 -0.000008 -0.000003 0.000000 0.000001 -0.000013 -0.000050
-0.000022 -0.000002 0.000000 0.000005 0.000014 0.000033 0.000004 -0.000005 -0.000000 0.000000 -0.000006 -0.000004 -0.000004 -0.000003 -0.000007 -0.000003 -0.000000 0.000003 0.000007 0.000000 0.000024 0.000017 0.000005 0.000003 -0.000000 -0.000015 -0.000008 -0.000004 0.000000 0.000001 0.000019 0.000038 0.000047 0.000029 0.000020 0.010046 -0.016072 -0.012347 -0.017765 -0.017462 -0.012530 -0.000012 -0.000012 -0.000010 -0.000006 -0.000006 -0.000010 -0.000012 -0.000006 -0.000002 0.000000 0.000003 0.000005 -0.000000 -0.000007 -0.000003 0.000000 0.000003 0.000025 -0.000164
-0.000005 -0.000001 0.000000 0.000005 0.000030 0.000017 -0.000032 -0.000006 -0.000001 0.000000 -0.000003 -0.000004 -0.000006 -0.000008 -0.000005 -0.000001 -0.000000 0.000002 0.000006 0.000003 0.000006 -0.000000 0.000000 -0.000000 -0.000003 -0.000008 -0.000003 -0.000001 0.000000 0.000009 0.000014 0.000015 0.000018 0.000017 0.000012 0.000253 0.000292 -0.000001 0.000000 -0.000747 -0.003280 -0.000004 -0.000004 -0.000003 -0.000003 -0.000003 -0.000007 -0.000008 -0.000004 -0.000002 0.000000 0.000001 0.000004 0.000003 -0.000004 -0.000003 0.000000 0.000002 0.000082 -0.000069
-0.000001 0.000000 0.000001 0.000012 0.000018 0.000007 -0.000005 -0.000005 -0.000002 0.000000 -0.000004 -0.000004 -0.000005 -0.000004 -0.000001 -0.000001 -0.000000 0.000001 0.000005 0.000007 0.000008 -0.000002 -0.000000 0.000000 0.000000 -0.000000 -0.000001 0.000000 0.000002 0.000010 0.000009 0.000008 0.000009 0.000010 0.000006 0.000579 0.000026 -0.000001 0.000000 0.000002 -0.002784 -0.000646 -0.000011 -0.000012 -0.000012 -0.000007 -0.000002 -0.000002 -0.000001 -0.000001 0.000000 0.000001 0.000001 -0.000003 -0.000002 -0.000001 0.000000 0.000006 0.000108 -0.000007
-0.000000 0.000000 0.000003 0.000006 0.000010 0.000002 -0.000002 -0.000002 -0.000001 0.000000 0.000000 -0.000001 -0.000001 -0.000002 -0.000005 -0.000003 -0.000001 0.000000 0.000001 0.000002 -0.000014 -0.000005 -0.000001 0.000000 0.000001 0.000002 0.000002 0.000002 0.000004 0.000008 0.000004 0.000003 0.000003 0.000004 0.000009 0.000589 -0.000011 -0.000002 0.000000 0.000001 0.002895 -0.100116 -0.002294 -0.000017 -0.000016 -0.000010 -0.000006 -0.000003 -0.000001 -0.000000 0.000000 -0.000002 -0.000003 -0.000007 -0.000006 -0.000001 -0.000000 0.000002 0.000018 -0.000006
-0.000000 0.000000 0.000001 0.000002 0.000003 -0.000001 -0.000003 -0.000001 0.000000 0.000000 0.000003 0.000007 -0.000000 -0.000003 -0.000007 -0.000006 -0.000003 -0.000001 0.000000 0.000000 -0.000013 -0.000004 -0.000001 0.000000 0.000001 0.000001 0.000002 0.000001 0.000001 0.000002 0.000007 0.000012 0.000012 0.000010 0.021417 -0.000416 -0.000011 -0.000004 0.000000 0.000002 0.001156 0.000884 -0.000450 -0.002386 -0.002537 -0.000009 -0.000010 -0.000011 -0.000009 -0.000012 -0.000034 -0.000083 -0.000128 -0.000089 -0.000039 -0.000005 -0.000000 0.000005 0.000034 -0.000016
-0.000000 0.000001 0.000004 0.000010 -0.000003 -0.000003 -0.000001 -0.000001 0.000000 0.000002 0.000006 0.000010 0.000015 -0.000002 -0.000006 -0.000006 -0.000005 -0.000005 -0.000003 -0.000002 -0.000002 -0.000002 -0.000001 0.000000 0.000001 0.000003 0.000006 0.000004 0.000004 0.000006 0.000010 0.000016 0.000013 0.022038 -0.000346 -0.000012 -0.000009 -0.000002 0.000000 0.000002 0.002282 -0.000003 -0.000000 0.000000 -0.027976 -0.000451 -0.000574 -0.000687 -0.000360 -0.000322 -0.000219 -0.000141 -0.000042 -0.000028 -0.000012 -0.000004 -0.000000 0.000002 0.000001 -0.000010
0.000001 0.000003 0.000006 0.000009 -0.000012 -0.000006 -0.000004 -0.000002 0.000000 0.000003 0.000008 0.000013 0.000011 -0.000005 -0.000005 -0.000006 -0.000009 -0.000015 -0.000011 -0.000005 -0.000003 -0.000001 -0.000000 0.000000 0.000000 0.000003 0.000008 0.000010 0.000011 0.000012 0.000013 0.000017 0.003543 -0.000315 -0.000018 -0.000007 -0.000002 -0.000000 0.000000 0.000007 0.124554 -0.000004 -0.000000 0.000000 -0.000394 -0.000008 -0.000008 -0.000006 -0.000010 -0.000018 -0.000010 -0.000007 -0.000011 -0.000023 -0.000029 -0.000012 -0.000000 0.000001 -0.000012 -0.000009
0.000004 0.000011 0.000011 0.000013 -0.000043 -0.000013 -0.000005 -0.000001 0.000000 0.000003 0.000010 0.000019 0.000027 -0.000010 -0.000016 -0.000031 -0.000022 -0.000009 -0.000005 -0.000003 -0.000000 -0.000000 -0.000001 -0.000001 0.000000 0.000002 0.000023 0.000059 0.000116 0.000178 0.000243 0.000920 -0.000203 -0.000013 -0.000018 -0.000016 -0.000005 0.000000 0.000002 0.000036 -0.038647 -0.000010 -0.000000 0.000002 -0.001036 -0.000009 -0.000006 -0.000003 -0.000005 -0.000009 -0.000005 -0.000001 -0.000001 -0.000007 -0.000012 -0.000008 -0.000000 0.000000 -0.000011 -0.000006
0.000005 0.000016 0.000014 0.000005 -0.000039 -0.000008 -0.000006 -0.000001 0.000000 0.000003 0.000011 0.000010 0.000073 -0.000046 -0.000025 -0.000015 -0.000014 -0.000017 -0.000008 -0.000002 -0.000000 -0.000011 -0.000054 -0.000047 -0.000017 -0.000000 0.000000 0.000002 0.000003 0.000020 0.000121 -0.000028 -0.000012 -0.000016 -0.000018 -0.000009 -0.000003 0.000000 0.000003 0.000014 -0.006167 -0.000006 -0.000000 0.000013 -0.001347 -0.000004 -0.000003 -0.000002 -0.000004 -0.000008 -0.000005 -0.000002 -0.000001 -0.000004 -0.000008 -0.000005 -0.000000 0.000000 -0.000003 -0.000002
0.000012 0.000018 0.000011 0.000008 -0.000050 -0.000014 -0.000006 -0.000000 0.000000 0.000003 0.000010 0.000615 -0.001416 -0.000855 -0.001050 -0.000478 -0.000499 -0.000776 -0.000025 -0.000033 -0.000086 -0.000206 -0.000017 -0.000017 -0.000011 -0.000001 0.000000 0.000020 0.000061 0.000067 0.000117 -0.000077 -0.000010 -0.000012 -0.000015 -0.000008 -0.000002 0.000000 0.000007 0.000014 -0.000828 -0.000003 -0.000000 0.000004 -0.001847 -0.000113 -0.000010 -0.000008 -0.000006 -0.000003 -0.000004 -0.000003 -0.000005 -0.000006 -0.000008 -0.000004 -0.000001 0.000000 0.000001 0.000002
0.000014 0.000017 0.000011 -0.000064 -0.000038 -0.000010 -0.000002 -0.000000 0.000000 0.000004 0.000618 -0.032152 -0.000013 -0.000008 -0.000011 -0.000004 -0.000000 -0.000010 -0.009887 -0.000369 -0.000154 -0.000021 -0.000016 -0.000012 -0.000004 -0.000000 0.000000 0.000008 0.000017 0.000023 0.000123 -0.000010 -0.000023 -0.000016 -0.000012 -0.000007 -0.000001 0.000000 0.000005 0.000010 0.002419 -0.000006 -0.000000 0.000001 -0.000420 -0.000100 -0.000218 -0.000130 -0.000101 -0.000096 -0.000087 -0.000007 -0.000003 -0.000003 -0.000004 -0.000002 -0.000001 0.000000 0.000000 0.000001
0.000013 0.000011 0.001156 -0.001285 -0.000857 -0.000010 -0.000002 -0.000000 0.000000 -0.000915 -0.000997 -0.000014 -0.000011 -0.000010 -0.000010 -0.000004 -0.000000 0.000000 0.000000 -0.000055 -0.000031 -0.000019 -0.000013 -0.000011 -0.000006 -0.000001 -0.000000 0.000003 0.000011 0.000020 0.000063 -0.000006 -0.000011 -0.000009 -0.000005 -0.000002 0.000000 0.000001 0.000002 0.000004 0.003385 -0.000065 -0.000002 -0.000000 -0.001494 -0.000004 -0.000005 -0.000012 -0.000009 -0.000015 -0.000028 -0.000035 -0.000014 -0.000007 -0.000008 -0.000009 -0.000005 -0.000004 -0.000004 -0.000001
-0.012382 -0.005174 -0.001325 -0.000078 -0.000134 -0.001420 -0.001037 -0.001256 -0.001778 -0.001068 -0.000013 -0.000012 -0.000009 -0.000006 -0.000006 -0.000004 -0.000001 0.000000 0.000002 0.000009 -0.000024 -0.000046 -0.000023 -0.000010 -0.000008 -0.000003 -0.000000 0.000002 0.000008 0.000021 0.000024 -0.000005 -0.000008 -0.000005 -0.000001 0.000000 0.000001 0.000003 0.000007 0.000184 0.004449 -0.037276 -0.000002 -0.000000 0.000208 -0.126446 -0.000215 -0.000003 -0.000002 -0.000003 -0.000003 -0.000004 -0.000006 -0.000002 -0.000001 -0.000006 -0.000007 -0.000010 -0.000015 -0.000012
-0.000010 -0.000007 -0.000004 -0.000001 0.000000 0.000000 -0.000010 -0.000006 -0.000009 -0.000010 -0.000005 -0.000005 -0.000006 -0.000002 -0.000002 -0.000002 -0.000001 0.000000 0.000001 -0.000002 -0.000008 -0.000021 -0.000038 -0.000025 -0.000008 -0.000003 -0.000000 0.000000 0.000005 0.000018 0.000001 -0.000003 -0.000004 -0.000002 0.000000 0.000001 0.000006 0.000233 0.000341 0.000130 0.000041 -0.002003 -0.000007 -0.000001 -0.000000 0.000269 -0.107901 -0.001335 -0.000011 -0.000011 -0.000022 -0.000054 -0.000056 -0.000043 -0.000329 -0.000274 -0.000020 -0.000029 -0.000024 -0.000007
-0.000009 -0.000006 -0.000003 -0.000000 0.000000 0.000000 -0.000011 -0.000005 -0.000005 -0.000005 -0.000001 0.000000 0.000000 -0.000002 -0.000003 -0.000005 -0.000005 -0.000003 -0.000003 -0.000005 -0.000009 -0.000011 -0.000014 -0.000017 -0.000018 -0.000005 -0.000000 0.000000 0.000003 0.000015 -0.000001 -0.000001 -0.000000 0.000000 0.000002 0.000006 0.000139 0.013009 -0.000001 0.000000 0.000004 0.000866 -0.002863 -0.000005 -0.000000 0.000000 0.000002 -0.000041 -0.000686 -0.000979 -0.000829 -0.000681 -0.000740 -0.000712 -0.000042 -0.000016 -0.023268 -0.000017 -0.000014 -0.000012
-0.000004 -0.000002 -0.000001 0.000000 0.000001 0.000002 -0.000004 -0.000003 -0.000001 -0.000001 0.000000 0.000002 0.000003 0.000006 -0.000018 -0.000009 -0.000008 -0.000010 -0.000012 -0.000011 -0.000007 -0.000013 -0.000010 -0.000010 -0.000010 -0.000005 -0.000002 0.000000 0.000001 0.000001 -0.000000 0.000000 0.000000 0.000004 0.000033 0.000054 0.000016 -0.000004 -0.000001 0.000000 0.000004 0.000009 -0.697658 -0.000009 -0.000002 -0.000000 0.000000 0.000001 0.000001 -0.000066 -0.000009 -0.000004 -0.000000 -0.000010 -0.000001 0.000000 -0.000007 -0.004986 -0.000259 -0.000021
