001_floodsim/sample_code/hipims_case/output/hUx_7200.asc
ncols 269
nrows 269
xllcorner 0.000000
yllcorner 0.000000
cellsize 10.000000
NODATA_value -9999.000000
[rows 162 to 188 of 269, columns 180 to 239 of 269]
0.000002 0.000009 0.000016 0.000019 0.000017 0.115320 -0.000019 -0.000000 0.000000 0.000009 0.000018 0.000021 0.000022 0.010142 -0.015331 -0.002625 -0.002554 -0.002021 -0.002020 -0.002136 -0.000008 -0.000012 -0.000027 -0.000028 -0.000025 -0.000022 -0.000012 -0.000001 0.000000 0.000005 0.000007 -0.000240 -0.000086 -0.000011 -0.000014 -0.000007 -0.000001 -0.000000 0.000003 0.000011 0.000030 0.000000 -0.000065 -0.000057 -0.000000 -9999.000000 -9999.000000 -9999.000000 -9999.000000 -9999.000000 -9999.000000 -9999.000000 -9999.000000 -9999.000000 -9999.000000 -9999.000000 -9999.000000 -9999.000000 -9999.000000 -9999.000000
0.000008 0.000015 0.000023 0.000027 0.000022 0.083792 -0.000004 -0.000000 0.000007 0.000018 0.000020 0.000992 -0.003358 -0.003968 -0.000011 -0.000011 -0.000018 -0.000035 -0.000050 -0.000089 -0.000190 -0.000113 -0.000010 -0.000013 -0.000022 -0.000016 -0.000008 0.000000 0.000006 0.000010 -0.000016 -0.000148 -0.000011 -0.000016 -0.000018 -0.000008 -0.000000 -0.000000 0.000003 0.000010 0.000061 -0.000033 -0.000068 -0.000020 -0.000002 0.000000 -9999.000000 -9999.000000 -9999.000000 -9999.000000 -9999.000000 -9999.000000 -9999.000000 -9999.000000 -9999.000000 -9999.000000 -9999.000000 -9999.000000 -9999.000000 -9999.000000
0.000018 0.000031 0.000030 0.000020 -0.000882 -0.001669 0.000000 0.000003 0.000014 0.000026 0.001543 -0.003165 -0.000018 -0.000014 -0.000009 -0.000008 -0.000007 -0.000004 -0.000003 -0.000005 -0.000027 -0.000068 -0.000117 -0.000083 -0.000039 -0.000021 -0.000006 0.000000 0.000009 0.000016 -0.000330 -0.000077 -0.000009 -0.000000 -0.000007 -0.000006 -0.000001 -0.000000 0.000004 0.000014 -0.000002 -0.000034 -0.000029 -0.000010 -0.000002 0.000000 -9999.000000 -9999.000000 -9999.000000 -9999.000000 -9999.000000 -9999.000000 -9999.000000 -9999.000000 -9999.000000 -9999.000000 -9999.000000 -9999.000000 -9999.000000 -9999.000000
0.000013 0.000024 0.000034 -0.089526 -0.001781 -0.000001 0.000000 0.000007 0.000020 0.000028 -0.000597 -0.000842 -0.000007 -0.000006 -0.000005 -0.000004 -0.000003 -0.000002 -0.000003 -0.000009 -0.000014 -0.000020 -0.000019 -0.000019 -0.000016 -0.000008 -0.000003 0.000000 0.000011 0.000027 -0.000190 -0.000037 -0.000003 -0.000000 -0.000013 -0.000008 -0.000002 -0.000000 0.000003 0.000014 -0.000002 -0.000041 -0.000036 -0.000021 -0.000017 -0.000005 0.000000 -9999.000000 -9999.000000 -9999.000000 -9999.000000 -9999.000000 -9999.000000 -9999.000000 -9999.000000 -9999.000000 -9999.000000 -9999.000000 -9999.000000 -9999.000000
0.000023 0.000038 0.001884 -0.002006 -0.000002 -0.000000 0.000005 0.000014 0.000024 0.001220 -0.103492 -0.005743 -0.000020 -0.000018 -0.000017 -0.000014 -0.000008 -0.000003 -0.000009 -0.000005 -0.000009 -0.000017 -0.000017 -0.000016 -0.000008 -0.000001 0.000000 0.000004 0.000016 0.000018 -0.000215 -0.000019 -0.000000 0.000000 -0.000009 -0.000010 -0.000006 -0.000001 0.000000 0.000010 0.000110 -0.000083 -0.000136 -0.000071 -0.000014 -0.000000 -9999.000000 -9999.000000 -9999.000000 -9999.000000 -9999.000000 -9999.000000 -9999.000000 -9999.000000 -9999.000000 -9999.000000 -9999.000000 -9999.000000 -9999.000000 -9999.000000
0.000027 0.000038 0.001029 -0.000003 -0.000000 0.000004 0.000011 0.000018 0.000023 0.086646 -0.008414 -0.042145 -0.010816 -0.007152 -0.000029 -0.000033 -0.000026 -0.000048 -0.000175 -0.000103 -0.000075 -0.000047 -0.000026 -0.000010 -0.000002 -0.000000 0.000004 0.000011 0.000020 0.000020 -0.000128 -0.000005 -0.000000 0.000001 -0.000011 -0.000015 -0.000005 -0.000000 0.000001 0.000005 -0.055951 -0.000129 -0.000006 0.000000 -9999.000000 -9999.000000 -9999.000000 -9999.000000 -9999.000000 -9999.000000 -9999.000000 -9999.000000 -9999.000000 -9999.000000 -9999.000000 -9999.000000 -9999.000000 -9999.000000 -9999.000000 -9999.000000
0.000036 0.000035 0.001383 -0.000000 0.000000 0.000008 0.000017 0.000024 0.027982 -0.034414 -0.000015 -0.000001 -0.000000 -0.000282 -0.186072 -0.000305 -0.000173 -0.000156 -0.000020 -0.000022 -0.000017 -0.000012 -0.000005 -0.000003 -0.000000 0.000002 0.000009 0.000016 0.000023 0.000141 -0.000080 -0.000000 0.000000 -0.000094 -0.000186 -0.000015 -0.000000 0.000001 0.000137 -0.015006 -0.000791 -0.000005 0.000000 -9999.000000 -9999.000000 -9999.000000 -9999.000000 -9999.000000 -9999.000000 -9999.000000 -9999.000000 -9999.000000 -9999.000000 -9999.000000 -9999.000000 -9999.000000 -9999.000000 -9999.000000 -9999.000000 -9999.000000
0.000044 0.001379 -0.001615 -0.000000 0.000004 0.000016 0.001317 -0.077097 -0.019476 -0.000022 -0.000010 -0.000001 -0.000000 0.000002 0.001294 -0.581894 -0.000050 -0.000007 -0.000006 -0.000005 -0.000005 -0.000007 -0.000009 -0.000003 -0.000000 0.000006 0.000018 0.000028 0.000076 0.000827 -0.000086 -0.000072 -0.000415 -0.000319 -0.000005 -0.000000 0.000003 0.000196 -0.017917 -0.000011 -0.000005 0.000000 -9999.000000 -9999.000000 -9999.000000 -9999.000000 -9999.000000 -9999.000000 -9999.000000 -9999.000000 -9999.000000 -9999.000000 -9999.000000 -9999.000000 -9999.000000 -9999.000000 -9999.000000 -9999.000000 -9999.000000 -9999.000000
0.000041 0.007558 -0.000005 -0.000000 0.000006 0.000020 0.130306 -0.010952 -0.000044 -0.000042 -0.000032 -0.000005 -0.000000 0.000000 0.000010 0.003042 -0.008746 -0.000021 -0.000014 -0.000008 -0.000009 -0.000015 -0.000015 -0.000003 -0.000000 0.000004 0.000012 0.000024 0.000019 0.000017 0.276873 -0.002336 -0.000009 -0.000002 0.000000 0.000002 0.000030 -0.000315 -0.000009 -0.000005 0.000000 -9999.000000 -9999.000000 -9999.000000 -9999.000000 -9999.000000 -9999.000000 -9999.000000 -9999.000000 -9999.000000 -9999.000000 -9999.000000 -9999.000000 -9999.000000 -9999.000000 -9999.000000 -9999.000000 -9999.000000 -9999.000000 -9999.000000
0.002068 -0.001078 0.000000 0.000001 0.000012 0.011736 -0.136566 -0.000028 -0.000023 -0.000029 -0.000028 -0.000016 -0.000002 0.000000 0.000007 0.000019 0.172750 -0.008583 -0.000008 -0.000000 -0.000026 -0.000022 -0.000008 -0.000002 -0.000000 0.000006 0.000037 0.000000 0.000002 0.000004 0.000413 -0.000762 -0.000003 -0.000000 0.000001 0.000004 -0.000436 -0.000494 -0.000003 0.000000 -9999.000000 -9999.000000 -9999.000000 -9999.000000 -9999.000000 -9999.000000 -9999.000000 -9999.000000 -9999.000000 -9999.000000 -9999.000000 -9999.000000 -9999.000000 -9999.000000 -9999.000000 -9999.000000 -9999.000000 -9999.000000 -9999.000000 -9999.000000
-0.000005 -0.000008 0.000000 0.000005 0.000015 0.045777 -0.000080 -0.000027 -0.000022 -0.000025 -0.000020 -0.000011 -0.000003 0.000000 0.000005 0.000018 0.000028 0.089106 -0.019001 -0.000027 -0.000047 -0.000021 -0.000013 -0.000001 -0.000000 0.000001 0.000005 0.000000 0.000003 0.000009 0.000173 -0.000584 -0.000004 -0.000000 0.000002 -0.006087 -0.000771 0.000000 -9999.000000 -9999.000000 -9999.000000 -9999.000000 -9999.000000 -9999.000000 -9999.000000 -9999.000000 -9999.000000 -9999.000000 -9999.000000 -9999.000000 -9999.000000 -9999.000000 -9999.000000 -9999.000000 -9999.000000 -9999.000000 -9999.000000 -9999.000000 -9999.000000 -9999.000000
-0.009998 -0.000007 0.000000 0.000009 0.024969 -0.371104 -0.000033 -0.000019 -0.000012 -0.000016 -0.000011 -0.000006 -0.000002 0.000000 0.000004 0.000011 0.000023 0.000024 0.054928 -0.060872 -0.007880 -0.000025 -0.000007 -0.000000 0.000002 -0.000010 -0.000019 0.000000 0.000001 0.000006 0.000070 -0.000216 -0.000001 -0.000000 -0.000682 -0.001202 -0.000006 0.000000 -9999.000000 -9999.000000 -9999.000000 -9999.000000 -9999.000000 -9999.000000 -9999.000000 -9999.000000 -9999.000000 -9999.000000 -9999.000000 -9999.000000 -9999.000000 -9999.000000 -9999.000000 -9999.000000 -9999.000000 -9999.000000 -9999.000000 -9999.000000 -9999.000000 -9999.000000
-0.002209 -0.000002 0.000000 0.000010 0.371650 -0.155393 -0.000087 -0.000011 -0.000016 -0.000006 -0.000004 -0.000002 -0.000001 0.000000 0.000001 0.000003 0.000014 0.000017 0.000018 0.000017 0.001478 -0.003550 -0.000002 -0.000000 -0.000227 -0.001760 -0.002077 -0.000535 -0.000082 -0.005518 -0.004718 -0.000190 -0.000020 -0.000185 -0.000653 -0.000005 -0.000003 0.000000 -9999.000000 -9999.000000 -9999.000000 -9999.000000 -9999.000000 -9999.000000 -9999.000000 -9999.000000 -9999.000000 -9999.000000 -9999.000000 -9999.000000 -9999.000000 -9999.000000 -9999.000000 -9999.000000 -9999.000000 -9999.000000 -9999.000000 -9999.000000 -9999.000000 -9999.000000
-0.000006 -0.000000 0.000005 0.011048 -0.155259 -0.000060 -0.000095 -0.000161 -0.000126 -0.000075 -0.000030 -0.000004 -0.000003 -0.000005 -0.000002 0.000000 0.000010 0.000017 0.000012 0.000017 0.000022 0.002121 -0.005434 -0.011991 -0.012830 -0.000005 -0.000000 -0.000079 -0.000111 -0.000000 -0.000605 -0.001594 -0.001613 -0.001331 -0.000632 -0.000012 -0.000006 0.000000 -9999.000000 -9999.000000 -9999.000000 -9999.000000 -9999.000000 -9999.000000 -9999.000000 -9999.000000 -9999.000000 -9999.000000 -9999.000000 -9999.000000 -9999.000000 -9999.000000 -9999.000000 -9999.000000 -9999.000000 -9999.000000 -9999.000000 -9999.000000 -9999.000000 -9999.000000
0.000000 0.000002 0.002641 -0.295614 -0.000028 -0.000036 -0.000026 -0.000021 -0.000021 -0.000015 -0.000006 -0.000004 -0.000006 -0.000009 -0.000005 0.000000 0.000001 0.000002 0.000002 0.000005 0.000011 0.000018 0.000021 0.000013 -0.001624 -0.000007 -0.000008 -0.000010 -0.000001 -0.000000 0.000002 -0.000011 -0.000027 -0.000027 -0.000063 -0.000140 -0.000028 0.000000 -9999.000000 -9999.000000 -9999.000000 -9999.000000 -9999.000000 -9999.000000 -9999.000000 -9999.000000 -9999.000000 -9999.000000 -9999.000000 -9999.000000 -9999.000000 -9999.000000 -9999.000000 -9999.000000 -9999.000000 -9999.000000 -9999.000000 -9999.000000 -9999.000000 -9999.000000
0.000000 0.003281 -0.511281 -0.000022 -0.000029 -0.000026 -0.000019 -0.000016 -0.000013 -0.000006 -0.000004 -0.000000 -0.000026 -0.000017 -0.000013 -0.000008 -0.000006 -0.000002 0.000000 0.000000 0.000007 0.000016 0.000020 0.000019 0.001939 -0.410533 -0.000085 -0.000017 -0.000008 -0.000000 0.000001 0.000003 -0.000014 -0.000007 -0.000004 -0.000009 -0.000002 0.000000 -9999.000000 -9999.000000 -9999.000000 -9999.000000 -9999.000000 -9999.000000 -9999.000000 -9999.000000 -9999.000000 -9999.000000 -9999.000000 -9999.000000 -9999.000000 -9999.000000 -9999.000000 -9999.000000 -9999.000000 -9999.000000 -9999.000000 -9999.000000 -9999.000000 -9999.000000
0.000000 -0.019177 -0.004060 -0.000049 -0.000039 -0.000018 -0.000012 -0.000005 -0.000005 -0.000002 -0.000000 -0.000006 -0.000044 -0.000028 -0.000020 -0.000011 -0.000003 -0.000003 0.000000 0.000001 0.000005 0.000011 0.000011 0.000007 0.000014 0.000413 -0.000044 -0.000041 -0.000017 -0.000006 -0.000000 0.000000 -0.000012 -0.000003 0.000000 -0.000000 0.000000 -9999.000000 -9999.000000 -9999.000000 -9999.000000 -9999.000000 -9999.000000 -9999.000000 -9999.000000 -9999.000000 -9999.000000 -9999.000000 -9999.000000 -9999.000000 -9999.000000 -9999.000000 -9999.000000 -9999.000000 -9999.000000 -9999.000000 -9999.000000 -9999.000000 -9999.000000 -9999.000000
-0.001310 -0.035372 -0.000016 -0.000016 -0.000013 -0.000010 -0.000006 -0.000006 -0.000000 0.000001 -0.000080 -0.000339 -0.000252 -0.000149 -0.000111 -0.000063 -0.000006 -0.000001 0.000000 0.000001 0.000002 0.000003 0.000004 0.000011 0.000008 -0.000290 -0.000028 -0.000039 -0.000040 -0.000012 -0.000007 -0.000001 -0.000003 -0.000001 0.000000 0.000001 0.000001 -9999.000000 -9999.000000 -9999.000000 -9999.000000 -9999.000000 -9999.000000 -9999.000000 -9999.000000 -9999.000000 -9999.000000 -9999.000000 -9999.000000 -9999.000000 -9999.000000 -9999.000000 -9999.000000 -9999.000000 -9999.000000 -9999.000000 -9999.000000 -9999.000000 -9999.000000 -9999.000000
-0.011647 -0.000004 -0.000004 -0.000005 -0.000005 -0.000003 -0.000000 -0.000006 -0.000034 -0.000544 -0.000510 -0.000020 -0.000015 -0.000011 -0.000013 -0.000013 -0.000008 -0.000002 -0.000000 0.000000 0.000003 0.000011 0.000022 0.000026 0.074562 -0.002553 -0.000016 -0.000019 -0.000021 -0.000019 -0.000010 -0.000005 -0.000001 -0.000000 0.000000 0.000001 0.000000 -9999.000000 -9999.000000 -9999.000000 -9999.000000 -9999.000000 -9999.000000 -9999.000000 -9999.000000 -9999.000000 -9999.000000 -9999.000000 -9999.000000 -9999.000000 -9999.000000 -9999.000000 -9999.000000 -9999.000000 -9999.000000 -9999.000000 -9999.000000 -9999.000000 -9999.000000 -9999.000000
-0.032929 -0.012794 -0.000011 -0.000014 -0.000010 -0.000003 -0.000000 -0.000226 -0.000343 -0.000023 -0.000020 -0.000013 -0.000008 -0.000002 -0.000001 0.000000 0.000000 -0.000007 -0.000005 -0.000002 0.000000 0.000003 0.000011 0.000088 0.008375 -0.000005 -0.000005 -0.000006 -0.000006 -0.000004 -0.000004 -0.000002 -0.000003 -0.000006 -0.000007 -0.000002 0.000000 -9999.000000 -9999.000000 -9999.000000 -9999.000000 -9999.000000 -9999.000000 -9999.000000 -9999.000000 -9999.000000 -9999.000000 -9999.000000 -9999.000000 -9999.000000 -9999.000000 -9999.000000 -9999.000000 -9999.000000 -9999.000000 -9999.000000 -9999.000000 -9999.000000 -9999.000000 -9999.000000
0.000954 -0.005982 -0.015832 -0.009124 -0.000047 -0.000149 -0.000302 -0.000765 -0.000018 -0.000019 -0.000014 -0.000005 -0.000003 -0.000000 0.000002 0.000005 0.000015 -0.000039 -0.000057 -0.000017 0.000000 0.000004 0.000044 0.000042 0.001533 -0.001848 -0.000268 -0.000014 -0.000018 -0.000016 -0.000011 -0.000011 -0.000013 -0.000011 -0.000005 -0.000004 0.000000 -9999.000000 -9999.000000 -9999.000000 -9999.000000 -9999.000000 -9999.000000 -9999.000000 -9999.000000 -9999.000000 -9999.000000 -9999.000000 -9999.000000 -9999.000000 -9999.000000 -9999.000000 -9999.000000 -9999.000000 -9999.000000 -9999.000000 -9999.000000 -9999.000000 -9999.000000 -9999.000000
-0.000000 0.000001 0.000003 0.002223 -0.031039 -0.000295 -0.000345 -0.000007 -0.000006 -0.000006 -0.000006 -0.000005 -0.000000 0.000001 0.000006 0.000039 -0.000220 -0.000094 -0.000007 -0.000002 0.000000 0.000002 0.000011 0.000016 0.000015 -0.001324 -0.000357 -0.000588 -0.000431 -0.000350 -0.000335 -0.000259 -0.000021 -0.000017 -0.000010 -0.000003 0.000000 -9999.000000 -9999.000000 -9999.000000 -9999.000000 -9999.000000 -9999.000000 -9999.000000 -9999.000000 -9999.000000 -9999.000000 -9999.000000 -9999.000000 -9999.000000 -9999.000000 -9999.000000 -9999.000000 -9999.000000 -9999.000000 -9999.000000 -9999.000000 -9999.000000 -9999.000000 -9999.000000
-0.000000 0.000000 0.000003 0.000012 0.016513 -0.011671 -0.000088 -0.000017 -0.000010 -0.000008 -0.000009 -0.000004 -0.000000 0.000003 -0.000010 -0.000325 -0.000011 -0.000005 -0.000001 -0.000000 0.000000 0.000003 0.000004 0.000006 0.000006 -0.000987 -0.000021 -0.000024 -0.000025 -0.000017 -0.000029 -0.000082 -0.000166 -0.000132 -0.000092 -0.000039 -0.000000 -9999.000000 -9999.000000 -9999.000000 -9999.000000 -9999.000000 -9999.000000 -9999.000000 -9999.000000 -9999.000000 -9999.000000 -9999.000000 -9999.000000 -9999.000000 -9999.000000 -9999.000000 -9999.000000 -9999.000000 -9999.000000 -9999.000000 -9999.000000 -9999.000000 -9999.000000 -9999.000000
-0.000000 0.000000 0.000006 0.000014 0.000016 0.070187 -0.002438 -0.000017 -0.000009 -0.000008 -0.000007 -0.000002 -0.000000 -0.000128 -0.000310 -0.000006 -0.000003 0.000000 0.000000 0.000003 0.000005 0.000003 -0.000004 -0.000000 0.000008 -0.001787 -0.000008 -0.000011 -0.000018 -0.000012 -0.000013 -0.000013 -0.000012 -0.000018 -0.000028 -0.000022 -0.000010 -0.000000 -9999.000000 -9999.000000 -9999.000000 -9999.000000 -9999.000000 -9999.000000 -9999.000000 -9999.000000 -9999.000000 -9999.000000 -9999.000000 -9999.000000 -9999.000000 -9999.000000 -9999.000000 -9999.000000 -9999.000000 -9999.000000 -9999.000000 -9999.000000 -9999.000000 -9999.000000
0.000000 0.000002 0.000006 0.000007 0.000007 0.005954 -0.000381 -0.000311 -0.001284 -0.010458 -0.002051 -0.002655 -0.003630 -0.003904 -0.000082 -0.000012 -0.000004 0.000000 0.000003 0.000006 -0.000025 -0.000091 -0.000024 -0.000000 0.000004 -0.000627 -0.000306 -0.000047 -0.000014 -0.000011 -0.000013 -0.000015 -0.000012 -0.000015 -0.000015 -0.000012 -0.000012 -0.000008 -0.000003 0.000000 -9999.000000 -9999.000000 -9999.000000 -9999.000000 -9999.000000 -9999.000000 -9999.000000 -9999.000000 -9999.000000 -9999.000000 -9999.000000 -9999.000000 -9999.000000 -9999.000000 -9999.000000 -9999.000000 -9999.000000 -9999.000000 -9999.000000 -9999.000000
0.000000 0.000005 0.000044 0.000041 0.000048 -0.005061 -0.000010 -0.000000 0.000000 -0.000026 -0.000004 -0.000000 0.000001 -0.116753 -0.003362 -0.000015 -0.000005 0.000000 0.000001 -0.000035 -0.000093 -0.000007 -0.000007 -0.000000 0.000002 -0.000186 -0.000289 -0.000013 -0.000005 -0.000005 -0.000005 -0.000004 -0.000004 -0.000005 -0.000004 -0.000005 -0.000005 -0.000003 -0.000002 0.000000 -9999.000000 -9999.000000 -9999.000000 -9999.000000 -9999.000000 -9999.000000 -9999.000000 -9999.000000 -9999.000000 -9999.000000 -9999.000000 -9999.000000 -9999.000000 -9999.000000 -9999.000000 -9999.000000 -9999.000000 -9999.000000 -9999.000000 -9999.000000
0.000000 0.000004 0.000015 0.000087 0.191469 -0.012555 -0.000013 -0.000002 -0.000000 -0.000077 -0.000015 -0.000000 -0.000000 0.000006 0.000692 -0.002417 -0.001753 -0.000088 -0.000355 -0.000379 -0.000217 -0.000070 -0.000018 -0.000000 0.000002 0.000034 -0.000452 -0.000009 -0.000013 -0.000011 -0.000013 -0.000013 -0.000014 -0.000016 -0.000014 -0.000012 -0.000009 -0.000003 -0.000000 0.000000 -9999.000000 -9999.000000 -9999.000000 -9999.000000 -9999.000000 -9999.000000 -9999.000000 -9999.000000 -9999.000000 -9999.000000 -9999.000000 -9999.000000 -9999.000000 -9999.000000 -9999.000000 -9999.000000 -9999.000000 -9999.000000 -9999.000000 -9999.000000
