001_floodsim/sample_code/hipims_case/output/hUx_1800.asc
ncols 269
nrows 269
xllcorner 0.000000
yllcorner 0.000000
cellsize 10.000000
NODATA_value -9999.000000
[rows 108 to 134 of 269, columns 122 to 182 of 269]
0.000000 0.000000 0.000000 0.000000 0.000000 0.000000 0.000000 0.000000 0.000000 0.000000 0.000000 -0.000042 -0.000062 -0.000057 -0.000011 0.000000 0.000017 0.000034 -0.000013 0.000000 0.000038 0.000726 0.001362 0.000608 0.000164 0.000000 0.000024 0.000220 0.000090 0.000066 0.000120 0.000094 0.007650 0.003618 -0.000000 0.000037 -0.010519 -0.037228 -0.042435 -0.051334 -0.048985 -0.043251 -0.051433 -0.001104 -0.000290 -0.011489 -0.021200 -0.016388 -0.000817 -0.000161 -0.000157 -0.000145 -0.000085 -0.000141 -0.000019 0.000000 0.000005 0.000021 0.000070 -0.000068 -0.000042
0.000000 0.000000 0.000000 0.000000 0.000000 0.000000 0.000000 0.000000 0.000000 0.000000 0.000000 -0.000009 -0.000021 -0.000023 -0.000011 0.000000 0.000010 0.000022 0.000024 0.000031 0.000311 0.000423 0.000305 0.000214 0.000200 0.000607 0.000808 0.000850 0.000591 0.000277 0.003951 0.003292 0.003241 -0.000088 -0.000000 0.000006 0.000050 0.009509 -0.028570 -0.044032 -0.050398 -0.057406 -0.086368 -0.068731 -0.040247 -0.029827 -0.012717 -0.000098 -0.000110 -0.000115 -0.000089 -0.000109 -0.000277 -0.000080 -0.000024 0.000000 0.000013 0.000056 0.000134 -0.000092 -0.000029
0.000000 0.000000 0.000000 0.000000 0.000000 0.000000 0.000000 0.000000 0.000000 0.000000 0.000000 -0.000024 -0.000071 -0.000263 -0.000039 0.000000 0.000007 0.000032 0.000061 0.000023 0.000072 0.000115 0.000094 0.000146 0.000311 0.000292 0.000181 0.000147 0.000374 0.003856 0.000969 0.000583 0.000358 -0.000515 -0.000052 -0.000000 0.000020 0.000064 0.000191 0.005671 -0.011624 -0.027767 -0.050930 -0.116983 -0.069683 -0.040721 -0.005950 -0.000025 -0.000030 -0.000031 -0.000024 -0.000029 -0.000079 -0.000018 -0.000000 0.000003 0.000031 0.000052 -0.000218 -0.000043 -0.000005
0.000000 0.000000 0.000000 0.000000 0.000000 0.000000 0.000000 0.000000 0.000000 0.000000 0.000000 -0.000215 -0.000092 -0.000021 -0.000006 0.000000 0.000020 0.000149 -0.000170 -0.000023 -0.000000 0.000018 0.000100 0.000136 0.000158 0.000095 0.000059 0.000045 0.004092 0.001372 0.000427 0.000184 0.000561 -0.001572 -0.000081 -0.000000 0.000015 0.000053 0.000078 0.000200 0.007071 -0.000026 -0.000000 -0.008281 -0.060109 -0.048977 -0.008288 -0.000083 -0.000094 -0.000072 -0.000035 -0.000038 -0.000016 -0.000000 0.000005 0.000018 0.000049 0.000096 -0.000258 -0.000033 -0.000000
0.000000 0.000000 0.000000 0.000000 0.000000 0.000000 0.000000 0.000000 0.000000 0.000000 0.000000 -0.000390 -0.000164 -0.000042 -0.000002 0.000000 -0.000006 -0.000216 -0.000072 -0.000038 -0.000005 0.000000 0.000040 0.000051 0.000055 0.000159 0.000161 0.003302 0.002109 0.000000 0.000033 0.000152 0.001999 -0.005122 -0.000224 -0.000024 0.000000 0.000030 0.000104 0.000488 0.003587 -0.000039 -0.000000 0.000013 -0.007845 -0.091437 -0.042195 -0.017597 -0.001080 -0.000033 -0.000009 -0.000004 -0.000000 0.000000 0.000002 0.000004 -0.000011 -0.000060 -0.000017 -0.000000 0.000003
0.000000 0.000000 0.000000 0.000000 0.000000 0.000000 0.000000 0.000000 -0.000021 -0.000036 -0.000083 -0.000390 -0.000084 -0.000025 -0.000000 0.000006 -0.000397 -0.000280 -0.000028 -0.000016 -0.000008 0.000000 0.000020 0.000329 0.000760 0.001231 0.002042 0.000597 -0.000010 0.000000 0.000102 0.000192 0.000305 -0.001737 -0.000170 -0.000080 0.000000 0.000026 0.000095 0.001148 0.004350 -0.000080 -0.000034 -0.000000 0.000031 0.021262 -0.069172 -0.087417 -0.075091 -0.046172 -0.000164 -0.000023 -0.000000 -0.000039 -0.000122 -0.000175 -0.000112 -0.000009 -0.000000 0.000004 0.000128
0.000000 0.000000 0.000000 0.000000 0.000000 0.000000 0.000000 0.000000 -0.000029 -0.000090 -0.000418 -0.000738 -0.000036 -0.000000 0.000004 -0.000600 -0.002117 -0.000647 -0.000079 -0.000041 -0.000014 0.000000 0.000069 0.000148 0.000197 0.000198 0.000215 -0.000014 0.000000 0.000011 0.000117 0.000379 0.000269 -0.000814 -0.000110 -0.000044 0.000000 0.000025 0.000044 0.002504 0.002133 -0.000233 -0.000081 -0.000000 0.000032 0.000065 0.000073 0.002152 -0.035653 -0.062348 -0.077391 -0.042507 -0.048514 -0.037935 -0.040854 -0.050370 -0.036744 -0.018070 -0.020097 -0.029294 -0.027899
0.000000 0.000000 0.000000 0.000000 0.000000 0.000000 0.000000 0.000000 -0.001164 -0.001037 -0.000616 -0.000016 -0.000000 0.000005 -0.000569 -0.002571 -0.000151 -0.000143 -0.000094 -0.000017 -0.000001 0.000000 0.000019 0.000056 0.000102 0.000117 0.000045 0.000026 0.000026 0.000090 0.000318 0.000316 0.000197 -0.000300 -0.000048 -0.000015 0.000000 0.000060 0.000109 0.015513 -0.003958 -0.000182 -0.000101 -0.000007 0.000000 0.000039 0.000087 0.000098 0.003160 0.018285 0.002529 -0.000013 -0.000451 -0.000536 -0.000806 -0.000376 -0.000449 -0.004787 -0.016607 -0.004673 -0.000755
0.000000 0.000000 0.000000 0.000000 0.000000 0.000000 0.000000 -0.000743 -0.000039 0.000000 0.000000 0.000000 0.000000 -0.001421 -0.003445 -0.000091 -0.000043 -0.000051 -0.000045 -0.000000 0.000005 -0.000010 -0.000010 0.000000 0.000033 0.000074 0.000056 0.000064 0.000059 0.000095 0.000205 0.000238 0.000201 -0.000081 -0.000019 0.000000 0.000033 0.000102 0.014914 -0.001779 -0.000167 -0.000176 -0.000076 -0.000022 0.000000 0.000017 0.000034 0.000042 0.003385 0.007850 -0.000017 -0.000000 0.000001 0.000004 0.000000 0.000009 0.000005 0.000003 -0.000016 -0.000115 -0.000342
0.000000 0.000000 0.000000 0.000000 0.000000 0.000000 -0.066982 -0.000565 -0.000004 0.000000 0.000000 0.000000 -0.000102 -0.000950 -0.000042 -0.000055 -0.000083 -0.000037 -0.000000 0.000008 -0.000047 -0.000129 -0.000058 0.000000 0.000014 0.000027 0.000000 0.000000 0.000029 0.000113 0.000208 0.000206 0.000204 0.000043 -0.000005 0.000000 0.000070 0.000151 0.005362 -0.000123 -0.000120 -0.000158 -0.000086 0.000000 0.000018 0.000062 0.000100 0.000109 0.013867 -0.017636 -0.000062 -0.000000 0.000004 0.000025 0.000048 0.000165 -0.000000 0.000006 0.000021 0.000039 0.000006
0.000000 0.000000 0.000000 0.000000 -0.006971 -0.093270 -0.057829 -0.060430 -0.008803 0.000000 0.000000 0.000000 -0.049376 -0.001091 -0.000094 -0.000130 -0.000107 -0.000018 -0.000000 -0.000146 -0.000520 -0.000343 -0.000015 0.000000 0.000022 -0.000006 -0.000024 0.000000 0.000006 0.000074 0.000158 0.000309 0.000148 -0.000009 0.000000 0.000059 0.000140 0.059743 -0.003327 -0.000087 -0.000074 -0.000053 -0.000023 0.000000 0.000047 0.000123 0.000154 0.001753 0.012327 -0.037591 -0.000094 -0.000029 -0.000000 0.000013 0.000035 0.000098 -0.000001 -0.000000 0.000013 0.000062 0.000310
0.000000 0.000000 0.000000 0.000000 -0.892800 -0.019873 -0.000000 -0.000000 -0.001456 -0.142063 -0.033298 -0.027235 -0.010099 -0.010105 -0.019867 -0.011453 -0.005105 -0.000142 -0.000250 -0.000683 -0.000207 -0.000017 -0.000000 0.000008 0.000024 -0.000713 -0.000790 -0.000257 -0.000001 0.000013 0.000118 0.000092 0.000008 0.000028 0.000060 0.002998 0.004170 0.003704 -0.001264 -0.000087 -0.000010 0.000000 0.000001 0.000206 0.000885 0.002318 0.002847 0.001285 0.004092 -0.044502 -0.000063 -0.000062 -0.000000 0.000005 0.000027 0.000023 -0.000020 -0.000000 0.000032 0.000106 0.000125
0.000000 0.000000 0.000000 -0.507788 -0.038829 -0.000001 -0.000001 -0.000000 0.000000 0.000119 -0.000550 -0.000052 -0.000008 -0.000000 -0.000093 -0.000601 -0.077921 -0.102821 -0.000552 -0.000334 -0.000101 -0.000004 -0.000000 -0.000102 -0.009770 -0.001720 -0.000476 -0.000757 -0.000054 -0.000000 0.000012 0.000025 0.000045 0.000057 0.004123 0.001718 0.000399 -0.000002 -0.002198 -0.000099 -0.000012 0.000000 0.000032 0.000152 0.000382 0.000878 0.000547 0.000294 0.015196 -0.060657 -0.000114 -0.000046 -0.000023 -0.000000 0.000030 -0.000000 -0.000038 -0.000000 0.000042 0.000090 0.000114
0.000000 0.000000 -0.000000 -0.000001 -0.000002 -0.000002 -0.000001 -0.000000 0.000000 -0.000387 -0.001110 -0.000078 -0.000042 -0.000000 -0.000000 0.000000 0.000046 0.025480 -0.024015 -0.006824 -0.005236 -0.006267 -0.005600 -0.003656 -0.000779 -0.000082 -0.000084 -0.000107 -0.000096 -0.000015 -0.000003 0.000000 0.000030 0.003494 0.002689 0.000000 0.000024 0.000081 -0.007929 -0.000256 -0.000017 0.000000 0.000040 0.000120 0.000404 0.000696 0.000160 0.000122 0.000217 -0.000276 -0.000401 -0.000140 -0.000078 -0.000011 -0.000000 -0.000066 -0.000024 -0.000000 0.000038 0.000140 0.000188
0.000000 -0.000000 -0.000000 -0.000001 -0.000003 -0.000002 -0.000002 -0.000000 -0.000000 -0.000002 -0.002100 -0.000033 -0.000050 -0.000036 -0.000006 0.000000 0.000044 0.000593 -0.000304 -0.000355 -0.000504 -0.001912 -0.002599 -0.000361 -0.000250 -0.000178 -0.000126 -0.000184 -0.000086 -0.000006 -0.000000 0.000017 0.000435 0.055124 -0.000015 0.000000 0.000033 0.000127 -0.003528 -0.000192 -0.000040 0.000000 0.000037 0.000246 0.000802 0.000202 0.000000 0.000050 0.000181 0.037331 -0.022448 -0.009151 -0.000155 -0.000084 -0.000032 -0.000037 -0.000038 -0.000000 0.000025 0.000075 0.000105
-0.000000 -0.000000 -0.000000 -0.000001 -0.000002 -0.000004 -0.000004 -0.000003 -0.000000 0.000000 -0.000947 -0.002410 -0.000043 -0.000019 -0.000010 0.000000 0.000026 0.000421 -0.000040 -0.000027 0.000000 0.000011 -0.001323 -0.000401 -0.000165 -0.000114 -0.000039 -0.000016 -0.000034 -0.000008 -0.000000 0.000028 0.000167 0.001058 -0.000000 0.000010 0.000388 0.000504 -0.002859 -0.000143 -0.000017 0.000000 0.000082 0.000187 0.000469 0.000000 0.000014 0.000181 0.000270 0.037558 -0.001606 -0.003552 -0.017567 -0.000169 -0.000113 -0.000070 -0.000023 -0.000009 -0.000000 0.000022 0.000081
-0.000000 -0.000000 -0.000000 -0.000000 -0.000000 -0.000001 -0.000004 -0.000010 -0.000002 -0.000000 0.000003 -0.031635 -0.000772 -0.000396 -0.000104 0.000000 0.000029 0.000055 -0.000138 -0.000026 0.000000 0.000022 -0.000379 -0.000569 -0.000116 -0.000096 -0.000051 -0.000001 -0.000002 -0.000000 -0.000000 0.000032 0.000143 0.001515 -0.000000 0.000041 0.000161 0.000213 -0.002422 -0.000131 -0.000008 0.000000 0.000049 0.000119 0.000284 0.000000 0.000032 0.000145 0.000238 0.015987 -0.000029 -0.000000 -0.000988 -0.089164 -0.000184 -0.000120 -0.000112 -0.000071 -0.000011 0.000000 0.000054
0.000000 0.000000 0.000000 -0.000034 -0.000056 -0.000055 -0.000051 -0.000025 -0.000003 -0.000000 0.000016 -0.000176 -0.000127 -0.000061 -0.000015 0.000000 0.000005 -0.000151 -0.000115 -0.000043 0.000000 0.000018 0.000042 -0.000879 -0.000039 -0.000037 -0.000031 -0.000034 -0.000022 -0.000004 -0.000000 0.000025 0.000110 0.000448 -0.000003 0.000000 0.000113 0.000360 -0.003179 -0.000142 -0.000021 0.000000 0.000037 0.000138 0.000030 0.000000 0.000052 0.000126 0.000175 0.015901 -0.000068 -0.000003 -0.000000 -0.001777 -0.010973 -0.000281 -0.000232 -0.000198 -0.000049 0.000000 0.000041
0.000000 0.000000 -0.000038 -0.000067 -0.000008 -0.000015 -0.000017 -0.000016 -0.000008 -0.000000 0.000006 -0.000152 -0.000064 -0.000044 -0.000013 0.000000 0.000004 -0.000054 -0.000072 -0.000015 0.000000 0.000021 0.000061 -0.001858 -0.000110 -0.000098 -0.000068 -0.000026 -0.000023 -0.000005 -0.000000 0.000014 0.000064 0.000479 0.000000 0.000014 0.000297 0.000358 -0.005647 -0.000351 -0.000087 0.000000 0.000066 0.000113 0.000040 0.000040 0.000043 0.000054 0.000060 0.009782 -0.000155 -0.000050 -0.000000 0.000036 0.003904 -0.010210 -0.000257 -0.000142 -0.000078 -0.000015 -0.000007
-0.000056 -0.000089 -0.000116 -0.000006 -0.000009 -0.000010 -0.000013 -0.000012 -0.000009 -0.000011 -0.000016 -0.000058 -0.000089 -0.000041 -0.000013 0.000000 0.000002 0.000012 0.000017 -0.000008 0.000000 0.000022 0.000050 0.000070 -0.000968 -0.000507 -0.000183 -0.000082 -0.000057 -0.000015 -0.000000 0.000017 0.000090 0.000181 0.000000 0.000032 0.000197 0.000230 -0.001476 -0.000189 -0.000062 0.000000 0.000037 0.000076 0.000162 0.000562 0.000770 0.000884 0.001141 0.005993 -0.000217 -0.000030 -0.000000 0.000020 0.000077 0.002985 -0.009936 -0.000182 -0.000169 -0.000124 -0.000079
-0.000000 -0.000000 -0.000001 -0.000002 -0.000003 -0.000006 -0.000013 -0.000023 -0.000019 -0.000025 -0.000038 -0.000053 -0.000055 -0.000024 -0.000005 0.000000 0.000007 0.000022 0.000037 0.000028 0.000019 0.000012 0.000032 0.000033 -0.000176 -0.000108 -0.000126 -0.000155 -0.000104 -0.000058 -0.000007 -0.000000 0.000020 0.000063 0.000036 0.000052 0.000154 0.000145 -0.000587 -0.000132 -0.000051 0.000000 0.000018 0.000030 0.000043 0.000057 0.000059 0.000051 0.000054 0.006168 -0.000852 -0.000222 -0.000026 -0.000000 0.000024 0.000090 0.016878 -0.005441 -0.005932 -0.004466 -0.000136
-0.000000 -0.000000 -0.000000 -0.000000 -0.000000 -0.000001 -0.000002 -0.000005 -0.000009 -0.000013 -0.000020 -0.000033 -0.000034 -0.000010 0.000000 0.000007 0.000012 0.000016 0.000021 0.000051 0.000071 0.000000 -0.000012 -0.000013 -0.000040 -0.000039 -0.000098 -0.000166 -0.000134 -0.000092 -0.000020 -0.000000 0.000007 0.000037 0.000045 0.000051 0.000114 0.000093 -0.000195 -0.000053 -0.000019 0.000000 0.000058 0.000100 0.000111 0.000172 0.000178 0.000164 0.007729 -0.003905 -0.001034 -0.000504 -0.000384 -0.000056 0.000000 0.000044 0.000609 -0.000159 -0.000096 -0.000186 -0.002001
-0.000000 -0.000000 -0.000000 -0.000000 -0.000000 -0.000001 -0.000000 -0.000000 -0.000000 -0.000001 -0.000002 -0.000005 -0.000010 0.000000 0.000008 0.000030 0.000031 0.000039 0.000066 0.000093 0.000148 -0.000027 -0.000051 -0.000050 -0.000012 -0.000001 0.000010 -0.000316 -0.000179 -0.000133 -0.000054 -0.000006 0.000000 0.000013 0.000018 0.000020 0.000076 0.000047 -0.000038 -0.000007 0.000000 0.000044 0.000113 0.000148 0.000158 0.000186 0.000366 0.002940 0.003157 -0.000302 -0.001528 -0.000048 -0.000042 -0.000025 0.000000 0.000065 0.000076 -0.000419 -0.000034 -0.000000 0.000005
0.000000 0.000000 -0.000000 -0.000000 -0.000000 -0.000000 -0.000000 -0.000001 -0.000001 -0.000001 -0.000001 -0.000000 0.000003 0.000009 -0.000005 -0.000013 0.000000 0.000029 0.000090 0.000121 0.000178 -0.000052 -0.000052 -0.000024 -0.000000 0.000002 -0.000000 -0.000567 -0.000244 -0.000174 -0.000087 -0.000023 0.000000 0.000006 0.000033 0.000051 0.000021 -0.000022 -0.000024 0.000000 0.000054 0.000298 0.000660 0.001018 0.000630 0.000469 0.000273 0.002057 0.000054 -0.000000 -0.002138 -0.002764 -0.000113 -0.000055 0.000000 0.000009 0.000028 0.000011 -0.000039 -0.000000 -0.000034
0.000000 0.000000 -0.000000 -0.000000 -0.000000 -0.000000 -0.000000 -0.000001 -0.000001 -0.000001 -0.000001 -0.000000 0.000005 0.000017 -0.000099 -0.000052 0.000000 0.000020 0.000294 0.000281 0.000392 -0.000084 -0.000041 -0.000007 -0.000000 0.000007 -0.002576 -0.001917 -0.000847 -0.000281 -0.000096 -0.000037 -0.000007 0.000000 0.000027 0.000050 -0.000075 -0.000050 -0.000017 0.000000 0.000017 0.000038 0.000050 0.000126 0.001076 0.002022 0.001415 0.001826 -0.000030 -0.000000 0.000010 -0.000569 -0.002087 -0.000113 -0.000046 -0.000002 0.000000 -0.000005 -0.000012 -0.000035 -0.000065
0.000000 0.000000 0.000000 -0.000000 -0.000000 -0.000000 -0.000000 -0.000000 -0.000001 -0.000001 -0.000000 -0.000000 0.000018 0.000087 -0.000242 -0.000023 0.000000 0.000007 0.000032 0.000471 0.001684 -0.000025 -0.000000 0.000015 -0.000087 -0.002571 -0.003039 -0.000150 -0.000168 -0.000111 -0.000053 -0.000046 -0.000016 0.000000 0.000014 0.000042 -0.000142 -0.000095 -0.000040 0.000000 0.000043 0.000103 0.000128 0.000079 0.000059 0.000045 0.002189 -0.000160 -0.000020 -0.000001 -0.000000 0.000011 0.000116 -0.001347 -0.000470 -0.000102 -0.000070 -0.000029 -0.000007 -0.000000 -0.000009
0.000000 0.000000 0.000000 0.000000 -0.000000 -0.000000 -0.000000 -0.000000 -0.000001 -0.000000 -0.000000 -0.000000 0.000022 0.000081 -0.000159 -0.000023 -0.000017 -0.000010 0.000000 0.000021 0.003884 0.001585 -0.000000 -0.001160 -0.004894 -0.000030 -0.000029 -0.000034 -0.000035 -0.000001 -0.000000 -0.000027 -0.000016 -0.000003 0.000000 0.000039 -0.000377 -0.000042 -0.000017 0.000000 0.000041 0.000110 0.000151 0.000144 0.000102 0.000089 0.001119 -0.000027 -0.000014 -0.000004 -0.000000 0.000004 0.000014 0.000026 -0.000559 -0.000729 -0.000088 -0.000040 -0.000004 -0.000003 -0.000000
