001_floodsim/sample_code/hipims_case/output/hUx_4500.asc
ncols 269
nrows 269
xllcorner 0.000000
yllcorner 0.000000
cellsize 10.000000
NODATA_value -9999.000000
[rows 162 to 188 of 269, columns 120 to 179 of 269]
0.000016 0.000025 -0.001756 -0.000307 -0.000031 -0.000039 -0.000039 -0.000101 -0.000015 -0.000009 -0.000005 -0.000006 -0.000006 -0.000011 -0.000009 -0.000003 0.000000 0.000004 0.000011 0.000021 0.000105 -0.000004 -0.000007 -0.000019 -0.000019 -0.000010 -0.000003 -0.000001 -0.000000 0.000001 0.000001 -0.000000 0.000000 0.000000 0.000007 0.000013 0.000009 0.000267 -0.000045 -0.000021 -0.000005 -0.000004 0.000000 0.000016 0.000039 0.000105 0.000190 0.000133 -0.000674 -0.000006 -0.000005 -0.000007 -0.000015 -0.000034 -0.000029 -0.000020 -0.000017 -0.000011 -0.000003 0.000000
0.000030 0.000032 0.000011 0.000635 -0.000214 -0.000042 -0.000033 -0.000007 -0.000004 -0.000003 -0.000007 -0.000006 -0.000006 -0.000002 -0.000003 -0.000001 0.000000 0.000006 0.000017 0.000016 0.000025 -0.000066 -0.000023 -0.000025 -0.000011 -0.000008 -0.000003 -0.000000 0.000000 0.000002 0.000003 -0.000005 -0.000005 0.000000 0.000001 0.000004 0.000012 0.000058 -0.000029 -0.000024 -0.000027 -0.000007 0.000000 0.000002 0.000013 0.000010 0.000015 0.000115 -0.000917 -0.000021 -0.000022 -0.000031 -0.000016 -0.000006 -0.000008 -0.000011 -0.000009 -0.000005 -0.000000 0.000001
0.000024 0.000025 0.000056 0.000021 0.000037 -0.000138 -0.000027 -0.000016 -0.000007 -0.000000 -0.000004 -0.000001 -0.000000 -0.000057 -0.000038 -0.000000 0.000002 0.000008 0.000017 0.000000 0.000007 -0.000182 -0.000052 -0.000009 -0.000003 -0.000002 -0.000000 0.000001 0.000002 0.000001 -0.000046 -0.000017 0.000000 0.000001 0.000005 0.000010 0.000025 -0.000628 -0.000016 -0.000007 -0.000003 -0.000001 0.000000 0.000003 0.000013 0.000020 0.000009 0.000006 -0.000357 -0.000031 -0.000024 -0.000026 -0.000028 -0.000019 -0.000020 -0.000018 -0.000003 -0.000001 -0.000000 0.000002
0.000017 0.000018 0.000050 0.000000 0.000003 0.000289 -0.000020 -0.000016 -0.000004 -0.000000 -0.000042 -0.000163 -0.000168 -0.000109 -0.000002 -0.000000 0.000006 0.000019 0.000031 0.000122 -0.024798 -0.000307 -0.000006 -0.000006 -0.000006 -0.000001 -0.000000 0.000002 0.000004 -0.000039 -0.000063 -0.000001 0.000000 0.000004 0.000010 0.000014 0.000016 -0.013802 -0.000011 -0.000002 -0.000000 0.000001 0.000006 0.000010 0.000012 0.000019 0.000011 0.000015 -0.000210 -0.000086 -0.000126 -0.000187 -0.000170 -0.000104 -0.000042 -0.000009 -0.000004 -0.000000 0.000001 0.000007
0.000005 0.000019 0.000024 0.000000 0.000011 0.000031 0.003744 -0.000598 -0.000042 -0.000096 -0.000339 -0.000016 -0.000009 -0.000002 0.000000 0.000003 0.000020 0.000022 0.000018 -0.049373 -0.000097 -0.000074 -0.000021 -0.000021 -0.000022 -0.000016 0.000000 0.000006 0.000022 -0.000040 -0.000019 -0.000000 0.000001 0.000007 0.000013 0.000018 0.000896 -0.060559 -0.000022 -0.000003 -0.000000 0.000006 0.000011 0.000009 0.000008 0.000011 0.000000 0.000014 0.086021 -0.000278 -0.000159 -0.000015 -0.000013 -0.000006 -0.000004 -0.000003 -0.000000 0.000000 0.000004 0.000012
0.000000 0.000007 0.000016 0.000020 0.000012 0.000032 0.000025 0.001860 -0.003666 -0.000132 -0.000007 -0.000005 -0.000002 -0.000000 0.000003 0.000010 0.000018 0.000017 -0.080666 -0.000760 -0.000066 -0.000115 -0.000207 -0.000106 -0.000041 -0.000002 0.000000 0.000024 0.000064 -0.000055 -0.000010 -0.000000 0.000002 0.000010 0.000020 0.000023 -0.000989 -0.000016 -0.000010 -0.000000 -0.000000 0.000009 0.000031 0.000031 0.000013 -0.000009 0.000000 0.000009 -0.985690 -0.000019 -0.000014 -0.000005 -0.000008 -0.000015 -0.000009 -0.000004 -0.000000 0.000002 0.000010 0.000019
0.000000 0.000001 0.000004 0.000008 0.000067 0.000026 0.000001 0.000014 0.001236 -0.032594 -0.000013 -0.000007 -0.000000 0.000002 0.000007 0.000012 0.000006 -0.057059 -0.000857 -0.000039 -0.000034 -0.000021 -0.000022 -0.000013 -0.000005 -0.000000 0.000000 0.000006 0.000122 0.086091 -0.000096 -0.000000 0.000000 0.000008 0.000065 0.000040 -0.001368 -0.000005 -0.000003 -0.000000 0.000001 0.000006 0.000020 0.000026 0.000109 -0.000001 0.000000 -0.088658 -0.002245 -0.000028 -0.000009 -0.000015 -0.000019 -0.000024 -0.000013 -0.000001 -0.000000 0.000003 0.000016 0.000027
-0.000002 0.000000 0.000001 0.000009 0.000018 0.000000 0.000003 0.000013 0.000024 0.000838 -0.107235 -0.000006 -0.000000 0.000002 0.000556 -0.004850 -0.000078 -0.000028 -0.000029 -0.000020 -0.000012 -0.000012 -0.000014 -0.000008 -0.000002 -0.000000 0.000000 0.000002 0.000011 0.000024 0.089805 -0.000116 -0.000001 0.000000 0.000009 0.000082 -0.001863 -0.000013 -0.000007 -0.000001 0.000000 0.000008 0.000023 0.000038 0.000062 0.000107 -0.001243 -0.002346 -0.000019 -0.000013 -0.000016 -0.000026 -0.000039 -0.000029 -0.000003 -0.000000 0.000002 0.000007 0.000012 0.000036
-0.000007 -0.000004 -0.000001 0.000000 -0.000000 0.000000 0.000006 0.000022 0.000033 0.000019 0.000467 -0.015374 -0.000487 -0.000483 -0.000282 -0.000034 -0.000018 -0.000009 -0.000013 -0.000013 -0.000006 -0.000003 -0.000004 -0.000004 -0.000006 -0.000002 0.000000 0.000013 0.000024 0.000047 0.000039 0.000566 0.000138 0.000000 0.000002 0.000013 1.263664 -0.001596 -0.000011 -0.000003 0.000000 0.000006 0.000024 0.000035 0.055112 -0.002396 -0.000021 -0.000015 -0.000006 0.000000 -0.000001 -0.000031 -0.000022 -0.000012 -0.000002 -0.000000 0.000003 0.000012 0.000024 0.000028
-0.000013 -0.000007 -0.000002 -0.000006 -0.000004 0.000000 0.000002 0.000015 0.000021 0.000032 0.000023 -0.000047 -0.000088 -0.000007 -0.000030 -0.000023 -0.000022 -0.000014 -0.000008 -0.000009 -0.000002 -0.000004 -0.000007 -0.000009 -0.000010 -0.000004 0.000000 0.000002 0.000006 0.000012 0.000012 0.000012 0.000076 -0.000004 0.000000 0.000007 0.000080 -0.012594 -0.000014 -0.000001 0.000000 0.000007 0.000024 0.002083 -0.002807 -0.000015 -0.000013 -0.000008 -0.000002 0.000000 -0.000010 -0.000019 -0.000027 -0.000014 -0.000002 -0.000000 0.000006 0.000024 0.000037 0.000047
-0.000095 -0.000022 -0.000000 -0.000017 -0.000005 0.000000 0.000003 0.000013 0.000012 0.000012 0.000022 0.000059 -0.000074 -0.000016 -0.000021 -0.000031 -0.000014 -0.000005 0.000000 0.000001 0.000010 -0.000012 -0.000050 -0.000126 -0.000089 -0.000039 -0.000009 -0.000000 0.000000 0.000003 0.000008 0.000007 0.000542 -0.000005 0.000000 0.000004 0.000014 0.060589 -0.000217 -0.000002 0.000000 0.000010 0.000022 -0.040826 -0.000013 -0.000005 -0.000004 -0.000003 -0.000000 0.000000 -0.000015 -0.000030 -0.000033 -0.000020 -0.000003 -0.000000 0.000003 0.000015 0.000049 0.000054
-0.000004 0.000000 0.000001 -0.000000 -0.000002 0.000000 -0.000010 -0.000003 0.000000 0.000004 0.000016 0.000020 -0.000227 -0.000009 -0.000011 -0.000016 -0.000015 -0.000003 0.000000 0.000008 0.000051 -0.000093 -0.000119 -0.000013 -0.000009 -0.000005 -0.000004 -0.000001 0.000000 0.000002 0.000003 0.000011 0.000537 -0.000003 0.000000 0.000001 0.000009 0.000018 0.079324 -0.000003 0.000000 0.000004 0.000684 -0.001308 -0.000008 -0.000015 -0.000012 -0.000004 -0.000000 0.000001 0.000016 -0.000076 -0.000039 -0.000012 -0.000004 -0.000000 0.000005 0.000021 0.000032 0.000046
0.000000 0.000000 0.000006 0.000047 -0.000081 -0.000147 -0.000079 -0.000009 0.000000 0.000002 0.000019 0.000018 0.000063 -0.000188 -0.000037 -0.000012 -0.000010 -0.000004 0.000000 0.000004 0.000024 -0.000015 -0.000005 -0.000005 -0.000006 -0.000003 -0.000001 0.000000 0.000000 0.000005 0.000011 0.000018 0.000612 -0.000024 0.000000 0.000001 0.000005 0.000014 0.000021 0.000116 0.000080 0.000121 0.021320 -0.001754 -0.000010 -0.000012 -0.000008 -0.000002 -0.000000 0.000001 -0.000035 -0.000067 -0.000025 -0.000015 -0.000002 0.000000 0.000005 0.000021 0.000038 0.000789
0.000000 0.000004 0.000134 -0.000354 -0.000149 -0.000024 -0.000014 -0.000005 0.000000 0.000009 0.000013 0.000008 0.000010 -0.000022 -0.000024 -0.000016 -0.000004 -0.000001 0.000000 0.000009 0.000064 0.008345 -0.000012 -0.000009 -0.000002 0.000000 0.000000 0.000000 0.000000 0.000008 0.000018 0.001008 -0.045145 -0.000007 0.000000 0.000001 0.000008 0.000007 0.000015 0.000020 0.000045 0.000021 0.000012 0.001808 0.011009 -0.005615 -0.000009 -0.000004 -0.000000 0.000000 -0.000339 -0.000174 -0.000042 -0.000014 -0.000001 0.000000 0.000005 0.000022 0.000030 -0.001594
0.000000 -0.010482 -0.000491 -0.000025 -0.000022 -0.000016 -0.000010 -0.000004 0.000000 0.000004 0.000008 0.000007 0.000015 -0.000025 -0.000012 -0.000006 -0.000001 0.000000 0.000000 0.000006 0.000012 0.000555 -0.000265 -0.000013 -0.000005 0.000000 0.000001 0.000002 0.000000 0.000012 0.000035 0.000443 -0.000005 -0.000002 0.000000 0.000001 0.000009 0.000014 0.000009 0.000031 0.000006 -0.000000 0.000001 0.000007 0.000012 0.002731 0.001645 0.000908 -0.000685 -0.000225 -0.000642 -0.000028 -0.000017 -0.000004 -0.000000 0.000000 0.000006 0.000025 0.001226 -0.000597
-0.000077 -0.000028 -0.000021 -0.000024 -0.000017 -0.000011 -0.000004 -0.000002 0.000000 0.000004 0.000007 0.000013 0.000007 -0.000023 -0.000007 -0.000002 0.000000 0.000000 0.000001 0.000002 0.000003 0.000012 0.000589 -0.000364 -0.000011 -0.000003 0.000000 0.000000 0.000000 0.000004 0.000022 0.000809 -0.000012 -0.000004 0.000000 0.000004 0.000013 0.000017 0.000012 0.000008 -0.000001 -0.000000 0.000001 0.000003 0.000007 0.000012 0.000015 0.000012 0.060299 -0.003566 -0.000008 -0.000010 -0.000013 -0.000003 -0.000000 0.000000 0.000003 0.000024 0.207782 -0.000003
-0.000022 -0.000021 -0.000014 -0.000013 -0.000006 -0.000009 -0.000012 -0.000004 0.000000 0.000001 0.000001 0.000001 -0.000002 -0.000003 -0.000002 0.000000 0.000001 0.000002 0.000004 0.000005 0.000010 0.000009 0.000008 0.000175 -0.000012 -0.000004 0.000000 -0.000010 -0.000001 0.000000 0.000019 0.001006 -0.000018 -0.000005 0.000000 0.000004 0.000012 0.000000 -0.000008 -0.000003 -0.000001 -0.000000 0.000000 0.000001 0.000002 0.000004 0.000005 0.000005 0.000004 -0.007606 -0.000013 -0.000009 -0.000007 -0.000006 -0.000006 -0.000003 0.000000 0.000023 0.271843 -0.000001
-0.000015 -0.000012 -0.000004 -0.000003 -0.000012 -0.000018 -0.000014 -0.000005 0.000000 0.000001 -0.000009 -0.000006 -0.000002 -0.000001 0.000000 0.000002 0.000002 0.000001 0.000000 0.000002 0.000016 0.000094 0.000149 0.000919 0.123186 -0.000165 0.000000 -0.000029 -0.000004 0.000000 0.000016 0.000999 -0.000009 -0.000002 0.000000 0.000005 0.000009 -0.000007 -0.000017 -0.000007 -0.000002 -0.000000 0.000000 0.000002 0.000007 0.000011 0.000014 0.000015 0.000012 -0.001598 -0.000014 -0.000006 -0.000025 -0.000057 -0.000018 -0.000002 0.000000 0.000007 0.000006 0.000041
-0.000005 -0.000003 -0.000000 -0.000008 -0.000014 -0.000017 -0.000016 -0.000004 0.000000 -0.000008 -0.000018 -0.000012 -0.000005 -0.000000 0.000001 0.000008 0.000018 -0.000008 -0.000002 0.000000 0.000033 0.000033 0.000014 0.000014 0.000024 0.001061 -0.000149 -0.000065 -0.000014 0.000000 0.000030 0.001403 -0.000210 -0.000002 0.000000 0.000002 0.000009 -0.000048 -0.000011 -0.000006 -0.000001 -0.000000 0.000002 0.000005 0.000006 0.000011 0.000013 0.000008 0.002026 -0.002473 -0.000020 -0.000029 -0.000094 -0.000011 -0.000002 -0.000000 0.000002 0.000008 0.000013 0.000019
-0.000004 -0.000000 0.000000 -0.000048 -0.000023 -0.000031 -0.000043 -0.000042 -0.000099 -0.000205 -0.000074 -0.000015 -0.000001 -0.000000 0.000004 0.000008 0.000016 -0.000020 -0.000006 0.000000 0.000003 0.000004 0.000003 0.000008 0.000014 0.000021 0.016667 -0.001240 -0.000009 0.000000 0.000003 0.000010 0.001419 -0.000006 -0.000001 0.000000 0.000000 -0.000183 -0.000007 -0.000001 -0.000000 -0.000000 0.000003 0.000009 0.000005 0.000004 0.000044 -0.017030 -0.018318 -0.028777 -0.011594 -0.000072 -0.000004 -0.000003 -0.000000 0.000007 0.000012 -0.000390 -0.003503 -0.010886
-0.000412 -0.000361 -0.000538 -0.000677 -0.000550 -0.000385 -0.000375 -0.000350 -0.000159 -0.000020 -0.000011 -0.000005 -0.000000 0.000003 0.000010 0.000014 -0.000087 -0.000073 -0.000007 0.000000 0.000005 0.000017 0.000000 0.000003 0.000005 0.000015 0.000016 -0.001832 -0.000008 -0.000000 0.000000 0.000004 0.000005 0.000699 0.000322 0.000000 0.000000 -0.000007 -0.000001 -0.000000 0.000000 0.000001 0.000002 0.000004 0.000000 -0.000544 -0.042776 -0.009686 -0.000000 -0.000589 -0.005041 -0.000023 -0.000004 -0.000000 0.000001 0.000095 -0.024807 -0.012348 -0.000166 -0.000032
-0.000244 -0.000006 -0.000009 -0.000016 -0.000012 -0.000006 -0.000000 -0.000020 -0.000011 -0.000007 -0.000004 -0.000002 -0.000000 0.000008 0.000017 0.000088 -0.000132 -0.000007 0.000000 0.000001 0.000008 0.000030 -0.000001 0.000000 0.000007 0.000008 0.000007 0.001204 -0.000006 -0.000002 0.000000 0.000004 0.000010 0.000143 0.000233 0.000054 0.000018 -0.001040 -0.007482 -0.007139 -0.002626 -0.010069 -0.015811 -0.021498 -0.016017 -0.020663 -0.011667 -0.000005 -0.000000 0.000001 -0.004401 -0.019008 -0.005010 -0.000007 -0.000029 -0.048416 -0.012670 -0.000005 -0.000000 -0.000000
-0.000094 -0.000522 -0.000015 -0.000007 -0.000008 -0.000009 -0.000008 -0.000008 -0.000004 -0.000002 -0.000000 -0.000000 -0.000000 0.000006 0.000022 -0.000111 -0.000128 -0.000004 0.000000 0.000006 0.000017 0.000048 -0.000003 0.000000 0.000004 0.000013 0.000023 0.000706 -0.000004 -0.000000 0.000001 0.000004 0.000008 0.000046 0.000157 0.000131 -0.009266 -0.012827 -0.003941 -0.006039 -0.016874 -0.007100 -0.000166 -0.000009 -0.000057 -0.000011 -0.000015 -0.000005 -0.000000 0.000000 0.000007 0.001339 -0.005801 -0.014943 -0.024630 -0.014771 -0.000031 -0.000018 -0.000005 -0.000002
-0.000000 -0.000335 -0.000284 -0.000073 -0.000044 -0.000016 -0.000005 -0.000002 -0.000001 -0.000000 0.000000 0.000024 0.000020 0.000018 0.000019 -0.000642 -0.000047 -0.000006 0.000000 0.000009 0.000022 0.000057 0.000008 0.000000 0.000000 0.000006 0.000011 0.000720 -0.000005 -0.000000 0.000002 0.000006 0.001160 -0.008231 -0.014974 -0.022283 -0.012170 -0.000047 -0.000002 -0.000000 -0.000001 -0.000001 -0.000000 0.000000 -0.000019 -0.000007 -0.000014 -0.000009 -0.000001 0.000000 0.000007 0.000011 0.000000 0.000001 0.000066 -0.000470 -0.000034 -0.000023 -0.000019 -0.000005
-0.000000 -0.000031 -0.000142 -0.000005 -0.000004 -0.000003 -0.000002 -0.000000 -0.000000 -0.000000 0.000000 0.000011 0.000071 0.000068 0.000203 -0.000279 -0.000016 -0.000003 0.000000 0.000011 0.000025 0.000044 0.000018 -0.000000 0.000000 0.000001 0.000007 0.000384 -0.000001 -0.000000 0.000013 -0.017387 -0.019265 -0.008310 -0.000078 -0.000024 -0.000017 -0.000044 -0.000005 -0.000008 -0.000002 -0.000000 -0.000000 0.000002 -0.000034 -0.000021 -0.000018 -0.000008 -0.000001 0.000000 -0.000001 -0.000000 0.000000 0.000008 0.000574 -0.001127 -0.000042 -0.000013 -0.000019 -0.000006
-0.000000 0.000001 -0.000380 -0.000017 -0.000012 -0.000010 -0.000005 -0.000000 0.000014 0.000037 0.000007 0.000006 0.000016 0.000111 0.000467 -0.000148 -0.000012 -0.000000 0.000001 0.000019 0.000069 0.000110 0.000124 -0.000000 0.000000 0.000003 0.000009 0.000044 -0.000000 0.000267 -0.024673 -0.015195 -0.000345 -0.000064 -0.000194 -0.000038 -0.000015 -0.000053 -0.000206 -0.000005 -0.000004 -0.000001 -0.000000 -0.000007 -0.000014 -0.000021 -0.000019 -0.000008 -0.000001 0.000000 -0.000000 0.000000 0.000008 0.000009 0.001241 -0.000052 -0.000094 -0.000109 -0.000020 -0.000006
-0.000006 0.000000 -0.000048 -0.000174 -0.000131 -0.000095 -0.000028 -0.000002 0.000000 0.000004 0.000037 0.000027 0.000000 0.000005 0.002110 -0.000059 -0.000009 -0.000000 0.000002 0.000012 0.000010 0.000012 0.000266 0.000101 0.000026 -0.002873 -0.022339 -0.012059 -0.014022 -0.015580 -0.008932 -0.000058 -0.000002 -0.000000 0.000046 -0.004091 -0.001025 -0.000227 -0.000151 -0.000278 -0.000012 -0.000004 -0.000005 -0.000017 -0.000022 -0.000026 -0.000024 -0.000010 -0.000002 0.000000 0.000001 0.000005 0.000009 0.001318 -0.000145 -0.000034 -0.000042 -0.000055 -0.000043 -0.000014
