001_floodsim/sample_code/hipims_case/output/hUx_7200.asc
ncols 269
nrows 269
xllcorner 0.000000
yllcorner 0.000000
cellsize 10.000000
NODATA_value -9999.000000
[rows 135 to 161 of 269, columns 0 to 59 of 269]
-9999.000000 -9999.000000 -9999.000000 -9999.000000 -9999.000000 -9999.000000 -1.181118 -0.084956 -0.000214 -0.000003 -0.000003 -0.000002 0.000000 0.000001 0.000003 0.000100 0.009660 -0.022594 -0.012031 -0.015265 -0.030176 -0.022292 -0.009595 -0.007104 -0.005622 -0.002218 -0.001043 -0.000034 -0.000031 -0.000022 -0.000024 -0.000013 -0.000002 0.000000 -0.000004 -0.000001 -0.000000 -0.016202 -0.000006 -0.000001 0.000000 -0.002453 -0.000004 -0.000001 0.000000 0.000002 0.000006 0.000000 0.000005 0.000055 0.000030 0.000023 0.052058 -0.150864 -0.195699 -0.083119 -0.000290 -0.000017 -0.000007 -0.000003
-9999.000000 -9999.000000 -9999.000000 -9999.000000 -9999.000000 -9999.000000 -0.382834 -0.155552 -0.173555 -0.111290 -0.014283 -0.002682 -0.002425 -0.000004 0.000000 0.000064 -0.002297 -0.006624 -0.008390 -0.008633 -0.031097 -0.028403 -0.010725 -0.002620 -0.001941 -0.003439 -0.003569 -0.000084 -0.000027 -0.000024 -0.000017 -0.000009 -0.000000 0.000001 -0.000003 -0.000001 -0.000000 0.000007 -0.005302 -0.000042 -0.000018 -0.000002 0.000000 0.000001 0.000001 0.000002 0.000009 0.000004 0.000003 0.000002 0.000024 0.000105 0.053348 -0.090056 -0.083911 -0.001534 -0.000015 -0.000012 -0.000008 -0.000004
-9999.000000 -9999.000000 -9999.000000 -9999.000000 -9999.000000 -9999.000000 0.083645 -0.041833 -0.080939 -0.244183 -0.256825 -0.269292 -0.215458 -0.000192 -0.000144 -0.000310 -0.000884 -0.001845 -0.004102 -0.010200 -0.034160 -0.040273 -0.036120 -0.045524 -0.055091 -0.019238 -0.003005 -0.000522 -0.000019 -0.000030 -0.000034 -0.000011 -0.000003 -0.000005 -0.000007 -0.000009 -0.000003 -0.000000 -0.000024 -0.000007 -0.000002 0.000000 0.000002 0.000004 0.000018 0.000000 0.000002 0.000004 0.000003 0.000001 0.000009 0.000008 -0.051132 -0.094896 -0.090234 -0.000010 -0.000010 -0.000009 -0.000008 -0.000007
-9999.000000 -9999.000000 -9999.000000 -9999.000000 -9999.000000 -9999.000000 0.192940 -0.015420 -0.022448 -0.061731 -0.050556 -0.064440 -0.083221 -0.017594 -0.000168 -0.000111 0.000000 0.000425 -0.075581 -0.073658 -0.040501 -0.040861 -0.032846 -0.031840 -0.052142 -0.030900 -0.008764 -0.000764 -0.000015 -0.000011 -0.000012 -0.000013 -0.000016 -0.000011 -0.000008 -0.000006 -0.000005 -0.000007 -0.000006 -0.000002 0.000000 0.000001 0.000005 0.000007 0.000007 0.000000 -0.000000 0.000000 0.000001 0.000002 0.000010 0.000381 -0.061886 -0.085236 -0.053916 -0.000003 -0.000003 -0.000003 -0.000003 -0.000004
-9999.000000 -9999.000000 -9999.000000 -9999.000000 -9999.000000 -9999.000000 0.259142 -0.000010 -0.000017 -0.000001 -0.000000 -0.000889 -0.129858 -0.032565 -0.004978 -0.000012 0.000000 -1.060792 -0.198583 -0.062867 -0.044758 -0.038173 -0.017819 -0.027207 -0.037569 -0.011752 -0.015619 -0.001431 -0.000004 -0.000003 -0.000007 -0.000008 -0.000009 -0.000008 -0.000007 -0.000003 -0.000002 -0.000002 -0.000003 -0.000003 0.000000 0.000001 0.000008 0.000015 0.000018 0.000003 -0.000004 0.000000 -0.000000 0.000000 0.000000 0.000194 -0.061912 -0.072747 -0.041215 -0.000010 -0.000010 -0.000008 -0.000009 -0.000010
-9999.000000 -9999.000000 -9999.000000 -9999.000000 -9999.000000 -9999.000000 0.237752 -0.020869 -0.032448 -0.045870 -0.000002 0.000000 -0.301195 -0.209305 -0.177488 -0.202569 -0.593800 -0.291602 -0.049888 -0.046120 -0.069457 -0.101688 -0.123797 -0.110927 -0.062135 -0.028901 -0.033753 -0.050283 -0.000083 -0.000034 -0.000015 -0.000013 -0.000009 -0.000005 -0.000002 -0.000001 0.000000 -0.000005 -0.000003 -0.000001 0.000000 0.000002 0.000010 0.000016 0.000221 -0.032443 -0.039155 -0.000235 -0.000014 -0.000001 0.000000 0.004060 -0.120752 -0.063480 -0.008218 -0.000284 -0.000130 -0.000036 -0.000066 -0.000062
-9999.000000 -9999.000000 -9999.000000 -9999.000000 -9999.000000 -9999.000000 -0.052868 -0.167574 -0.188090 -0.149789 -0.039781 0.000000 -0.109735 -0.055038 -0.104989 -0.149448 -0.029806 -0.038820 -0.036585 -0.045655 -0.053577 -0.040521 -0.043272 -0.053764 -0.024600 -0.045002 -0.044576 -0.063467 -0.000011 -0.000005 -0.000005 -0.000004 -0.000004 -0.000003 -0.000004 -0.000002 0.000000 0.000000 0.000001 0.000001 0.000002 0.000003 0.000012 0.023081 -0.111214 -0.129823 -0.124824 -0.103947 -0.015990 -0.000000 0.000001 -0.180618 -0.211593 -0.071228 -0.000151 -0.000080 -0.000079 -0.000072 -0.000003 -0.000003
-9999.000000 -9999.000000 -9999.000000 -9999.000000 -9999.000000 -9999.000000 -0.663103 -0.413963 -0.376715 -0.209128 -0.075820 -0.065385 -0.273022 -0.251749 -0.192480 -0.090516 -0.046085 -0.028930 -0.025501 -0.040347 -0.072438 -0.085757 -0.092355 -0.073017 -0.035002 -0.056464 -0.070135 -0.081571 -0.000003 -0.000001 -0.000001 -0.000001 -0.000001 -0.000003 -0.000001 -0.000000 0.000000 0.000001 0.000003 0.000009 0.000012 0.000006 0.000594 -0.131898 -0.196140 -0.243635 -0.272473 -0.266649 -0.262524 -0.204861 -0.262100 -0.284818 -0.177083 -0.069633 -0.000046 -0.000066 -0.000066 -0.000026 -0.000058 -0.000124
-9999.000000 -9999.000000 -9999.000000 -9999.000000 -9999.000000 -9999.000000 -1.004168 -0.555123 -0.570023 -0.508655 -0.389893 -0.384835 -0.449522 -0.432044 -0.225306 -0.081712 -0.038623 -0.032084 -0.045968 -0.053355 -0.055877 -0.064722 -0.048220 -0.018197 -0.050192 -0.064850 -0.085134 -0.111993 -0.000010 -0.000006 -0.000004 -0.000001 -0.000000 0.000001 0.000002 0.000000 0.000003 0.000007 0.000015 0.000020 0.000023 0.000019 -0.128001 -0.227095 -0.259424 -0.230366 -0.173265 -0.254253 -0.284460 -0.280464 -0.312150 -0.274274 -0.115781 -0.002060 -0.000019 -0.000036 -0.000083 -0.000127 -0.000083 -0.000026
-9999.000000 -9999.000000 -9999.000000 -9999.000000 -9999.000000 -9999.000000 -1.048932 -0.593956 -0.594601 -0.645498 -0.713836 -0.664595 -0.673389 -0.229489 -0.166166 -0.085269 -0.031915 -0.025957 -0.031106 -0.025699 -0.014150 -0.014162 -0.006641 -0.034204 -0.069861 -0.095482 -0.124613 -0.177298 -0.115615 -0.000030 -0.000006 -0.000002 -0.000000 0.000001 0.000004 0.000000 0.000002 0.000004 0.000007 0.000007 0.000008 0.006465 -0.156946 -0.203021 -0.121184 -0.000414 -0.000000 0.000066 -0.043816 -0.077154 -0.070780 -0.038731 -0.003331 -0.001573 -0.000003 -0.000002 -0.000002 -0.000003 -0.000002 -0.000002
-9999.000000 -9999.000000 -9999.000000 -9999.000000 -9999.000000 -9999.000000 -0.688439 -0.485594 -0.501412 -0.526528 -0.564511 -0.650552 -0.406765 -0.315616 -0.224919 -0.076049 -0.036302 -0.041796 -0.017044 -0.010160 -0.012991 -0.020619 -0.014385 -0.038781 -0.055930 -0.086269 -0.128305 -0.199935 -0.230428 -0.106917 -0.000224 -0.000002 -0.000000 0.000000 0.000002 0.000000 0.000001 0.000001 0.000001 0.000000 0.000143 -0.116595 -0.173629 -0.156951 -0.019692 -0.000013 -0.000002 -0.000000 0.000003 0.000042 -0.000006 -0.000001 -0.000000 -0.000184 -0.000693 -0.000176 -0.000448 -0.001013 -0.000742 -0.000714
-9999.000000 -9999.000000 -9999.000000 -9999.000000 -9999.000000 -9999.000000 0.228897 -0.132857 -0.191425 -0.126767 -0.133789 -0.407366 -0.321195 -0.330055 -0.248484 -0.137055 -0.075331 -0.039437 -0.010658 -0.003606 -0.004427 -0.002220 -0.010487 -0.016430 -0.019838 -0.003855 -0.007099 -0.135826 -0.234513 -0.275478 -0.151882 -0.050432 -0.027131 -0.033993 -0.035066 -0.023181 -0.005329 -0.000383 -0.000659 -0.006202 -0.101487 -0.200253 -0.197320 -0.117806 -0.000036 -0.000017 -0.000008 -0.000003 -0.000002 -0.000002 -0.000001 -0.000001 -0.000000 0.000001 0.000149 -0.003651 -0.000441 -0.000005 -0.000000 -0.000093
-9999.000000 -9999.000000 -9999.000000 -9999.000000 -9999.000000 -9999.000000 0.452609 -0.157781 -0.115933 -0.071348 -0.087141 -0.401939 -0.449308 -0.423183 -0.278651 -0.162402 -0.063105 -0.016589 -0.013237 -0.001549 -0.000475 -0.003325 -0.005234 -0.006034 -0.000012 -0.000000 0.000000 -0.001053 -0.145912 -0.238048 -0.273485 -0.266604 -0.242460 -0.215551 -0.216922 -0.208217 -0.186701 -0.199036 -0.214671 -0.258624 -0.312300 -0.274632 -0.147004 -0.005287 -0.000055 -0.000050 -0.000042 -0.000027 -0.000003 -0.000002 -0.000002 -0.000003 -0.000001 0.000000 0.000001 0.000005 -0.000019 -0.000015 -0.000005 -0.000002
-9999.000000 -9999.000000 -9999.000000 -9999.000000 -9999.000000 -9999.000000 0.286411 -0.331168 -0.169721 -0.061122 -0.103485 -0.225822 -0.459275 -0.420004 -0.278789 -0.133681 -0.023602 -0.001344 -0.026178 -0.004998 -0.000651 -0.004214 -0.005811 -0.011245 -0.000003 0.000000 0.000003 0.000013 0.004521 -0.124497 -0.195055 -0.223681 -0.223978 -0.215604 -0.235266 -0.250110 -0.250561 -0.269917 -0.299315 -0.307511 -0.236497 -0.143245 -0.026173 -0.000051 -0.000054 -0.000029 -0.000021 -0.000015 -0.000011 -0.000003 -0.000002 -0.000002 -0.000001 0.000000 0.000001 0.000002 -0.000004 -0.000005 -0.000015 -0.000009
-9999.000000 -9999.000000 -9999.000000 -9999.000000 -9999.000000 -9999.000000 -1.198302 -1.048489 -1.669364 -1.964905 -1.772820 -1.313508 -0.797132 -0.580927 -0.374978 -0.150143 -0.016620 0.017053 0.000309 0.000000 -0.000207 -0.002083 -0.008286 -0.000004 0.000000 0.000000 0.000006 0.000008 0.000034 0.000097 -0.007101 -0.074229 -0.105494 -0.116983 -0.128836 -0.145636 -0.149719 -0.117680 -0.079779 -0.060814 -0.012756 -0.000999 -0.000042 -0.000018 -0.000024 -0.000026 -0.000015 -0.000011 -0.000007 -0.000003 -0.000002 -0.000001 0.000000 0.000002 0.000007 -0.000003 -0.000003 -0.000003 -0.000006 -0.000004
-9999.000000 -9999.000000 -9999.000000 -9999.000000 -9999.000000 -9999.000000 -8.180781 -3.665866 -3.245847 -3.059630 -2.287227 -1.402783 -0.984491 -0.749094 -0.518274 -0.169074 -0.037991 0.017247 -0.000001 -0.000000 -0.000135 -0.003078 -0.000010 -0.000005 0.000000 0.000003 0.000008 0.000013 0.000027 0.000005 0.000004 0.000007 0.000011 0.000026 0.001688 -0.001002 -0.004529 -0.000247 -0.000033 -0.000002 -0.000000 -0.000000 -0.000089 -0.000014 -0.000011 -0.000019 -0.000029 -0.000007 -0.000004 -0.000001 0.000000 0.000000 0.000000 -0.000001 -0.000003 -0.000004 -0.000003 -0.000003 -0.000002 -0.000002
-9999.000000 -9999.000000 -9999.000000 -9999.000000 -9999.000000 -9999.000000 -9999.000000 0.000000 -1.813056 -2.421947 -1.767947 -1.423724 -1.138407 -0.948263 -0.628478 -0.708147 -0.469789 0.000000 0.000007 0.000012 0.000163 -0.000066 -0.000011 -0.000002 0.000000 0.000003 0.000008 0.000013 0.000016 -0.000000 0.000000 0.000002 0.000012 0.000009 0.000006 0.000004 -0.000067 -0.000012 -0.000010 -0.000003 -0.000000 0.000002 -0.000026 -0.000011 -0.000006 -0.000006 -0.000010 -0.000013 -0.000009 -0.000001 0.000000 0.000001 -0.000012 -0.000017 -0.000001 -0.000001 -0.000001 -0.000001 -0.000001 -0.000000
-9999.000000 -9999.000000 -9999.000000 -9999.000000 -9999.000000 -9999.000000 -9999.000000 -9999.000000 0.000000 -4.742579 -1.444381 -1.971152 -1.536188 -1.146233 -2.501557 -2.268761 -4.026686 -1.573822 0.000000 0.000007 -0.001181 -0.000013 -0.000007 -0.000001 0.000000 0.000001 0.000007 0.000015 0.000020 -0.000001 0.000000 0.000001 0.000009 0.000022 0.000021 0.000016 -0.000092 -0.000037 -0.000014 -0.000005 -0.000000 0.000001 -0.000010 -0.000007 -0.000004 -0.000003 -0.000003 -0.000003 -0.000003 -0.000001 0.000000 -0.000005 -0.000072 -0.000012 -0.000034 -0.000009 -0.000002 -0.000000 0.000000 0.000001
-9999.000000 -9999.000000 -9999.000000 -9999.000000 -9999.000000 -9999.000000 -9999.000000 -9999.000000 -9999.000000 -0.000000 0.000000 -2.704283 -1.551313 -0.956721 -1.668985 -1.861649 -1.006327 -0.897471 -0.830389 -0.000017 -0.000018 -0.000010 -0.000003 -0.000001 0.000000 0.000001 0.000006 0.000012 -0.000000 -0.000000 0.000000 0.000004 0.000019 0.000014 0.000011 0.000009 -0.000012 -0.000034 -0.000015 -0.000006 -0.000000 0.000000 -0.000003 -0.000001 -0.000001 -0.000001 -0.000001 -0.000001 0.000000 0.000001 -0.000010 -0.000032 -0.000004 -0.000005 -0.000004 -0.000001 -0.000000 0.000000 0.000002 0.000000
-9999.000000 -9999.000000 -9999.000000 -9999.000000 -9999.000000 -9999.000000 -9999.000000 -9999.000000 -9999.000000 -9999.000000 -9999.000000 0.000000 -1.832229 -1.151742 -1.231608 -1.176834 -1.028165 -0.775380 -0.632008 -0.000014 -0.000010 -0.000006 -0.000002 -0.000002 0.000000 0.000004 0.000008 0.000004 -0.000000 0.000000 0.000000 0.000002 0.000005 0.000002 0.000006 0.000007 0.000002 -0.000023 -0.000032 -0.000003 -0.000002 0.000000 0.000001 -0.000001 -0.000008 -0.000008 -0.000009 -0.000007 -0.000004 -0.000191 -0.000145 -0.000012 -0.000001 -0.000001 -0.000001 -0.000000 0.000000 0.000001 0.000002 0.000004
-9999.000000 -9999.000000 -9999.000000 -9999.000000 -9999.000000 -9999.000000 -9999.000000 -9999.000000 -9999.000000 -9999.000000 -9999.000000 -9999.000000 0.000000 -0.851342 -1.047765 -1.385178 -1.207856 -0.950010 -0.841248 -0.000005 -0.000003 -0.000005 -0.000016 -0.000018 -0.000005 -0.000000 -0.000002 -0.000001 -0.000000 0.000001 0.000003 0.000003 0.000003 -0.000000 0.000001 0.000003 0.000003 0.000003 -0.000024 -0.000030 -0.000001 0.000000 0.000009 0.010403 0.002829 -0.000259 -0.000352 -0.000157 -0.000072 -0.000002 -0.000349 -0.000007 -0.000001 -0.000000 0.000000 0.000001 0.000001 0.000001 0.000003 0.000007
-9999.000000 -9999.000000 -9999.000000 -9999.000000 -9999.000000 -9999.000000 -9999.000000 -9999.000000 -9999.000000 -9999.000000 -9999.000000 -9999.000000 -9999.000000 -0.000000 -0.000000 -1.418191 -1.379674 -1.315244 -1.492617 -1.098272 -0.000018 -0.000032 -0.000035 -0.000002 -0.000003 -0.000003 -0.000002 -0.000001 -0.000000 0.000000 0.000000 0.000001 -0.000002 -0.000001 0.000000 0.000001 0.000001 0.000002 0.000001 -0.000008 -0.000002 0.000000 0.000001 0.006815 -0.019160 -0.000004 0.000000 0.000000 0.000000 0.000001 0.000009 -0.000002 -0.000000 0.000000 0.000001 0.000005 0.000005 0.000003 0.000006 -0.000443
-9999.000000 -9999.000000 -9999.000000 -9999.000000 -9999.000000 -9999.000000 -9999.000000 -9999.000000 -9999.000000 -9999.000000 -9999.000000 -9999.000000 -9999.000000 -0.000000 -0.000000 0.000000 -1.259497 -1.293012 -1.437801 -1.309112 -0.752514 -0.000013 -0.000013 -0.000004 -0.000001 -0.000001 -0.000001 -0.000001 -0.000001 -0.000001 -0.000000 0.000000 0.000000 0.000000 0.000001 0.000002 -0.000003 -0.000001 0.000000 0.000001 0.000005 -0.000000 0.000000 -0.000043 -0.000005 -0.000002 0.000000 0.000001 0.000001 0.000001 0.000012 0.000008 -0.000000 0.000000 0.000000 0.000003 0.000011 0.000012 0.000719 -0.000135
-9999.000000 -9999.000000 -9999.000000 -9999.000000 -9999.000000 -9999.000000 -9999.000000 -9999.000000 -9999.000000 -9999.000000 -9999.000000 -9999.000000 -9999.000000 -9999.000000 -0.000000 0.000000 -1.647078 -1.872807 -1.928236 -1.925009 -1.850036 -0.775740 -0.000014 -0.000006 -0.000002 -0.000003 -0.000003 -0.000004 -0.000003 -0.000001 -0.000000 0.000003 0.000003 0.000000 0.000000 0.000001 -0.007480 -0.000003 0.000000 0.000001 0.000019 0.000035 0.002156 -0.012614 -0.000002 0.000000 0.000000 0.000002 0.000002 0.000002 0.000010 0.000019 0.000002 0.000001 0.000000 0.000003 0.000008 -0.000782 -0.000256 -0.000001
-9999.000000 -9999.000000 -9999.000000 -9999.000000 -9999.000000 -9999.000000 -9999.000000 -9999.000000 -9999.000000 -9999.000000 -9999.000000 -9999.000000 -9999.000000 -9999.000000 -9999.000000 0.000000 0.000001 -2.054406 -2.136965 -2.408302 -2.850330 -2.853176 -2.115127 -1.370472 -0.000009 -0.000012 -0.000021 -0.000011 -0.000003 -0.000000 0.000004 0.000006 0.000005 -0.000008 -0.000004 -0.000003 -0.000006 -0.000029 -0.000005 0.000000 0.000001 0.000002 0.000002 -0.000020 -0.000011 0.000000 0.000000 0.000001 0.000000 0.000001 0.000010 0.000034 0.000018 0.000268 -0.000082 -0.000055 -0.000831 -0.000354 -0.000011 -0.000003
-9999.000000 -9999.000000 -9999.000000 -9999.000000 -9999.000000 -9999.000000 -9999.000000 -9999.000000 -9999.000000 -9999.000000 -9999.000000 -9999.000000 -9999.000000 -9999.000000 -9999.000000 0.000000 0.000002 0.000005 -1.832791 -1.978273 -2.483548 -2.693597 -2.636046 -2.419176 -2.009906 -0.000018 -0.000013 -0.000005 -0.000000 0.000003 0.000010 -1.149124 -1.265398 -1.461522 -1.274324 -0.891494 -0.000008 -0.000002 -0.000001 0.000000 -0.000023 -0.000003 0.000000 0.000000 0.000002 0.000002 0.000004 -0.000003 -0.000001 0.000000 0.000007 0.000092 -0.013350 -0.001251 0.000000 -0.000004 -0.000006 -0.000006 -0.000006 -0.000028
-9999.000000 -9999.000000 -9999.000000 -9999.000000 -9999.000000 -9999.000000 -9999.000000 -9999.000000 -9999.000000 -9999.000000 -9999.000000 -9999.000000 -9999.000000 -9999.000000 -9999.000000 -9999.000000 0.000000 0.000002 0.000010 -1.194939 -1.499712 -1.968779 -2.113666 -2.101695 -1.941183 -1.754179 -0.000018 -0.000005 -0.000000 0.000004 -1.537157 -1.852289 -2.010408 -2.153230 -2.271752 -2.191493 -1.312678 -0.669978 -0.000002 0.000000 0.000005 0.000024 -0.000002 0.000000 0.000002 0.000005 0.000011 -0.545827 -0.678665 -0.638205 -0.616912 -0.524681 -0.000323 -0.000001 0.000000 -0.000005 -0.000002 -0.000001 0.000000 -0.000002
