001_floodsim/sample_code/hipims_case/output/hUx_4500.asc
ncols 269
nrows 269
xllcorner 0.000000
yllcorner 0.000000
cellsize 10.000000
NODATA_value -9999.000000
[rows 216 to 242 of 269, columns 120 to 179 of 269]
-0.000026 -0.000010 -0.000001 -0.000000 -0.000066 -0.000448 -0.000033 -0.000013 -0.000015 -0.000016 -0.000005 -0.000000 0.000000 0.000006 0.000009 -0.000394 -0.000080 -0.000025 -0.000007 -0.000005 -0.000001 -0.000000 -0.000004 -0.000330 -0.000231 -0.000034 -0.000020 -0.000010 -0.000006 -0.000004 -0.000001 0.000000 -0.000003 -0.000009 -0.000010 -0.000006 0.000000 0.000010 0.000022 0.006076 -0.000369 -0.000005 -0.000000 0.000008 -0.000032 -0.000028 -0.000005 -0.000000 0.000001 -0.000101 -0.000084 -0.000010 -0.000002 0.000000 0.000002 0.000002 0.000001 -9999.000000 -9999.000000 -9999.000000
-0.000029 -0.000010 -0.000004 -0.000000 0.000003 -0.000400 -0.000017 -0.000007 -0.000012 -0.000015 -0.000008 -0.000001 -0.000000 0.000004 0.000011 -0.000055 -0.000068 -0.000016 -0.000016 -0.000015 -0.000003 -0.000000 0.000002 -0.000010 -0.000026 -0.000028 -0.000015 -0.000007 -0.000001 0.000000 0.000000 0.000001 -0.000009 -0.000011 -0.000015 -0.000004 0.000000 0.000007 0.000065 0.000803 -0.000064 -0.000005 -0.000000 0.000005 -0.000082 -0.000027 -0.000011 -0.000000 0.000000 -0.000003 -0.000033 -0.000083 -0.000016 0.000000 0.000000 -9999.000000 -9999.000000 -9999.000000 -9999.000000 -9999.000000
-0.000012 -0.000012 -0.000004 -0.000000 0.000003 -0.000149 -0.000171 -0.000011 -0.000006 -0.000006 -0.000005 -0.000003 -0.000000 0.000001 0.000006 0.000012 -0.000090 -0.000008 -0.000015 -0.000018 -0.000006 -0.000000 0.000001 -0.000016 -0.000016 -0.000023 -0.000030 -0.000013 -0.000002 0.000000 0.000001 0.000003 -0.000035 -0.000007 -0.000007 -0.000001 0.000000 0.000003 0.000027 0.000475 -0.000135 -0.000005 -0.000000 0.000002 -0.000061 -0.000022 -0.000009 -0.000005 -0.000000 0.000000 0.000000 0.000000 0.000000 -9999.000000 -9999.000000 -9999.000000 -9999.000000 -9999.000000 -9999.000000 -9999.000000
-0.000019 -0.000015 -0.000004 -0.000000 0.000003 0.000011 -0.000085 -0.000173 -0.000119 -0.000054 -0.000013 -0.000008 -0.000002 -0.000000 0.000003 0.000003 -0.000095 -0.000064 -0.000010 -0.000016 -0.000009 -0.000002 -0.000000 -0.000013 -0.000011 -0.000013 -0.000010 -0.000002 -0.000000 0.000001 0.000005 0.000017 -0.000113 -0.000053 -0.000013 0.000000 0.000008 0.000039 0.000037 0.000242 -0.000207 -0.000005 -0.000000 -0.000010 -0.000023 -0.000024 -0.000016 -0.000010 -0.000004 -0.000000 0.000001 0.000002 0.000001 -9999.000000 -9999.000000 -9999.000000 -9999.000000 -9999.000000 -9999.000000 -9999.000000
-0.000020 -0.000017 -0.000007 -0.000000 0.000001 0.000005 -0.000001 -0.000017 -0.000021 -0.000032 -0.000041 -0.000017 -0.000012 -0.000002 0.000000 0.000002 -0.000011 -0.000031 -0.000050 -0.000020 -0.000008 -0.000008 -0.000005 -0.000005 -0.000006 -0.000003 -0.000002 -0.000000 0.000002 0.000004 0.000052 -0.000349 -0.000022 -0.000016 -0.000007 0.000000 0.000001 0.000008 0.000013 0.000023 -0.000123 -0.000005 -0.000009 -0.000020 -0.000021 -0.000016 -0.000006 -0.000005 -0.000005 -0.000001 0.000000 0.000002 0.000006 -9999.000000 -9999.000000 -9999.000000 -9999.000000 -9999.000000 -9999.000000 -9999.000000
-0.000015 -0.000015 -0.000008 -0.000002 -0.000000 0.000002 -0.000001 -0.000005 -0.000005 -0.000006 -0.000018 -0.000017 -0.000010 -0.000005 0.000000 0.000001 -0.000006 -0.000009 -0.000008 -0.000002 0.000000 -0.000011 -0.000010 -0.000008 -0.000002 -0.000000 -0.000000 -0.000000 0.000002 -0.000152 -0.000344 -0.000022 -0.000018 -0.000009 -0.000003 0.000000 0.000002 0.000005 0.000006 0.000028 0.000050 -0.000476 -0.000015 -0.000010 -0.000015 -0.000009 -0.000001 -0.000000 -0.000005 -0.000002 0.000000 -9999.000000 -9999.000000 -9999.000000 -9999.000000 -9999.000000 -9999.000000 -9999.000000 -9999.000000 -9999.000000
-0.000024 -0.000011 -0.000005 -0.000005 -0.000001 0.000000 -0.000004 -0.000002 0.000000 0.000003 -0.000022 -0.000016 -0.000012 -0.000008 -0.000009 -0.000013 -0.000011 -0.000003 -0.000002 0.000000 0.000003 0.000003 -0.000013 -0.000008 -0.000000 0.000001 0.000058 -0.000268 -0.005403 -0.000458 -0.000034 -0.000031 -0.000010 -0.000004 0.000000 0.000001 0.000016 0.000041 0.000090 0.000016 0.000007 -0.000048 -0.000108 -0.000068 -0.000021 -0.000004 0.000000 -0.000002 -0.000001 0.000000 -9999.000000 -9999.000000 -9999.000000 -9999.000000 -9999.000000 -9999.000000 -9999.000000 -9999.000000 -9999.000000 -9999.000000
-0.000011 -0.000006 -0.000008 -0.000003 -0.000000 0.000001 0.000005 -0.000000 0.000001 0.000003 -0.000005 -0.000011 -0.000011 -0.000016 -0.000013 -0.000015 -0.000012 -0.000004 -0.000001 0.000000 -0.013629 -0.001188 -0.001353 -0.000008 -0.000000 -0.000130 -0.000538 -0.000011 -0.000008 -0.000030 -0.000021 -0.000016 -0.000004 -0.000001 0.000000 0.000000 0.000000 0.000002 0.000005 0.000007 0.000012 0.000095 -0.000025 -0.000022 -0.000011 -0.000002 0.000000 0.000001 0.000001 -9999.000000 -9999.000000 -9999.000000 -9999.000000 -9999.000000 -9999.000000 -9999.000000 -9999.000000 -9999.000000 -9999.000000 -9999.000000
-0.000005 -0.000007 -0.000002 -0.000000 0.000001 0.000004 0.000014 -0.000000 -0.000559 -0.005548 -0.024565 -0.002199 -0.001954 -0.001646 -0.001780 -0.001224 -0.001301 -0.001311 -0.001371 -0.001470 -0.001015 -0.000000 -0.000008 -0.013377 -0.000910 -0.000925 -0.000015 -0.000004 -0.000003 -0.000010 -0.000013 -0.000010 -0.000007 -0.000001 0.000000 -0.000174 -0.000025 -0.000001 0.000000 0.000004 0.000016 0.000045 -0.000022 -0.000017 -0.000008 -0.000001 0.000000 0.000002 0.000002 -9999.000000 -9999.000000 -9999.000000 -9999.000000 -9999.000000 -9999.000000 -9999.000000 -9999.000000 -9999.000000 -9999.000000 -9999.000000
-0.000004 -0.000000 0.000003 0.000005 0.000007 0.000456 -0.000905 -0.001899 -0.002390 -0.000013 -0.000014 -0.000008 -0.000004 -0.000000 -0.000036 -0.000019 -0.000020 -0.000024 -0.000025 -0.000025 -0.000009 -0.000001 -0.000000 0.000003 -0.000034 -0.000017 -0.000009 -0.000002 0.000000 -0.000003 -0.000001 0.000000 -0.000050 -0.000026 -0.000052 -0.000144 -0.000010 -0.000001 0.000000 0.000003 0.000019 0.000040 -0.000017 -0.000010 -0.000003 -0.000000 0.000002 0.000006 0.000005 -9999.000000 -9999.000000 -9999.000000 -9999.000000 -9999.000000 -9999.000000 -9999.000000 -9999.000000 -9999.000000 -9999.000000 -9999.000000
-0.000000 0.000003 0.000010 0.000008 0.000020 -0.002316 -0.000017 -0.000012 -0.000009 -0.000006 -0.000006 -0.000003 -0.000003 -0.000004 -0.000011 -0.000020 -0.000018 -0.000020 -0.000024 -0.000023 -0.000012 -0.000003 -0.000000 0.000002 -0.000011 -0.000008 -0.000008 -0.000003 0.000000 0.000002 0.000003 0.000005 -0.000013 -0.000049 -0.000090 -0.000017 -0.000008 -0.000000 0.000003 0.000027 0.000019 0.000017 -0.000015 -0.000005 -0.000003 -0.000000 0.000005 0.000009 0.000006 -9999.000000 -9999.000000 -9999.000000 -9999.000000 -9999.000000 -9999.000000 -9999.000000 -9999.000000 -9999.000000 -9999.000000 -9999.000000
0.000003 0.000003 -0.000339 -0.002837 -0.002254 -0.000013 -0.000010 -0.000004 -0.000004 -0.000004 -0.000001 -0.000000 -0.000081 -0.000094 -0.000079 -0.000041 -0.000030 -0.000017 -0.000019 -0.000020 -0.000013 -0.000004 -0.000000 0.000002 -0.000008 -0.000003 -0.000002 0.000000 0.000001 0.000001 0.000006 0.000009 -0.000032 -0.000037 -0.000009 -0.000014 -0.000006 -0.000000 0.000006 0.000010 0.000016 0.000009 -0.000012 -0.000004 -0.000000 0.000002 0.000006 0.000011 0.000000 -9999.000000 -9999.000000 -9999.000000 -9999.000000 -9999.000000 -9999.000000 -9999.000000 -9999.000000 -9999.000000 -9999.000000 -9999.000000
-0.003297 -0.003249 -0.001982 -0.000012 -0.000010 -0.000005 -0.000005 -0.000004 -0.000000 -0.000000 -0.000089 -0.000182 -0.000187 -0.000020 -0.000018 -0.000018 -0.000017 -0.000014 -0.000016 -0.000015 -0.000009 -0.000003 -0.000002 -0.000006 -0.000003 0.000000 0.000004 0.000005 0.000006 0.000004 0.000005 0.000008 -0.013805 -0.000130 -0.000059 -0.000027 -0.000011 -0.000000 0.000001 0.000005 0.000010 0.000005 0.000024 -0.000000 0.000001 0.000007 0.000010 -0.000076 -0.000025 0.000000 -9999.000000 -9999.000000 -9999.000000 -9999.000000 -9999.000000 -9999.000000 -9999.000000 -9999.000000 -9999.000000 -9999.000000
-0.001179 -0.000010 -0.000013 -0.000010 -0.000005 -0.000009 -0.000005 -0.000000 -0.000003 -0.000165 -0.000284 -0.000022 -0.000016 -0.000014 -0.000006 -0.000006 -0.000006 -0.000005 -0.000005 -0.000004 -0.000005 -0.000007 -0.000007 -0.000004 -0.000002 0.000000 0.000005 0.000009 0.000011 -0.000000 0.000000 -0.000210 -0.000468 -0.000016 -0.000014 -0.000011 -0.000006 -0.000001 0.000000 0.000002 0.000003 0.000009 0.000027 0.000001 0.000007 0.000013 0.000024 -0.000083 0.000000 -9999.000000 -9999.000000 -9999.000000 -9999.000000 -9999.000000 -9999.000000 -9999.000000 -9999.000000 -9999.000000 -9999.000000 -9999.000000
-0.000007 -0.000006 -0.000004 -0.000006 -0.000007 -0.000002 -0.000004 -0.000015 -0.000163 -0.000013 -0.000009 -0.000015 -0.000006 -0.000010 -0.000021 -0.000019 -0.000017 -0.000014 -0.000010 -0.000006 -0.000005 -0.000006 -0.000005 -0.000003 -0.000000 0.000001 0.000007 0.000012 0.000010 -0.000056 -0.000201 -0.000656 -0.000011 -0.000005 -0.000005 -0.000004 -0.000002 -0.000000 0.000001 0.000005 0.000014 0.000021 0.000024 0.000001 0.000003 0.000025 -0.000209 -0.000005 0.000000 -9999.000000 -9999.000000 -9999.000000 -9999.000000 -9999.000000 -9999.000000 -9999.000000 -9999.000000 -9999.000000 -9999.000000 -9999.000000
-0.000002 -0.000002 -0.000007 -0.000007 -0.000003 -0.000000 -0.000012 -0.000051 -0.000095 -0.000009 -0.000015 -0.000009 -0.000012 -0.000015 -0.000029 -0.000027 -0.000021 -0.000011 -0.000006 -0.000002 -0.000000 -0.000007 -0.000007 -0.000003 -0.000000 0.000002 0.000013 0.000019 -0.000039 -0.000173 -0.000163 -0.000013 -0.000010 -0.000017 -0.000013 -0.000009 -0.000003 -0.000000 0.000002 0.000006 0.000010 0.000016 0.000027 0.000007 0.000031 -0.003095 -0.000005 0.000000 -9999.000000 -9999.000000 -9999.000000 -9999.000000 -9999.000000 -9999.000000 -9999.000000 -9999.000000 -9999.000000 -9999.000000 -9999.000000 -9999.000000
-0.000002 -0.000000 -0.000000 -0.000003 -0.000001 -0.000000 0.000001 -0.000306 -0.000063 -0.000021 -0.000020 -0.000012 -0.000003 -0.000000 -0.000051 -0.000026 -0.000015 -0.000004 -0.000000 0.000000 0.000001 -0.000032 -0.000013 -0.000004 -0.000000 0.000004 0.000006 0.000371 -0.000636 -0.000346 -0.000073 -0.000005 -0.000008 -0.000017 -0.000011 -0.000011 -0.000008 -0.000002 0.000000 0.000003 0.000018 0.000030 0.000033 -0.012085 -0.000426 -0.000003 0.000000 -9999.000000 -9999.000000 -9999.000000 -9999.000000 -9999.000000 -9999.000000 -9999.000000 -9999.000000 -9999.000000 -9999.000000 -9999.000000 -9999.000000 -9999.000000
-0.000002 -0.000000 0.000000 -0.000001 -0.000002 -0.000013 -0.000030 -0.000053 -0.000048 -0.000023 -0.000018 -0.000007 -0.000001 -0.000000 -0.000066 -0.000023 -0.000014 -0.000003 -0.000000 0.000001 -0.000004 -0.000042 -0.000014 -0.000001 -0.000000 0.000004 0.000092 -0.000356 -0.000021 -0.000037 -0.000052 -0.000001 -0.000000 -0.000017 -0.000005 -0.000000 -0.000007 -0.000002 0.000000 0.000003 0.000016 0.000611 -0.276109 -0.000455 0.000000 -9999.000000 -9999.000000 -9999.000000 -9999.000000 -9999.000000 -9999.000000 -9999.000000 -9999.000000 -9999.000000 -9999.000000 -9999.000000 -9999.000000 -9999.000000 -9999.000000 -9999.000000
-0.000002 -0.000000 0.000000 0.000006 0.000010 -0.000008 -0.000025 -0.000043 -0.000012 -0.000026 -0.000019 -0.000005 -0.000000 0.000000 -0.000029 -0.000020 -0.000014 -0.000003 -0.000000 -0.000010 -0.000057 -0.000050 -0.000009 -0.000000 0.000004 0.000007 -0.000797 -0.000398 -0.000016 -0.000002 -0.000001 -0.000000 0.000002 0.000009 -0.000002 -0.000000 -0.000011 -0.000002 0.000000 0.000004 0.000011 -0.050737 -0.000007 0.000000 -9999.000000 -9999.000000 -9999.000000 -9999.000000 -9999.000000 -9999.000000 -9999.000000 -9999.000000 -9999.000000 -9999.000000 -9999.000000 -9999.000000 -9999.000000 -9999.000000 -9999.000000 -9999.000000
-0.000004 -0.000000 0.000000 0.000010 -0.629111 -0.737990 -0.692819 -0.727023 -0.000012 -0.000005 -0.000004 -0.000003 -0.000000 0.000000 -0.000085 -0.000023 -0.000020 -0.000019 -0.000043 -0.000090 -0.000043 -0.000018 -0.000003 -0.000000 0.000003 -0.000076 -0.000612 -0.000099 -0.000012 -0.000004 -0.000002 -0.000000 0.000004 0.000032 -0.000000 -0.000000 -0.000005 -0.000001 0.000000 0.000002 -0.018858 -0.000010 -0.000003 0.000000 -9999.000000 -9999.000000 -9999.000000 -9999.000000 -9999.000000 -9999.000000 -9999.000000 -9999.000000 -9999.000000 -9999.000000 -9999.000000 -9999.000000 -9999.000000 -9999.000000 -9999.000000 -9999.000000
-2.865065 -2.623921 -2.525510 -2.753491 -2.719016 -2.652048 -2.570991 -2.613400 -2.295928 -1.629990 -1.388888 -0.000005 -0.000004 -0.000020 -0.000055 -0.000026 -0.000032 -0.000050 -0.000061 -0.000054 -0.000041 -0.000018 -0.000004 -0.000000 0.000005 -0.000426 -0.000303 -0.000043 -0.000011 -0.000008 -0.000003 -0.000000 0.000004 0.000040 0.000017 -0.000003 -0.000016 -0.000014 -0.000037 -0.000035 -0.000003 0.000000 -9999.000000 -9999.000000 -9999.000000 -9999.000000 -9999.000000 -9999.000000 -9999.000000 -9999.000000 -9999.000000 -9999.000000 -9999.000000 -9999.000000 -9999.000000 -9999.000000 -9999.000000 -9999.000000 -9999.000000 -9999.000000
-2.924115 -2.906204 -2.909048 -3.109308 -2.961600 -2.817820 -2.719316 -2.690074 -2.657618 -2.587289 -2.515550 -2.124331 -1.809862 -0.000033 -0.000053 -0.000051 -0.000049 -0.000045 -0.000060 -0.000054 -0.000049 -0.000022 -0.000004 -0.000000 -0.000009 -0.000226 -0.000112 -0.000015 -0.000001 -0.000004 -0.000002 -0.000000 0.000005 0.000067 -0.002182 -0.000281 -0.000072 -0.000034 -0.000003 0.000000 -9999.000000 -9999.000000 -9999.000000 -9999.000000 -9999.000000 -9999.000000 -9999.000000 -9999.000000 -9999.000000 -9999.000000 -9999.000000 -9999.000000 -9999.000000 -9999.000000 -9999.000000 -9999.000000 -9999.000000 -9999.000000 -9999.000000 -9999.000000
-2.580043 -2.606159 -2.652866 -2.740318 -2.558351 -2.362100 -2.436348 -2.435688 -2.437941 -2.489790 -2.504576 -2.457744 -2.481490 -2.056947 -1.590048 -0.000018 -0.000049 -0.000032 -0.000046 -0.000040 -0.000014 -0.000008 -0.000001 -0.000000 -0.000208 -0.000213 -0.000046 -0.000025 -0.000016 -0.000007 -0.000000 0.000000 -0.000000 -0.000092 -0.000004 0.000000 -9999.000000 -9999.000000 -9999.000000 -9999.000000 -9999.000000 -9999.000000 -9999.000000 -9999.000000 -9999.000000 -9999.000000 -9999.000000 -9999.000000 -9999.000000 -9999.000000 -9999.000000 -9999.000000 -9999.000000 -9999.000000 -9999.000000 -9999.000000 -9999.000000 -9999.000000 -9999.000000 -9999.000000
-0.308253 -0.328592 -0.358854 -0.323713 -0.000037 -0.000001 0.000000 -0.970198 -1.216067 -1.770926 -2.059965 -2.200724 -2.288386 -2.082391 -2.039202 -1.895954 -0.000028 -0.000067 -0.000033 -0.000024 -0.000028 -0.000029 -0.000028 -0.000082 -0.000332 -0.000177 -0.000036 -0.000019 -0.000019 -0.000004 -0.000000 0.000000 -0.000140 -0.000003 0.000000 -9999.000000 -9999.000000 -9999.000000 -9999.000000 -9999.000000 -9999.000000 -9999.000000 -9999.000000 -9999.000000 -9999.000000 -9999.000000 -9999.000000 -9999.000000 -9999.000000 -9999.000000 -9999.000000 -9999.000000 -9999.000000 -9999.000000 -9999.000000 -9999.000000 -9999.000000 -9999.000000 -9999.000000 -9999.000000
0.000008 0.000009 0.000007 0.000002 -0.000057 0.000000 0.000000 -0.000002 -0.000001 0.000000 -1.280027 -1.448405 -2.009942 -1.888809 -1.946495 -1.988974 -1.957451 -0.000027 -0.000017 -0.000044 -0.000033 -0.000057 -0.000110 -0.000153 -0.000131 -0.000048 -0.000032 -0.000017 -0.000023 -0.000006 -0.000000 -9999.000000 -9999.000000 -9999.000000 -9999.000000 -9999.000000 -9999.000000 -9999.000000 -9999.000000 -9999.000000 -9999.000000 -9999.000000 -9999.000000 -9999.000000 -9999.000000 -9999.000000 -9999.000000 -9999.000000 -9999.000000 -9999.000000 -9999.000000 -9999.000000 -9999.000000 -9999.000000 -9999.000000 -9999.000000 -9999.000000 -9999.000000 -9999.000000 -9999.000000
0.000022 0.000018 0.000015 0.000006 0.000163 -0.000060 -0.000126 -0.000013 -0.000003 0.000000 0.000000 0.000005 -1.736395 -1.806028 -2.068608 -2.288541 -2.411916 -2.135702 -1.692127 -0.000047 -0.000142 -0.000175 -0.000143 -0.000145 -0.000110 -0.000029 -0.000033 -0.000018 -0.000018 -0.000005 -0.000000 -9999.000000 -9999.000000 -9999.000000 -9999.000000 -9999.000000 -9999.000000 -9999.000000 -9999.000000 -9999.000000 -9999.000000 -9999.000000 -9999.000000 -9999.000000 -9999.000000 -9999.000000 -9999.000000 -9999.000000 -9999.000000 -9999.000000 -9999.000000 -9999.000000 -9999.000000 -9999.000000 -9999.000000 -9999.000000 -9999.000000 -9999.000000 -9999.000000 -9999.000000
0.000005 0.000008 0.000008 0.000013 0.000009 0.000012 -0.000011 -0.000009 -0.000006 -0.000000 0.000006 0.000013 0.000006 -1.441227 -1.833966 -2.170971 -2.124484 -2.017033 -1.805845 -1.688233 -0.000032 -0.000047 -0.000077 -0.000115 -0.000090 -0.000024 -0.000019 -0.000051 -0.000036 -0.000000 -9999.000000 -9999.000000 -9999.000000 -9999.000000 -9999.000000 -9999.000000 -9999.000000 -9999.000000 -9999.000000 -9999.000000 -9999.000000 -9999.000000 -9999.000000 -9999.000000 -9999.000000 -9999.000000 -9999.000000 -9999.000000 -9999.000000 -9999.000000 -9999.000000 -9999.000000 -9999.000000 -9999.000000 -9999.000000 -9999.000000 -9999.000000 -9999.000000 -9999.000000 -9999.000000
