001_floodsim/sample_code/hipims_case/output/hUx_1800.asc
ncols 269
nrows 269
xllcorner 0.000000
yllcorner 0.000000
cellsize 10.000000
NODATA_value -9999.000000
[rows 81 to 107 of 269, columns 183 to 243 of 269]
-0.000000 0.000019 0.000640 -0.035639 -0.000030 -0.000009 -0.000000 0.000048 0.000107 0.000164 0.001033 -0.016134 -0.033370 -0.029213 -0.013672 -0.002499 -0.001907 -0.007376 -0.000049 -0.000045 -0.000030 -0.000000 0.000022 0.000030 -0.000411 -0.000336 -0.000219 -0.000019 0.000000 0.000106 0.026004 -0.058874 -0.000214 -0.000122 -0.000075 -0.000044 -0.000016 0.000000 0.000067 0.013630 -0.019350 -0.000197 -0.000050 0.000000 0.000004 0.000043 0.000097 0.000086 0.000084 0.000059 0.000047 0.000251 -0.021802 -0.004010 -0.000241 -0.000188 -0.000325 -0.000219 -0.000174 -0.000125 -0.000044
-0.000000 0.000001 -0.007067 -0.013567 -0.000034 -0.000000 0.000020 0.000099 -0.002139 -0.084030 -0.134429 -0.156788 -0.166028 -0.145970 -0.105937 -0.055671 -0.031202 -0.005642 -0.000090 -0.000023 -0.000000 0.000010 0.000042 -0.000264 -0.000497 -0.000420 -0.000123 -0.000018 0.000000 0.000110 0.008595 -0.036403 -0.000130 -0.000000 0.000009 0.000015 -0.000000 0.000044 0.000129 0.056145 -0.000138 -0.000072 -0.000017 0.000000 0.000025 0.000083 0.000124 0.000110 0.000080 0.000075 -0.005740 -0.062715 -0.028449 -0.000248 -0.000181 -0.000222 -0.000228 -0.000149 -0.000135 -0.000099 -0.000043
-0.022255 -0.012445 -0.023620 -0.002906 -0.000006 -0.000000 -0.000348 -0.040842 -0.101486 -0.136886 -0.135493 -0.111790 -0.109060 -0.120525 -0.153322 -0.113504 -0.076556 -0.026312 -0.001876 -0.000007 -0.000000 -0.001522 -0.019764 -0.049806 -0.000429 -0.000212 -0.000115 -0.000007 0.000000 0.000081 0.004021 -0.043339 -0.000134 -0.000026 0.000000 -0.004206 -0.000017 0.000000 -0.023304 -0.019693 -0.000087 -0.000018 -0.000000 0.000008 0.000055 0.000113 0.000131 0.004383 -0.031313 -0.057423 -0.028034 -0.000194 -0.000185 -0.000201 -0.000150 -0.000176 -0.000177 -0.000108 -0.000089 -0.000062 -0.000023
-0.119962 -0.079569 -0.068555 -0.046197 -0.043395 -0.060016 -0.088846 -0.130403 -0.119716 -0.071189 -0.021652 -0.000354 -0.000042 -0.008917 -0.087576 -0.126768 -0.154617 -0.145370 -0.123756 -0.144601 -0.154247 -0.164697 -0.153594 -0.111968 -0.113070 -0.000188 -0.000050 -0.000000 0.000006 0.000068 0.009685 -0.020721 -0.000144 -0.000044 0.000000 0.000115 -0.011761 -0.021207 -0.024051 -0.000097 -0.000041 -0.000000 0.000013 0.000053 0.000099 0.000101 -0.000900 -0.009530 -0.005726 -0.000165 -0.000198 -0.000183 -0.000205 -0.000174 -0.000106 -0.000115 -0.000100 -0.000027 -0.000030 -0.000031 -0.000019
-0.082794 -0.102383 -0.105200 -0.105876 -0.117428 -0.122272 -0.135332 -0.102475 -0.056273 -0.024969 -0.000366 -0.000043 -0.000000 0.000009 0.000340 -0.040714 -0.116428 -0.133489 -0.143781 -0.155150 -0.167651 -0.133326 -0.123935 -0.120911 -0.115274 -0.033892 -0.000026 -0.000000 0.000538 -0.051389 -0.085291 -0.066589 -0.001608 -0.002415 -0.009498 -0.025295 -0.022598 -0.000175 -0.000100 -0.000033 0.000000 0.000014 0.000059 0.000106 0.007634 -0.088037 -0.109565 -0.022804 -0.000052 -0.000094 -0.000173 -0.000146 -0.000121 -0.000091 -0.000035 -0.000033 -0.000034 -0.000056 -0.000092 -0.000089 -0.000031
0.000061 -0.014335 -0.053348 -0.060747 -0.065247 -0.058355 -0.052944 -0.030731 -0.008603 -0.001224 -0.000292 -0.000073 -0.000016 -0.000000 0.000041 0.000123 0.018771 -0.006023 -0.036226 -0.048079 -0.004071 -0.000004 -0.000000 -0.060328 -0.184712 -0.201111 -0.176128 -0.163345 -0.148684 -0.121251 -0.093266 -0.122887 -0.030741 -0.021888 -0.014353 -0.000191 -0.000169 -0.000108 -0.000053 0.000000 0.000005 0.000056 0.000172 0.039943 -0.121710 -0.103037 -0.013587 -0.029536 -0.039112 -0.000112 -0.000064 -0.000058 -0.000047 -0.000053 -0.000069 -0.000024 -0.000000 -0.000131 -0.000118 -0.000042 -0.000019
0.000065 0.000105 0.004794 -0.004290 -0.007695 -0.009057 -0.002064 -0.000765 -0.000472 -0.000330 -0.000495 -0.000037 -0.000020 -0.000000 0.000024 0.000070 0.000796 0.000000 0.000047 -0.011523 -0.000363 -0.000014 -0.000000 0.000036 0.019320 -0.079688 -0.127135 -0.128318 -0.139324 -0.124894 -0.074441 -0.065463 -0.000822 -0.000175 -0.000165 -0.000141 -0.000167 -0.000118 -0.000018 0.000000 0.000049 0.042268 -0.164992 -0.081494 -0.001761 -0.000052 -0.000000 0.000011 -0.017838 -0.038255 -0.000150 -0.000137 -0.000111 -0.000091 -0.000061 -0.000015 -0.000000 -0.000179 -0.000104 -0.000088 -0.000028
0.000173 0.000161 0.000205 0.001097 -0.000064 -0.000100 -0.000129 -0.000178 -0.000193 -0.000101 -0.000242 -0.002216 -0.000303 -0.000000 0.000010 0.000054 0.000309 0.000000 0.000065 -0.001050 -0.000939 -0.000038 -0.000000 0.000025 0.000069 0.000083 0.000100 -0.000004 0.000000 0.002608 -0.055910 -0.153272 -0.000136 -0.000131 -0.000118 -0.000097 -0.000054 -0.000016 0.000000 0.000037 0.049688 -0.024691 -0.001131 -0.000283 -0.000180 -0.000043 -0.000000 0.000001 0.000031 -0.077721 -0.000319 -0.000137 -0.000061 -0.000065 -0.000083 -0.000042 -0.000014 -0.000301 -0.000206 -0.000169 -0.000084
0.000122 0.000207 0.000272 0.001967 -0.000051 -0.000072 -0.000142 -0.000319 -0.000096 -0.000023 -0.000000 -0.000427 -0.000101 -0.000025 0.000000 0.000038 0.000220 0.000000 0.000073 -0.000138 -0.001437 -0.000028 -0.000006 -0.000000 0.000017 0.000054 0.000142 0.000000 0.000014 0.000200 0.091092 -0.139389 -0.000046 -0.000048 -0.000053 -0.000063 -0.000016 0.000000 0.000038 0.034521 -0.291652 -0.042270 -0.000341 -0.000280 -0.000336 -0.000102 -0.000000 0.000000 0.000081 0.005502 -0.005596 -0.000868 -0.003556 -0.009579 -0.006876 -0.001291 -0.004192 -0.011537 -0.000275 -0.000163 -0.000021
0.000111 0.000205 0.000303 0.001637 -0.000022 -0.000000 0.000009 -0.000249 -0.000039 -0.000006 -0.000000 -0.000268 -0.000056 -0.000008 0.000000 0.000032 0.000350 0.000000 0.000064 0.000317 -0.002706 -0.001187 -0.000063 -0.000017 0.000000 0.000002 0.000039 0.000105 0.000166 0.000344 0.034818 -0.184799 -0.000161 -0.000150 -0.000083 -0.000021 -0.000000 0.000034 0.024858 -0.070328 -0.001044 -0.000236 -0.000277 -0.000342 -0.000175 -0.000076 -0.000003 0.000000 0.000064 0.012480 -0.085785 -0.034123 -0.009144 -0.001124 -0.012222 -0.024336 -0.014155 -0.007703 -0.022073 -0.015735 -0.000112
0.000092 0.000191 0.000254 0.000656 -0.000054 -0.000000 0.000013 -0.000079 -0.000085 -0.000018 -0.000000 -0.000178 -0.000040 -0.000000 0.000018 0.000064 0.000026 0.000001 0.000236 0.000533 -0.000147 -0.000482 -0.001896 -0.000519 -0.000162 0.000000 0.000018 0.000090 0.000214 0.000320 0.000410 -0.142799 -0.172922 -0.000191 -0.000053 -0.000001 -0.000000 -0.029504 -0.094316 -0.000202 -0.000150 -0.000088 -0.000117 -0.000199 -0.000097 -0.000074 -0.000015 0.000000 0.000049 0.000092 -0.000200 -0.000102 -0.000035 0.000000 0.000016 -0.000186 -0.000539 -0.000013 0.000000 -0.014431 -0.012162
0.000063 0.000177 0.000398 0.000047 -0.000067 -0.000000 0.000000 -0.000065 -0.000054 -0.000046 -0.000042 -0.000086 -0.000034 -0.000000 0.000033 0.000090 0.000001 0.000276 0.000208 0.000062 0.000028 -0.000000 -0.000170 -0.000097 -0.000046 0.000000 0.000018 0.000221 0.000448 0.000535 0.000346 0.001856 -0.139584 -0.275838 -0.157741 -0.185514 -0.192181 -0.137194 -0.000146 -0.000149 -0.000125 -0.000081 -0.000070 -0.000122 -0.000144 -0.000074 -0.000027 0.000000 0.000033 0.000066 -0.000004 -0.000085 -0.000043 0.000000 0.000036 0.000429 -0.001640 -0.000067 0.000000 0.000009 -0.005443
0.000058 0.000357 0.000204 -0.000389 -0.000076 -0.000017 0.000000 -0.000034 -0.000052 -0.000074 -0.000096 -0.000059 -0.000012 -0.000000 0.000030 0.000077 0.000035 0.000063 -0.000000 0.000006 -0.000002 -0.000042 -0.000094 -0.000040 -0.000012 0.000000 0.000101 0.000165 0.000182 0.000211 0.000209 0.000150 0.003114 0.003702 -0.000038 -0.000022 -0.017231 -0.039835 -0.000058 -0.000055 -0.000045 -0.000041 -0.000046 -0.000093 -0.000095 -0.000054 -0.000024 0.000000 0.000019 0.000044 0.000042 -0.000056 -0.000032 -0.000000 0.000029 0.000961 -0.000522 -0.000027 0.000000 0.000021 0.001076
0.000147 0.000213 0.000096 -0.000065 -0.000060 -0.000023 0.000000 -0.000045 -0.000053 -0.000062 -0.000048 -0.000017 -0.000010 -0.000000 0.000014 0.000059 0.000089 0.000095 -0.000019 -0.000002 0.000000 0.000006 -0.000002 -0.000007 0.000000 0.000028 0.000113 0.000119 0.000098 0.000116 0.000128 0.000078 0.006782 0.000613 -0.000018 0.000000 0.000022 -0.037591 -0.011349 -0.000138 -0.000160 -0.000147 -0.000086 -0.000029 -0.000021 -0.000014 -0.000007 0.000000 0.000007 0.000009 -0.000045 -0.000032 -0.000012 -0.000000 0.000075 0.001764 -0.000088 -0.000046 0.000000 0.000039 0.000918
0.000073 0.000121 0.000024 -0.000027 -0.000030 -0.000016 0.000000 0.000001 -0.000013 -0.000015 -0.000026 -0.000059 -0.000034 -0.000009 0.000000 0.000015 0.000030 -0.000176 -0.000066 -0.000018 0.000000 0.000008 0.000029 0.000024 0.000028 0.000055 0.000096 0.000055 0.000039 0.000042 0.000047 0.003444 0.006701 -0.000127 -0.000025 0.000000 0.000018 0.011427 -0.258523 -0.025179 -0.000206 -0.000191 -0.000126 -0.000074 -0.000043 -0.000013 -0.000000 0.000001 -0.000025 -0.000035 -0.000093 -0.000078 -0.000019 -0.000000 0.000033 0.000218 -0.000080 -0.000026 0.000000 0.000022 -0.000914
0.000024 0.000045 -0.000018 -0.000034 -0.000008 0.000000 0.000004 0.000040 0.000084 -0.000001 -0.000052 -0.000088 -0.000071 -0.000042 -0.000014 0.000000 0.000004 -0.000160 -0.000051 -0.000011 0.000000 0.000010 0.000016 0.000022 0.000018 0.000018 0.000027 0.000083 0.000142 0.000156 0.000129 0.079094 -0.002597 -0.000137 -0.000052 0.000000 0.000026 0.013848 0.006020 -0.010696 -0.029254 -0.030141 -0.000120 -0.000136 -0.000152 -0.000142 -0.000203 -0.000628 -0.001645 -0.001991 -0.001084 -0.000472 -0.000066 -0.000000 0.000062 0.000368 -0.000197 -0.000071 0.000000 0.000055 -0.000314
0.000130 -0.000044 -0.000039 -0.000016 -0.000009 0.000000 0.000025 0.000074 0.000124 0.000176 -0.000029 -0.000079 -0.000076 -0.000059 -0.000058 -0.000035 -0.000022 -0.000029 -0.000023 -0.000009 0.000000 0.000016 0.000042 0.000072 0.000057 0.000047 0.000070 0.000130 0.000189 0.000166 0.068846 -0.002685 -0.000159 -0.000110 -0.000028 0.000000 0.000024 0.028550 -0.000034 -0.000001 0.000000 -0.022334 -0.006982 -0.006939 -0.007641 -0.005794 -0.004987 -0.002463 -0.001366 -0.000494 -0.000343 -0.000153 -0.000049 -0.000000 0.000030 0.000014 -0.000121 -0.000045 0.000000 0.000041 -0.000612
0.000109 -0.000143 -0.000070 -0.000048 -0.000020 0.000000 0.000034 0.000104 0.000154 0.000135 -0.000063 -0.000057 -0.000077 -0.000108 -0.000176 -0.000128 -0.000062 -0.000039 -0.000012 -0.000002 0.000000 0.000001 0.000032 0.000096 0.000123 0.000139 0.000145 0.000162 0.000213 0.018899 -0.002426 -0.000212 -0.000093 -0.000024 -0.000003 0.000000 0.000090 0.253230 -0.000046 -0.000000 0.000003 -0.003729 -0.000099 -0.000100 -0.000072 -0.000129 -0.000217 -0.000118 -0.000087 -0.000133 -0.000281 -0.000342 -0.000140 -0.000000 0.000013 -0.000147 -0.000110 -0.000037 0.000000 0.000063 -0.000982
0.000157 -0.000437 -0.000154 -0.000063 -0.000014 0.000000 0.000034 0.000122 0.000222 0.000320 -0.000129 -0.000197 -0.000360 -0.000272 -0.000111 -0.000065 -0.000033 -0.000003 -0.000004 -0.000014 -0.000009 0.000000 0.000030 0.000283 0.000728 0.001422 0.002155 0.002246 0.011760 -0.001337 -0.000160 -0.000215 -0.000183 -0.000055 0.000000 0.000030 0.000429 -0.065199 -0.000119 -0.000000 0.000020 -0.010662 -0.000109 -0.000075 -0.000042 -0.000062 -0.000110 -0.000064 -0.000017 -0.000015 -0.000089 -0.000149 -0.000094 -0.000004 0.000000 -0.000129 -0.000074 -0.000015 0.000000 0.000117 -0.001438
0.000070 -0.000464 -0.000112 -0.000073 -0.000007 0.000000 0.000035 0.000131 0.000124 0.001116 -0.001280 -0.000313 -0.000189 -0.000184 -0.000199 -0.000092 -0.000025 -0.000004 -0.000115 -0.000543 -0.000561 -0.000179 -0.000000 0.000003 0.000028 0.000042 0.000255 0.001954 -0.000331 -0.000162 -0.000206 -0.000216 -0.000115 -0.000035 0.000000 0.000034 0.000170 -0.035320 -0.000072 -0.000000 0.000168 -0.025154 -0.000049 -0.000040 -0.000032 -0.000050 -0.000098 -0.000059 -0.000024 -0.000015 -0.000045 -0.000096 -0.000059 -0.000005 0.000000 -0.000033 -0.000026 -0.000003 0.000000 0.000344 -0.000528
0.000092 -0.000602 -0.000155 -0.000069 -0.000001 0.000000 0.000036 0.000120 0.004852 -0.016648 -0.009221 -0.011148 -0.005869 -0.006107 -0.007868 -0.000537 -0.000428 -0.001107 -0.002429 -0.000421 -0.000266 -0.000198 -0.000013 0.000000 0.000244 0.000740 0.000825 0.001260 -0.000997 -0.000127 -0.000158 -0.000176 -0.000103 -0.000025 0.000000 0.000089 0.000173 -0.003598 -0.000035 -0.000000 0.000051 -0.023922 -0.001345 -0.000133 -0.000102 -0.000079 -0.000044 -0.000048 -0.000045 -0.000069 -0.000076 -0.000093 -0.000052 -0.000017 0.000000 0.000007 0.000025 0.000018 0.000053 0.000291 -0.000169
-0.000768 -0.000462 -0.000129 -0.000022 -0.000000 0.000002 0.000045 0.004622 -0.074873 -0.000172 -0.000105 -0.000160 -0.000085 -0.000004 -0.000511 -0.016501 -0.004496 -0.001898 -0.000272 -0.000202 -0.000144 -0.000054 -0.000000 0.000005 0.000098 0.000206 0.000284 0.001219 -0.000258 -0.000269 -0.000197 -0.000154 -0.000080 -0.000010 0.000000 0.000057 0.000121 0.030540 -0.000120 -0.000000 0.000012 -0.005428 -0.001244 -0.002440 -0.001581 -0.001236 -0.001142 -0.000897 -0.000090 -0.000035 -0.000043 -0.000044 -0.000030 -0.000014 0.000000 0.000005 0.000013 0.000034 0.000087 -0.000008 -0.000193
-0.019485 -0.010068 -0.000120 -0.000026 -0.000000 0.000003 -0.010235 -0.017400 -0.000178 -0.000135 -0.000133 -0.000118 -0.000045 -0.000004 0.000000 0.000006 -0.000673 -0.000393 -0.000247 -0.000169 -0.000142 -0.000070 -0.000013 -0.000000 0.000040 0.000135 0.000252 0.000759 -0.000081 -0.000143 -0.000115 -0.000058 -0.000021 0.000000 0.000008 0.000027 0.000048 0.039668 -0.004605 -0.000019 -0.000000 -0.014110 -0.000047 -0.000072 -0.000147 -0.000124 -0.000196 -0.000338 -0.000428 -0.000180 -0.000095 -0.000107 -0.000109 -0.000058 -0.000048 -0.000055 -0.000015 -0.000000 0.000006 -0.000262 -0.000176
-0.001193 -0.003480 -0.015993 -0.014626 -0.018967 -0.023326 -0.019624 -0.000163 -0.000146 -0.000112 -0.000081 -0.000071 -0.000054 -0.000017 0.000000 0.000020 0.000109 -0.000294 -0.000557 -0.000285 -0.000126 -0.000104 -0.000033 -0.000000 0.000020 0.000104 0.000260 0.000286 -0.000063 -0.000097 -0.000067 -0.000019 0.000000 0.000009 0.000042 0.000091 0.002204 0.029816 -0.135816 -0.000031 -0.000000 0.000303 -0.272238 -0.006947 -0.000037 -0.000030 -0.000034 -0.000044 -0.000056 -0.000077 -0.000029 -0.000015 -0.000078 -0.000089 -0.000130 -0.000193 -0.000157 -0.000071 -0.000089 -0.000119 -0.000169
-0.000007 0.000000 0.000001 -0.000124 -0.000077 -0.000116 -0.000119 -0.000062 -0.000067 -0.000073 -0.000025 -0.000029 -0.000028 -0.000013 0.000000 0.000007 -0.000031 -0.000103 -0.000263 -0.000449 -0.000302 -0.000098 -0.000043 -0.000000 0.000004 0.000064 0.000218 0.000008 -0.000041 -0.000047 -0.000021 0.000000 0.000017 0.000067 0.002819 0.003813 0.001612 0.000513 -0.022283 -0.000083 -0.000013 -0.000000 0.001341 -0.300698 -0.020920 -0.000144 -0.000144 -0.000290 -0.000671 -0.000735 -0.000887 -0.003621 -0.003368 -0.000243 -0.000357 -0.000298 -0.000094 -0.000051 -0.000060 -0.000073 -0.000127
-0.000006 0.000000 0.000003 -0.000135 -0.000060 -0.000066 -0.000066 -0.000019 0.000000 0.000006 -0.000023 -0.000040 -0.000066 -0.000062 -0.000040 -0.000033 -0.000065 -0.000119 -0.000133 -0.000170 -0.000202 -0.000213 -0.000064 -0.000004 0.000000 0.000034 0.000184 -0.000011 -0.000008 -0.000001 0.000000 0.000021 0.000070 0.001684 0.015608 -0.000015 0.000000 0.000050 0.006450 -0.034383 -0.000063 -0.000000 0.000004 0.000022 -0.001844 -0.011841 -0.016266 -0.010169 -0.010325 -0.011824 -0.007948 -0.000547 -0.000617 -0.037475 -0.000219 -0.000180 -0.000152 -0.000146 -0.000157 -0.000106 -0.000042
0.000000 0.000007 0.000023 -0.000053 -0.000039 -0.000010 -0.000007 0.000000 0.000021 0.000043 0.000078 -0.000222 -0.000117 -0.000105 -0.000131 -0.000149 -0.000144 -0.000088 -0.000165 -0.000126 -0.000134 -0.000126 -0.000066 -0.000024 0.000000 0.000008 0.000018 -0.000004 0.000000 0.000006 0.000052 0.000403 0.000674 0.000205 -0.000044 -0.000009 0.000000 0.000053 0.000650 -0.901494 -0.000117 -0.000028 -0.000000 0.000004 0.000009 0.000011 -0.000793 -0.000113 -0.000050 -0.000000 -0.000115 -0.000017 0.000000 -0.000526 -0.015863 -0.002631 -0.000252 -0.000208 -0.000227 -0.000179 -0.000126
