001_floodsim/sample_code/hipims_case/output/hUy_2700.asc
ncols 269
nrows 269
xllcorner 0.000000
yllcorner 0.000000
cellsize 10.000000
NODATA_value -9999.000000
[rows 112 to 139 of 269, columns 183 to 243 of 269]
-0.001329 -0.000420 -0.000106 -0.000142 -0.000178 -0.003213 -0.002248 -0.000598 -0.000165 -0.000030 -0.000026 -0.000012 -0.000018 -0.000005 0.000000 0.000000 0.000000 -0.000144 -0.000071 -0.000034 -0.000163 -0.000852 -0.000058 -0.004072 -0.135270 -0.000216 0.000035 0.000020 0.000025 0.000000 0.000000 0.000000 -0.000006 -0.000005 -0.000023 0.000041 0.000125 0.000244 0.025736 -0.000000 -0.000000 -0.000003 -0.000031 -0.000047 -0.000025 -0.000003 0.000000 0.000000 -0.000020 -0.000043 -0.000069 -0.000502 -0.000108 -0.000087 -0.000063 -0.000131 -0.000066 -0.000120 -0.000070 -0.000070 -0.000062
-0.006678 -0.002320 -0.000234 -0.000121 -0.000060 -0.007931 -0.001960 -0.000302 -0.000129 -0.000173 -0.000114 -0.000087 -0.000074 -0.000053 -0.000039 -0.000041 -0.000023 -0.000507 -0.000116 -0.000045 -0.000185 -0.003477 -0.002186 -0.002864 0.000020 0.000002 -0.000000 -0.000000 -0.000000 -0.000007 -0.000039 -0.000021 -0.000052 -0.000020 0.000005 0.000077 0.000042 0.000060 0.027500 0.089128 -0.000013 -0.000062 -0.000202 -0.000148 -0.000106 -0.000052 -0.000055 -0.000032 -0.000086 -0.000122 -0.000297 -0.038486 -0.008513 -0.010279 -0.016117 -0.008220 -0.004076 -0.001033 -0.001214 -0.002562 -0.003995
0.009383 0.003823 0.000031 0.000720 -0.003856 0.005937 0.001926 -0.000682 -0.000513 -0.000287 -0.000255 -0.000237 -0.000131 -0.000188 -0.000110 -0.000050 -0.000108 -0.001210 -0.000155 -0.000055 -0.006458 -0.031638 -0.000667 -0.000000 -0.000000 -0.000000 -0.000019 -0.000042 -0.000030 -0.000091 -0.000145 -0.000405 -0.000118 -0.000033 -0.000000 0.000020 0.000040 0.000069 0.001280 0.031603 0.008300 -0.001356 -0.007188 -0.000165 -0.000162 -0.000117 -0.000059 -0.000106 -0.005161 -0.082350 0.004057 0.008946 0.000248 0.000807 0.001059 0.001685 0.002549 0.011789 0.004611 0.002749 0.000480
0.001493 0.000454 0.000136 0.000724 0.000081 0.009545 0.001523 0.000132 0.000000 -0.000095 -0.000174 -0.000215 -0.000177 -0.000159 -0.000104 -0.000042 -0.000107 -0.000826 -0.004428 -0.003784 -0.002297 0.000022 -0.000000 -0.000003 -0.000055 -0.000084 -0.000104 -0.000056 -0.000104 -0.000178 -0.000820 -0.000386 -0.000124 -0.000113 -0.000012 -0.000000 0.000044 0.000138 0.002648 0.001178 0.001992 0.004492 0.011711 0.240926 -0.006572 -0.000603 -0.001520 -0.280839 0.007793 0.001342 0.000077 0.000068 0.000052 0.000123 0.000092 0.000064 0.000143 0.000206 0.000250 0.000194 0.000155
0.001183 0.000152 0.000037 0.000116 0.000185 0.002747 0.001400 0.000933 0.000947 0.000337 -0.000166 -0.000134 -0.000135 -0.000131 -0.000103 -0.000041 -0.000120 -0.000444 -0.006772 -0.000853 -0.000000 -0.000000 -0.000046 -0.000097 -0.000281 -0.000181 -0.000136 -0.000055 -0.000141 -0.000220 -0.001463 -0.000317 -0.000174 -0.000122 -0.000043 0.000016 0.000064 0.000180 0.001570 0.000416 0.000266 0.000207 0.000081 0.000135 0.019202 0.017125 0.012290 0.015088 0.000093 0.000015 0.000007 0.000000 0.000000 0.000000 0.000000 0.000000 0.000000 0.000027 0.000131 0.000097 0.000051
0.001649 0.000132 0.000046 0.000140 0.000225 0.000672 0.001215 0.000219 0.000101 0.000062 0.000033 -0.000209 -0.000176 -0.000206 -0.000161 -0.000049 -0.000150 -0.005813 -0.002717 -0.000329 -0.000041 -0.000073 -0.000063 -0.000196 -0.000903 -0.000273 -0.000165 -0.000058 -0.000176 -0.000239 -0.002346 -0.000396 -0.000325 -0.000121 -0.000034 0.000007 0.000041 0.000232 0.000836 0.000299 0.000260 0.000229 0.000179 0.000093 0.000536 0.000174 0.000115 0.000063 0.000029 -0.000000 -0.000000 -0.000018 -0.000205 -0.000093 -0.000098 -0.000161 -0.000005 0.000000 0.000008 0.000016 -0.000000
0.002523 0.000134 0.000045 0.000130 0.000296 0.001282 0.000377 0.000221 -0.000000 -0.000000 -0.000000 -0.000000 -0.000084 -0.000090 -0.000187 -0.000150 -0.000180 -0.009464 -0.001285 -0.000193 -0.000130 -0.000152 -0.000065 -0.000208 -0.001641 -0.000195 -0.000088 -0.000127 -0.000204 -0.004475 -0.000422 0.000264 0.000065 0.000031 -0.000020 0.000000 0.000006 0.000220 0.000143 0.000193 0.000186 0.000183 0.000189 0.000120 0.000167 0.000074 0.000026 0.000000 0.000000 -0.000038 -0.000221 -0.000044 -0.000244 -0.000672 -0.000222 -0.000186 -0.000009 -0.000000 0.000000 0.000000 -0.000049
0.004223 0.000177 0.000058 0.000151 0.000340 0.000672 0.000325 0.000506 0.000724 0.000390 -0.000407 -0.000373 -0.001494 -0.001142 -0.009146 -0.030624 -0.198133 -0.115254 -0.000750 -0.000241 -0.000184 -0.000150 -0.000058 -0.001007 -0.001052 -0.000149 -0.000056 -0.000135 -0.005570 -0.001437 0.000021 0.000018 0.000034 0.000013 -0.000000 -0.000015 0.000000 0.000000 0.000003 0.000046 0.000064 0.000085 0.000060 0.000025 0.000016 0.000000 0.000000 -0.000013 -0.000033 -0.000138 -0.000287 -0.000223 -0.007096 -0.005020 -0.000932 -0.000146 -0.000068 -0.000085 -0.000064 -0.000032 -0.000674
0.003815 0.000236 0.000062 0.000160 0.000366 0.000307 0.000299 0.000663 0.000272 0.000347 0.000965 0.003877 0.127512 0.008598 -0.051907 -0.002351 -0.006610 -0.033409 -0.002861 -0.000179 -0.000149 -0.000068 -0.000109 -0.002050 -0.000742 -0.000508 -0.000887 -0.002115 -0.002568 0.000003 -0.000000 -0.000000 -0.000000 -0.000000 -0.000028 -0.000133 -0.000051 -0.000019 0.000000 0.000000 0.000000 0.000008 0.000000 0.000000 0.000000 -0.000026 -0.000053 -0.000062 -0.000105 -0.000228 -0.001309 -0.087511 -0.000549 0.000452 0.002679 0.006844 -0.001980 -0.003146 -0.001034 -0.002051 -0.000359
0.002583 0.000231 0.000087 0.000106 0.000253 0.000372 0.000254 0.000752 0.000565 0.000595 0.000780 0.002095 0.191049 0.067368 -0.028687 0.019250 0.081206 -0.071235 0.005737 -0.102897 -0.000100 -0.000405 -0.124903 -0.252844 -0.163263 -0.114920 -0.023533 -0.001608 -0.000599 -0.000000 -0.000004 -0.000035 -0.000049 -0.000072 -0.000244 -0.000251 -0.000144 -0.000067 -0.000021 -0.000045 -0.000015 -0.000000 -0.000017 -0.000177 -0.000034 -0.000104 -0.000159 -0.000182 -0.000215 -0.000882 -0.006582 0.001178 0.000134 0.000173 0.000291 0.000383 0.001349 0.001186 0.000750 0.000130 0.000217
0.001726 0.000215 0.000142 0.000046 0.000144 0.000318 0.000223 0.000332 0.000553 0.000651 0.000750 0.001263 0.001438 0.001260 0.001517 0.002389 0.393613 -0.034750 0.017217 0.017741 -0.043592 -0.058154 -0.131792 0.184209 0.112130 0.061823 0.229436 0.013714 -0.000241 -0.000076 -0.000090 -0.000105 -0.000289 -0.000254 -0.000119 -0.000158 -0.000158 -0.000133 -0.000102 -0.000177 -0.000056 -0.000031 -0.000073 -0.000210 -0.000413 -0.000089 -0.000158 -0.000224 -0.000229 -0.010154 -0.001547 0.000082 0.000100 0.000062 0.000181 0.000134 0.000075 0.000765 0.000284 0.000220 0.000132
0.001308 0.000260 0.000089 0.000037 0.000131 0.000182 0.000392 0.000292 0.000340 0.000533 0.000575 0.000973 0.001141 0.001349 0.001258 0.000392 0.000284 0.064516 0.015088 0.061215 -0.080361 0.078886 0.000441 0.000192 0.000164 0.000056 0.000146 0.088959 0.004491 -0.000246 -0.000183 -0.000388 -0.000276 -0.000081 -0.000011 -0.000077 -0.000208 -0.000090 -0.000607 -0.000236 -0.000132 -0.000126 -0.000067 -0.000211 -0.000557 -0.000224 -0.000226 -0.001448 -0.189179 0.004732 0.000054 0.000051 0.000016 0.000019 0.000032 0.000059 0.000082 0.000240 0.000155 0.000089 0.000072
0.000933 0.000330 0.000085 0.000035 0.000107 0.000148 0.000236 0.000560 0.000477 0.000375 0.000822 0.001284 0.001771 0.002230 0.000460 0.000050 0.000118 0.000140 0.016334 0.095914 -0.037967 0.000060 0.000133 0.000176 0.000145 0.000056 0.000141 0.000160 0.149380 -0.010481 -0.000325 -0.000377 -0.000221 -0.000145 -0.000143 -0.000336 -0.000212 -0.000068 -0.001546 -0.000284 -0.000188 -0.000141 -0.000053 -0.000175 -0.000410 -0.000364 -0.018483 -0.001918 0.000617 0.000044 0.000029 0.000013 0.000000 0.000000 0.000000 0.000000 0.000000 0.000009 0.000024 0.000000 0.000000
0.000068 0.000291 0.000061 0.000032 0.000089 0.000193 0.000175 0.000246 0.000764 0.000409 0.001021 0.001613 0.003070 0.000181 0.000141 0.000036 0.000058 0.000053 0.000038 0.018032 0.016291 0.000021 0.000095 0.000117 0.000104 0.000047 0.000119 0.000147 0.000174 0.117292 0.005004 -0.001035 -0.000293 -0.000296 -0.000241 -0.000541 -0.000125 -0.000156 -0.002299 -0.000243 -0.000203 -0.000128 -0.000043 -0.000141 -0.000285 -0.000386 -0.015176 0.000001 -0.000000 -0.000000 -0.000000 -0.000000 -0.000009 -0.000057 -0.000042 -0.000053 -0.000029 0.000000 0.000000 -0.000054 -0.000227
0.000000 0.000000 0.000005 0.000013 0.000059 0.000170 0.000153 0.000249 0.000533 0.000377 0.001366 0.002078 0.000157 0.000123 0.000114 0.000018 0.000000 0.000000 0.000000 0.000500 0.030276 0.000000 0.000018 0.000028 0.000039 0.000024 0.000056 0.000111 0.000159 0.000544 0.077168 0.112759 -0.068607 -0.000340 -0.000257 -0.000538 -0.000074 -0.001301 -0.000980 -0.000235 -0.000158 -0.000254 -0.000122 -0.000089 -0.000262 -0.023901 -0.002494 -0.000000 -0.000016 -0.000021 -0.000025 -0.000059 -0.000251 -0.000286 -0.000228 -0.000147 -0.000092 -0.000023 -0.000068 -0.000140 -0.000608
-0.000036 -0.000002 0.000000 0.000000 0.000026 0.000104 0.000046 0.000153 0.000446 0.000402 0.001825 0.000371 0.000090 0.000035 0.000086 0.000000 -0.000024 -0.000005 0.001089 0.001124 0.019644 0.000000 0.000000 0.000000 0.000000 0.000000 0.000000 0.000040 0.000104 0.000308 0.000185 0.000229 0.115291 -0.002775 -0.006830 0.031818 0.032191 0.075346 -0.019733 -0.025789 -0.000228 -0.000229 -0.000088 -0.029197 -0.540897 0.019233 0.002488 0.004015 0.001438 0.001675 0.000002 -0.000162 0.000009 0.000150 0.000033 0.000026 -0.000000 -0.000043 -0.000122 -0.000174 -0.001129
-0.000090 -0.000110 -0.000054 -0.000025 0.000000 0.000034 0.000045 0.000013 0.000519 0.000236 0.001042 0.000670 0.000084 0.000027 0.000043 0.000000 0.000162 0.003553 0.001638 0.001000 0.013302 0.041211 -0.000042 -0.000048 -0.000058 -0.000049 -0.000010 -0.000000 0.000037 0.000164 0.000130 0.000195 0.000227 0.001451 0.000971 0.000352 0.000136 0.000046 0.025586 0.138000 -0.023478 -0.007892 -0.018458 -0.017147 0.000029 0.000075 0.000110 0.000105 0.000307 0.000273 0.000297 0.000102 0.000079 0.000078 0.000015 -0.000000 -0.000027 -0.000097 -0.000171 -0.000225 -0.001628
-0.001327 -0.001049 -0.000129 -0.000075 -0.000000 0.000021 0.000083 0.001997 0.000091 0.000106 0.000175 0.001289 0.000108 0.000012 0.000000 0.000000 0.001795 0.000038 0.000129 0.000234 0.000243 0.011193 -0.171088 -0.000124 -0.000146 -0.000128 -0.000072 -0.000019 -0.000000 0.000040 0.000066 0.000132 0.000180 0.000219 0.001648 0.000435 0.000133 0.000046 0.000126 0.000249 0.061555 0.087181 0.007680 0.000000 0.000000 0.000000 0.000000 0.000015 0.000050 0.000070 0.000379 0.000085 0.000048 0.000035 -0.000000 -0.000027 -0.000101 -0.000246 -0.000198 -0.000257 -0.016622
0.002103 0.001675 -0.000224 -0.000088 -0.000000 0.000015 0.000078 0.000668 0.000161 0.000047 0.000137 0.000594 0.000102 0.000000 -0.000024 -0.000083 0.001966 0.000039 0.000163 0.000146 0.000082 0.000099 0.006304 -0.023836 -0.000165 -0.000168 -0.000096 -0.000094 -0.000013 0.000000 0.000000 0.000050 0.000113 0.000171 0.000932 0.000536 0.000130 0.000045 0.000105 0.000381 0.000310 0.000808 0.029885 0.005168 -0.000048 -0.000033 -0.000050 0.000000 0.000000 0.000000 0.000000 0.000011 0.000002 -0.000000 -0.000017 -0.000101 -0.000176 -0.000256 -0.000199 -0.022165 -0.042003
0.000126 0.000046 0.001861 -0.000041 0.000000 0.000000 0.000043 0.000248 0.000112 0.000040 0.000106 0.000229 0.000081 -0.000000 -0.000172 0.034287 0.000035 0.000074 0.000111 0.000004 0.000000 0.000000 0.000000 0.038899 -0.000390 -0.000109 -0.000073 -0.000153 -0.000038 -0.000046 -0.000009 0.000001 0.000043 0.000101 0.000157 0.000890 0.000120 0.000045 0.000122 0.000567 0.000234 0.000257 0.000189 0.025822 -0.019001 -0.000131 -0.000144 -0.000096 -0.000085 -0.000046 -0.000037 -0.000000 -0.000000 -0.000018 -0.000062 -0.000143 -0.000163 -0.000223 -0.019563 -0.089295 0.000432
0.000124 0.000038 0.002092 0.001579 -0.000026 -0.000008 0.000000 0.000000 0.000054 0.000024 0.000057 0.000081 0.000022 -0.000001 0.000106 0.000618 0.000030 0.000033 0.000000 0.000000 -0.000021 -0.000004 0.000126 0.009196 0.000401 0.000126 0.000067 0.000298 0.000153 0.000274 0.000062 -0.000003 0.000049 0.000032 0.000100 0.000511 0.000093 0.000047 0.000135 0.000529 0.000041 0.000111 0.000100 0.000168 0.043692 -0.024759 -0.022972 -0.000207 -0.000207 -0.000190 -0.000106 -0.000098 -0.000032 -0.000134 -0.000100 -0.000153 -0.000208 -0.017663 -0.049696 0.000252 0.000027
0.000077 0.000029 0.000091 0.003566 -0.000083 -0.000034 -0.000043 -0.000002 0.000000 0.000000 0.000010 0.000036 0.000017 0.000062 0.000498 0.000056 0.000019 0.000000 -0.000012 0.000036 0.000395 -0.000019 0.000160 0.001908 0.000036 0.000015 0.000013 0.000060 0.000070 0.000083 0.000215 0.000170 0.000037 0.000022 0.000062 0.000229 0.000032 0.000065 0.000101 0.000249 0.000027 0.000032 0.000021 0.000194 0.000178 0.005530 -0.003315 -0.293576 -0.050905 -0.024201 -0.000186 -0.000153 -0.000052 -0.000273 -0.000150 -0.000218 -0.000249 -0.017225 -0.000158 0.000000 0.000000
0.000004 0.000014 0.000119 0.001369 0.000547 0.000176 0.000364 0.000081 -0.000008 -0.000010 0.000000 0.000007 0.000007 0.000016 0.000116 0.000005 0.000005 -0.000001 -0.000053 0.000299 0.000122 0.000012 0.000000 0.000536 0.000010 0.000000 0.000000 0.000002 0.000003 0.000005 0.000009 0.000017 0.000014 0.000021 0.000008 0.000038 0.000011 0.000020 0.000111 0.000015 0.000006 0.000000 0.000080 0.000288 0.000007 0.000016 0.001051 0.000022 0.000007 0.175814 -0.324750 -0.053394 -0.039946 -0.078495 -0.135588 -0.061178 -0.037045 -0.006277 0.000004 -0.000000 -0.000000
0.000005 0.000012 0.000212 0.000422 0.000047 0.000042 0.000018 0.000006 0.095419 -0.000104 -0.000001 0.000003 0.000012 0.000023 0.000057 0.000003 0.000000 -0.000003 0.000307 0.000006 0.000016 0.000002 -0.000002 0.060900 0.000003 0.000000 0.000000 0.000000 0.000000 0.000000 0.000000 0.000000 0.000005 0.000014 0.000007 0.000005 0.000015 0.000020 0.000067 0.000007 0.000010 0.000063 0.000219 0.000017 0.000007 0.000014 0.000478 0.000032 0.000009 0.000014 0.000022 0.006416 0.144798 0.006009 0.000014 0.000005 0.012553 0.001782 0.000000 0.000000 0.000000
0.000005 0.000012 0.000404 0.000040 0.000038 0.000057 0.000014 0.000008 0.000022 0.003536 -0.000003 0.000004 0.000014 0.000023 0.000009 0.000000 0.000000 0.000109 0.000488 0.000005 0.000015 0.000012 0.000019 0.004093 -0.000000 -0.000000 -0.000001 -0.000001 -0.000002 -0.000002 -0.000004 -0.000000 0.000000 0.000000 0.000000 0.000002 0.000007 0.000013 0.000026 0.000013 0.000015 0.000128 0.000020 0.000012 0.000007 0.000011 0.000367 0.000039 0.000015 0.000006 0.000017 0.000035 0.000320 0.000026 0.000014 0.000005 0.000035 0.002680 0.000109 -0.000001 -0.000000
0.000003 0.000008 0.000437 0.000023 0.000007 0.000109 0.000016 0.000007 0.000022 0.000224 0.000008 0.000005 0.000011 0.000003 0.000000 -0.000000 0.000005 0.000357 0.000013 0.000005 0.000013 0.000014 0.000016 0.002915 0.000279 -0.000002 -0.000005 -0.000009 -0.000010 -0.000024 -0.000018 -0.000011 -0.000008 -0.000004 -0.000001 0.000000 0.000000 0.000005 0.000007 0.000005 0.000008 0.000071 0.000012 0.000003 0.000009 0.000016 0.000401 0.000050 0.000020 0.000006 0.000014 0.000056 0.000228 0.000021 0.000010 0.000004 0.000031 0.000204 0.002062 -0.000004 -0.000004
0.000000 0.000011 0.000365 0.000038 0.000006 0.000068 0.000024 0.000007 0.000020 0.000190 0.000023 0.000005 0.000007 0.000001 -0.000001 0.000006 0.000207 0.000013 0.000007 0.000003 0.000008 0.000011 0.000014 0.000044 0.002474 0.001273 -0.000031 -0.000014 -0.000016 -0.000040 -0.000027 -0.000025 -0.000023 -0.000018 -0.000010 -0.000007 -0.000003 0.000000 0.000000 0.000000 0.000000 0.000009 0.000004 0.000001 0.000007 0.000015 0.000350 0.000064 0.000021 0.000010 0.000012 0.000074 0.000117 0.000014 0.000004 0.000005 0.000047 0.000338 0.002885 0.001180 -0.000010
0.000008 0.000018 0.000221 0.000074 0.000000 0.000009 0.000024 0.000006 0.000018 0.000148 0.000040 0.000005 0.000005 0.000005 0.000017 0.000099 0.000007 0.000005 0.000001 0.000000 0.000001 0.000004 0.000005 0.000052 0.000915 0.000004 0.001609 0.001212 0.000255 0.000899 -0.000093 -0.000442 -0.000032 -0.000024 -0.000030 -0.000014 -0.000010 -0.000003 -0.000006 -0.000004 -0.000000 -0.000000 -0.000000 0.000000 0.000007 0.000013 0.000184 0.000082 0.000028 0.000018 0.000006 0.000105 0.000023 0.000011 0.000002 0.000001 0.000160 0.000561 0.000010 0.002424 0.003754
