001_floodsim/sample_code/hipims_case/output/hUy_5400.asc
ncols 269
nrows 269
xllcorner 0.000000
yllcorner 0.000000
cellsize 10.000000
NODATA_value -9999.000000
[rows 108 to 134 of 269, columns 183 to 243 of 269]
-0.000001 -0.000002 -0.000007 -0.000000 -0.000000 -0.000000 -0.000003 -0.000005 -0.000009 -0.000207 -0.000141 -0.000058 -0.000096 -0.000077 -0.000051 -0.000178 -0.000008 0.000001 0.000001 0.000001 0.000001 0.000000 0.000000 0.000000 0.000000 0.000000 0.000000 0.000000 0.000000 0.000000 0.000005 0.000013 0.000016 0.000016 0.000032 0.000001 0.000000 0.000000 0.000002 0.010011 -0.000017 0.000003 0.000012 0.000009 0.000003 0.000009 0.000120 0.000022 0.000013 0.000011 0.000019 0.000011 0.000003 0.000009 0.000283 0.000195 0.000368 0.000206 0.000065 0.000031 -0.000007
-0.000002 -0.000032 -0.000012 -0.000002 -0.000001 -0.000005 -0.000009 -0.000013 -0.000222 -0.000096 -0.000013 0.000000 0.000001 0.000007 0.000004 0.000060 0.000018 0.000001 0.000000 0.000000 -0.000000 -0.000000 -0.000001 -0.000002 -0.000002 -0.000004 -0.000018 -0.000004 -0.000003 -0.000001 0.000006 0.000012 0.000007 0.000007 0.000004 0.000000 -0.000001 -0.000001 -0.000000 0.002132 0.000007 0.000004 0.000005 0.000005 0.000002 0.000007 0.000071 0.000020 0.000014 0.000023 0.000009 0.000004 0.000002 0.000006 0.000062 0.000016 0.000014 0.000034 0.000027 0.000036 0.000047
-0.000004 -0.000074 -0.000015 -0.000007 -0.000003 -0.000010 -0.000015 -0.000264 -0.000107 -0.000020 -0.000006 -0.000000 0.000000 0.000001 0.000003 0.000012 0.000005 0.000000 -0.000000 -0.000000 -0.000003 -0.000009 -0.000006 -0.000003 -0.000006 -0.000010 -0.000077 -0.000024 -0.000020 0.000001 0.000005 0.000002 0.000003 0.000000 0.000000 -0.000000 -0.000004 -0.000005 -0.000005 0.002424 0.000005 0.000002 0.000001 0.000001 0.000001 0.000004 0.000031 0.000008 0.000005 0.000006 0.000002 0.000000 0.000000 0.000002 0.000019 0.000004 0.000002 0.000004 0.000001 0.000001 0.000003
-0.000070 -0.000055 -0.000016 -0.000006 -0.000009 -0.000014 -0.000357 -0.000152 -0.000025 -0.000005 -0.000004 -0.000000 -0.000000 0.000000 0.000000 0.000002 0.000000 -0.000000 -0.000002 -0.000001 -0.000007 -0.000035 -0.000005 -0.000008 -0.000012 -0.000182 -0.000040 0.000008 0.000002 0.000001 0.000001 0.000000 0.000000 0.000000 -0.000001 -0.000003 -0.000004 -0.000031 0.017624 0.000001 0.000001 0.000000 0.000000 0.000000 0.000000 0.000000 0.000004 0.000002 0.000000 0.000000 0.000000 -0.000009 -0.000002 0.000000 0.000000 0.000000 0.000000 0.000000 0.000000 0.000000 -0.000000
-0.000111 -0.000033 -0.000008 -0.000011 -0.000014 -0.000262 -0.000175 -0.000044 -0.000014 -0.000002 -0.000003 -0.000001 -0.000002 -0.000000 0.000000 0.000000 0.000000 -0.000012 -0.000006 -0.000003 -0.000014 -0.000072 -0.000004 -0.000336 -0.040094 -0.000013 0.000003 0.000002 0.000002 0.000000 0.000000 0.000000 -0.000001 -0.000000 -0.000002 0.000003 0.000010 0.000020 0.002154 -0.000000 -0.000000 -0.000000 -0.000002 -0.000004 -0.000002 -0.000000 0.000000 0.000000 -0.000002 -0.000003 -0.000005 -0.000041 -0.000009 -0.000007 -0.000005 -0.000011 -0.000005 -0.000010 -0.000006 -0.000005 -0.000005
-0.000090 -0.000018 -0.000011 -0.000009 -0.000005 -0.000302 -0.000098 -0.000023 -0.000011 -0.000016 -0.000010 -0.000007 -0.000006 -0.000004 -0.000003 -0.000003 -0.000002 -0.000042 -0.000009 -0.000004 -0.000014 -0.000294 -0.000178 -0.000230 0.000002 0.000000 -0.000000 -0.000000 -0.000000 -0.000001 -0.000003 -0.000002 -0.000004 -0.000002 0.000000 0.000006 0.000003 0.000005 0.002520 0.007077 -0.000001 -0.000005 -0.000017 -0.000012 -0.000009 -0.000004 -0.000004 -0.000003 -0.000007 -0.000010 -0.000012 -0.012401 -0.000678 -0.000845 -0.001466 -0.000571 -0.000340 -0.000088 -0.000096 -0.000206 -0.000319
0.003132 0.004804 -0.000449 -0.002554 -0.000419 -0.002973 -0.000045 -0.000062 -0.000044 -0.000026 -0.000023 -0.000020 -0.000011 -0.000017 -0.000009 -0.000004 -0.000009 -0.000114 -0.000012 -0.000004 -0.000537 -0.008876 -0.000053 -0.000000 -0.000000 -0.000000 -0.000002 -0.000003 -0.000002 -0.000007 -0.000012 -0.000034 -0.000009 -0.000003 -0.000000 0.000002 0.000003 0.000005 0.000111 0.001633 0.000767 -0.000119 -0.000787 -0.000013 -0.000013 -0.000010 -0.000005 -0.000008 -0.000478 -0.061297 0.000211 0.000917 0.000020 0.000067 0.000086 0.000139 0.000211 0.001038 0.000384 0.000237 0.000049
0.000013 0.000005 0.000002 0.000016 0.000004 0.000152 0.000030 0.000008 -0.000000 -0.000008 -0.000014 -0.000017 -0.000014 -0.000013 -0.000008 -0.000003 -0.000008 -0.000068 -0.000375 -0.000314 -0.000180 0.000002 -0.000000 -0.000000 -0.000004 -0.000007 -0.000008 -0.000004 -0.000008 -0.000014 -0.000069 -0.000031 -0.000010 -0.000009 -0.000001 -0.000000 0.000004 0.000011 0.000227 0.000100 0.000169 0.000370 0.000953 0.144248 -0.000633 -0.000008 -0.000003 -0.261560 0.000814 0.000199 0.000006 0.000005 0.000004 0.000010 0.000007 0.000005 0.000012 0.000017 0.000021 0.000016 0.000013
0.000026 0.000008 0.000003 0.000009 0.000014 0.000151 0.000084 0.000083 0.000088 0.000029 -0.000015 -0.000010 -0.000011 -0.000011 -0.000008 -0.000003 -0.000009 -0.000036 -0.000568 -0.000066 -0.000000 -0.000000 -0.000004 -0.000008 -0.000023 -0.000015 -0.000011 -0.000004 -0.000011 -0.000018 -0.000122 -0.000025 -0.000014 -0.000010 -0.000003 0.000001 0.000005 0.000014 0.000135 0.000037 0.000023 0.000016 0.000006 0.000010 0.001695 0.001457 0.001127 0.002090 0.000007 0.000001 0.000001 0.000000 0.000000 0.000000 0.000000 0.000000 0.000000 0.000002 0.000011 0.000008 0.000004
0.000088 0.000010 0.000004 0.000011 0.000017 0.000052 0.000097 0.000017 0.000008 0.000005 0.000004 -0.000013 -0.000015 -0.000017 -0.000013 -0.000004 -0.000012 -0.000542 -0.000218 -0.000025 -0.000003 -0.000006 -0.000005 -0.000017 -0.000078 -0.000023 -0.000014 -0.000005 -0.000015 -0.000020 -0.000194 -0.000032 -0.000027 -0.000010 -0.000003 0.000001 0.000003 0.000019 0.000070 0.000025 0.000022 0.000019 0.000014 0.000007 0.000045 0.000014 0.000009 0.000005 0.000002 -0.000000 -0.000000 -0.000001 -0.000017 -0.000007 -0.000007 -0.000013 -0.000000 0.000000 0.000001 0.000001 -0.000000
0.000150 0.000010 0.000003 0.000010 0.000023 0.000106 0.000030 0.000018 -0.000000 -0.000000 -0.000000 -0.000000 -0.000007 -0.000007 -0.000013 -0.000010 -0.000299 -0.128809 -0.000099 -0.000015 -0.000011 -0.000013 -0.000005 -0.000016 -0.000155 -0.000015 -0.000007 -0.000010 -0.000016 -0.000373 -0.000030 0.000022 0.000005 0.000003 -0.000002 0.000000 0.000000 0.000018 0.000012 0.000016 0.000015 0.000015 0.000016 0.000010 0.000014 0.000006 0.000002 0.000000 0.000000 -0.000003 -0.000018 -0.000003 -0.000020 -0.000055 -0.000018 -0.000015 -0.000001 -0.000000 0.000000 0.000000 -0.000004
0.000358 0.000013 0.000004 0.000011 0.000029 0.000064 0.000029 0.000052 0.003459 0.003447 0.009619 0.074559 0.025987 -0.242877 -0.483875 -0.618472 -0.112480 0.139085 -0.000560 -0.000020 -0.000016 -0.000012 -0.000004 -0.000085 -0.000087 -0.000011 -0.000004 -0.000010 -0.000464 -0.000105 0.000002 0.000001 0.000003 0.000001 -0.000000 -0.000001 0.000000 0.000000 0.000000 0.000004 0.000005 0.000007 0.000005 0.000002 0.000001 0.000000 0.000000 -0.000001 -0.000003 -0.000012 -0.000024 -0.000018 -0.000591 -0.000410 -0.000082 -0.000012 -0.000006 -0.000007 -0.000005 -0.000003 -0.000055
0.000372 0.000019 0.000005 0.000013 0.000031 0.000025 0.000023 0.000053 0.000019 0.005996 0.016678 0.216358 0.110530 -0.121143 -0.263531 -0.278403 0.140383 0.204352 0.063362 -0.000013 -0.000011 -0.000005 -0.000008 -0.000901 -0.000062 -0.000045 -0.000080 -0.000158 -0.000214 0.000000 -0.000000 -0.000000 -0.000000 -0.000000 -0.000002 -0.000011 -0.000004 -0.000001 0.000000 0.000000 0.000000 0.000001 0.000000 0.000000 0.000000 -0.000002 -0.000004 -0.000005 -0.000008 -0.000018 -0.000017 -0.026396 -0.000013 0.000036 0.000220 0.000587 -0.000160 -0.000259 -0.000085 -0.000171 -0.000030
0.000220 0.000019 0.000007 0.000008 0.000021 0.000034 0.000021 0.000066 0.000042 0.000036 0.005417 0.297657 0.110932 -0.089494 -0.210768 -0.230301 0.157985 0.134449 0.007096 -0.221029 -0.230665 -0.291838 -0.515271 0.083613 0.284866 -0.355318 -0.056572 -0.000130 -0.000046 -0.000000 -0.000000 -0.000003 -0.000004 -0.000006 -0.000021 -0.000022 -0.000012 -0.000005 -0.000002 -0.000004 -0.000001 -0.000000 -0.000001 -0.000015 -0.000003 -0.000009 -0.000014 -0.000016 -0.000018 -0.000020 -0.000606 0.000231 0.000011 0.000015 0.000024 0.000031 0.000110 0.000097 0.000063 0.000010 0.000018
0.000144 0.000017 0.000012 0.000004 0.000011 0.000026 0.000017 0.000024 0.000034 0.000042 0.000052 0.000091 0.000179 0.000325 0.000607 0.075626 0.798440 0.193940 -0.150251 -0.180015 0.062054 -0.082842 -0.524250 0.034459 0.434814 0.259370 0.400463 -0.020728 -0.000019 -0.000006 -0.000007 -0.000008 -0.000025 -0.000021 -0.000010 -0.000013 -0.000012 -0.000010 -0.000008 -0.000015 -0.000005 -0.000002 -0.000006 -0.000017 -0.000034 -0.000007 -0.000012 -0.000018 -0.000019 -0.000868 -0.000089 0.000007 0.000008 0.000005 0.000017 0.000011 0.000006 0.000064 0.000024 0.000019 0.000011
0.000112 0.000020 0.000007 0.000003 0.000010 0.000015 0.000031 0.000023 0.000027 0.000032 0.000041 0.000088 0.000095 0.000125 0.000092 0.000027 0.000021 0.565561 -0.101025 -0.098681 0.215626 -0.013227 0.052097 0.000021 0.000013 0.000004 0.000012 0.035166 -0.002617 -0.000019 -0.000014 -0.000034 -0.000023 -0.000006 -0.000001 -0.000006 -0.000017 -0.000007 -0.000051 -0.000020 -0.000011 -0.000011 -0.000005 -0.000018 -0.000051 -0.000019 -0.000018 -0.000017 -0.101701 0.000287 0.000004 0.000004 0.000001 0.000002 0.000003 0.000005 0.000007 0.000020 0.000013 0.000007 0.000006
0.000094 0.000028 0.000007 0.000003 0.000008 0.000012 0.000020 0.000049 0.000039 0.000030 0.000043 0.000089 0.000160 0.000244 0.000015 0.000004 0.000009 0.000009 0.225585 -0.117089 0.195990 0.002810 0.000011 0.000014 0.000012 0.000004 0.000011 0.000013 0.151672 -0.016829 -0.000027 -0.000032 -0.000018 -0.000012 -0.000011 -0.000028 -0.000017 -0.000005 -0.000155 -0.000025 -0.000016 -0.000011 -0.000004 -0.000013 -0.000033 -0.000032 -0.001571 -0.167213 0.000305 0.000004 0.000002 0.000001 0.000000 0.000000 0.000000 0.000000 0.000000 0.000001 0.000002 0.000000 0.000000
0.000005 0.000024 0.000005 0.000003 0.000007 0.000015 0.000014 0.000020 0.000067 0.000033 0.000069 0.000133 0.000295 0.000015 0.000011 0.000003 0.000005 0.000004 0.000003 -0.020317 0.077031 0.000037 0.000008 0.000010 0.000008 0.000004 0.000010 0.000012 0.000014 0.039094 -0.002751 -0.005541 -0.000024 -0.000024 -0.000020 -0.000045 -0.000010 -0.000012 -0.000201 -0.000019 -0.000016 -0.000010 -0.000003 -0.000011 -0.000022 -0.000030 -0.001239 0.000000 -0.000000 -0.000000 -0.000000 -0.000000 -0.000001 -0.000005 -0.000003 -0.000004 -0.000002 0.000000 0.000000 -0.000004 -0.000019
0.000000 0.000000 0.000000 0.000001 0.000005 0.000015 0.000013 0.000021 0.000045 0.000031 0.000114 0.000179 0.000013 0.000010 0.000009 0.000001 0.000000 0.000000 0.000000 0.003409 0.023548 0.000000 0.000001 0.000002 0.000003 0.000002 0.000004 0.000009 0.000013 0.000031 0.004442 0.303307 -0.024588 -0.000027 -0.000021 -0.000044 -0.000006 -0.000109 -0.000080 -0.000018 -0.000012 -0.000021 -0.000010 -0.000007 -0.000021 -0.001417 -0.000093 -0.000000 -0.000001 -0.000002 -0.000002 -0.000004 -0.000017 -0.000017 -0.000019 -0.000012 -0.000008 -0.000002 -0.000005 -0.000011 -0.000051
-0.000003 -0.000000 0.000000 0.000000 0.000002 0.000009 0.000004 0.000012 0.000036 0.000032 0.000152 0.000030 0.000007 0.000003 0.000007 0.000000 -0.000002 -0.000000 0.000125 0.000127 0.116941 0.000000 0.000000 0.000000 0.000000 0.000000 0.000000 0.000003 0.000008 0.000026 0.000015 0.000018 0.020386 -0.000499 -0.001583 0.002639 0.005408 0.021869 -0.003275 -0.008769 -0.000018 -0.000019 -0.000007 -0.002486 -0.644893 0.002656 0.000205 0.000334 0.000119 0.000157 0.000000 -0.000014 0.000001 0.000017 0.000003 0.000002 -0.000000 -0.000003 -0.000010 -0.000014 -0.000113
-0.000007 -0.000009 -0.000004 -0.000002 0.000000 0.000003 0.000004 0.000000 0.000042 0.000018 0.000088 0.000056 0.000007 0.000002 0.000003 0.000000 0.000017 0.000466 0.000199 0.000112 0.007608 0.040863 -0.000003 -0.000004 -0.000005 -0.000004 -0.000001 -0.000000 0.000003 0.000014 0.000010 0.000016 0.000019 0.000141 0.000098 0.000033 0.000011 0.000004 0.000434 0.128398 -0.018702 -0.000523 -0.001603 -0.001321 0.000002 0.000006 0.000009 0.000008 0.000025 0.000022 0.000024 0.000008 0.000006 0.000006 0.000001 -0.000000 -0.000002 -0.000008 -0.000015 -0.000020 -0.000142
-0.000397 -0.000329 -0.000010 -0.000006 -0.000000 0.000002 0.000007 0.000562 0.000007 0.000008 0.000014 0.000122 0.000009 0.000001 0.000000 0.000000 0.000248 0.000003 0.000010 0.000021 0.000021 0.007229 -0.158340 -0.000010 -0.000012 -0.000010 -0.000006 -0.000001 -0.000000 0.000003 0.000005 0.000011 0.000015 0.000018 0.000174 0.000048 0.000011 0.000004 0.000012 0.000033 0.008581 0.073819 0.001180 0.000000 0.000000 0.000000 0.000000 0.000001 0.000004 0.000006 0.000031 0.000007 0.000004 0.000003 -0.000000 -0.000002 -0.000009 -0.000023 -0.000016 -0.000020 -0.002034
0.000635 0.000639 -0.000101 -0.000007 -0.000000 0.000001 0.000006 0.000056 0.000013 0.000004 0.000011 0.000052 0.000009 0.000000 -0.000002 -0.000021 0.000289 0.000003 0.000014 0.000013 0.000007 0.000008 0.004409 -0.031482 -0.000013 -0.000013 -0.000008 -0.000008 -0.000001 0.000000 0.000000 0.000004 0.000010 0.000015 0.000101 0.000063 0.000011 0.000004 0.000012 0.000062 0.000048 0.000040 0.007375 0.000892 -0.000004 -0.000003 -0.000004 0.000000 0.000000 0.000000 0.000000 0.000001 0.000000 -0.000000 -0.000001 -0.000009 -0.000014 -0.000021 -0.000016 -0.001482 -0.031625
0.000012 0.000004 0.000857 -0.000003 0.000000 0.000000 0.000003 0.000020 0.000009 0.000003 0.000009 0.000020 0.000007 -0.000000 -0.000027 0.022116 0.000003 0.000006 0.000010 0.000000 0.000000 0.000000 0.000000 0.037490 -0.000044 -0.000008 -0.000006 -0.000013 -0.000003 -0.000004 -0.000001 0.000000 0.000004 0.000010 0.000015 0.000114 0.000011 0.000004 0.000019 0.000114 0.000040 0.000033 0.000027 0.006364 -0.005233 -0.000011 -0.000012 -0.000008 -0.000007 -0.000004 -0.000003 -0.000000 -0.000000 -0.000001 -0.000005 -0.000011 -0.000013 -0.000018 -0.001873 -0.050345 0.000205
0.000013 0.000004 0.001091 0.000134 -0.000002 -0.000001 0.000000 0.000000 0.000004 0.000002 0.000005 0.000007 0.000002 -0.000000 0.000023 0.000115 0.000003 0.000003 0.000000 0.000000 -0.000002 -0.000000 0.000036 0.009087 0.000049 0.000015 0.000008 0.000041 0.000019 0.000040 0.000008 -0.000000 0.000006 0.000003 0.000011 0.000078 0.000010 0.000006 0.000033 0.000122 0.000004 0.000012 0.000019 0.000055 0.008303 -0.005766 -0.007499 -0.000017 -0.000017 -0.000015 -0.000009 -0.000008 -0.000003 -0.000011 -0.000008 -0.000012 -0.000017 -0.002546 -0.024357 0.000084 0.000003
0.000011 0.000006 0.000046 0.002705 -0.000006 -0.000003 -0.000004 -0.000000 0.000000 0.000000 0.000001 0.000005 0.000003 0.000011 0.000137 0.000008 0.000003 0.000000 -0.000001 0.000017 0.000167 -0.000007 0.000063 0.002963 0.000007 0.000003 0.000003 0.000011 0.000012 0.000015 0.000040 0.000031 0.000007 0.000005 0.000010 0.000057 0.000005 0.000014 0.000044 0.000074 0.000004 0.000004 0.000008 0.000106 0.000075 0.000038 0.041569 -0.231770 -0.012480 -0.006604 -0.000015 -0.000013 -0.000004 -0.000022 -0.000012 -0.000017 -0.000020 -0.001928 0.000001 0.000000 0.000000
0.000004 0.000014 0.000119 0.001182 0.000416 0.000161 0.000395 0.000135 -0.000002 -0.000003 0.000000 0.000007 0.000007 0.000017 0.000116 0.000005 0.000005 -0.000000 -0.000040 0.000235 0.000097 0.000010 0.000000 0.001415 0.000010 0.000000 0.000000 0.000002 0.000003 0.000005 0.000009 0.000017 0.000014 0.000019 0.000008 0.000041 0.000011 0.000021 0.000111 0.000015 0.000006 0.000000 0.000070 0.000247 0.000007 0.000016 0.000759 0.000022 0.000007 0.066778 -0.206953 -0.010449 -0.011752 -0.023555 -0.037066 -0.009251 -0.007618 -0.000503 0.000001 -0.000000 0.000000
