001_floodsim/sample_code/hipims_case/output/hUy_5400.asc
ncols 269
nrows 269
xllcorner 0.000000
yllcorner 0.000000
cellsize 10.000000
NODATA_value -9999.000000
[rows 81 to 107 of 269, columns 0 to 60 of 269]
-9999.000000 -9999.000000 -9999.000000 -9999.000000 -9999.000000 -9999.000000 -9999.000000 -9999.000000 -9999.000000 -9999.000000 -9999.000000 -9999.000000 -9999.000000 -9999.000000 -9999.000000 -9999.000000 -9999.000000 -9999.000000 -9999.000000 -9999.000000 -0.000000 -0.000000 -0.000001 0.000000 0.000000 -0.000002 -0.000019 -0.000005 -0.000002 -0.000004 -0.000004 -0.000000 -0.000000 -0.000068 -0.000357 -0.000030 -0.000019 -0.000536 -0.118111 -0.200331 -0.089530 0.012706 0.007996 0.030336 -0.012095 -0.000000 -0.000000 -0.000000 -0.000001 -0.000005 -0.000008 -0.000200 -0.000145 -0.000144 -0.000005 -0.005837 -0.028461 0.009650 0.000131 0.000107 0.000034
-9999.000000 -9999.000000 -9999.000000 -9999.000000 -9999.000000 -9999.000000 -9999.000000 -9999.000000 -9999.000000 -9999.000000 -9999.000000 -9999.000000 -9999.000000 -9999.000000 -9999.000000 -9999.000000 -9999.000000 -9999.000000 -9999.000000 0.000004 0.000003 0.000000 -0.000008 -0.000001 -0.000002 -0.000007 -0.000016 -0.000038 -0.000005 -0.000003 -0.000005 -0.000000 -0.000002 -0.000023 -0.000246 -0.000329 -0.005202 -0.092059 -0.153958 -0.134446 0.008968 0.000024 0.000008 0.000011 0.024260 0.000017 -0.000003 -0.000002 -0.000004 -0.005583 -0.040010 0.000086 0.000006 0.000159 0.000144 0.000137 0.000022 0.000063 0.000159 0.000043 0.000039
-9999.000000 -9999.000000 -9999.000000 -9999.000000 -9999.000000 -9999.000000 -9999.000000 -9999.000000 -9999.000000 -9999.000000 -9999.000000 -9999.000000 -9999.000000 -9999.000000 -9999.000000 -9999.000000 -9999.000000 -9999.000000 0.000002 0.000003 0.000001 0.000000 0.000000 -0.000002 -0.000007 -0.000006 -0.000013 -0.000114 -0.000011 -0.000005 -0.000003 -0.000000 -0.000002 -0.000043 -0.044303 -0.063754 -0.068261 -0.117624 -0.148564 0.015121 0.000037 0.000030 0.000017 0.000006 0.000033 0.000446 0.000192 -0.000071 0.000002 0.000091 0.000092 0.000020 0.000018 0.000014 0.000033 0.000014 0.000009 0.000003 0.000141 0.000074 0.000007
-9999.000000 -9999.000000 -9999.000000 -9999.000000 -9999.000000 -9999.000000 -9999.000000 -9999.000000 -9999.000000 -9999.000000 -9999.000000 -9999.000000 -9999.000000 -9999.000000 -9999.000000 -9999.000000 -9999.000000 0.000003 0.000003 0.000002 0.000001 0.000000 -0.000001 -0.000004 -0.000013 -0.000006 -0.000010 -0.000043 -0.000136 -0.000006 -0.000002 -0.000001 0.000000 -0.000231 -0.120489 -0.109531 -0.070419 -0.078659 0.033285 0.000020 0.000022 0.000033 0.000019 0.000010 0.000066 0.000053 0.000027 0.000158 0.000019 0.000009 0.000103 0.000041 0.000019 0.000010 0.000023 0.000010 0.000006 0.000004 0.000012 0.000272 0.000010
-9999.000000 -9999.000000 -9999.000000 -9999.000000 -9999.000000 -9999.000000 -9999.000000 -9999.000000 -9999.000000 -9999.000000 -9999.000000 -9999.000000 -9999.000000 -9999.000000 -9999.000000 -9999.000000 0.000000 0.000002 0.000001 0.000001 0.000000 -0.000001 -0.000004 -0.000007 -0.000013 -0.000033 -0.000004 -0.000019 -0.000135 -0.000006 -0.000002 -0.000002 -0.000000 0.000078 -0.167467 -0.092151 -0.015839 0.000142 0.000008 0.000008 0.000003 0.000035 0.000020 0.000031 0.000115 0.000011 0.000004 0.000116 0.000028 0.000026 0.000023 0.000047 0.000019 0.000008 0.000015 0.000007 0.000002 0.000007 0.000015 0.000141 0.000016
-9999.000000 -9999.000000 -9999.000000 -9999.000000 -9999.000000 -9999.000000 -9999.000000 -9999.000000 -9999.000000 -9999.000000 -9999.000000 -9999.000000 -9999.000000 -9999.000000 -9999.000000 -0.000000 -0.000000 -0.000000 -0.000000 -0.000000 -0.000000 -0.000001 -0.000002 -0.000005 -0.000012 -0.000163 -0.000003 -0.000019 -0.000132 -0.000007 -0.000002 -0.000004 -0.000000 0.000008 -0.182919 -0.097507 -0.000000 0.000000 0.000000 0.000003 0.000003 0.000005 0.000009 0.000110 0.000020 0.000011 0.000005 0.000078 0.000032 0.000025 0.000017 0.000041 0.000027 0.000015 0.000008 0.000006 0.000002 0.000005 0.000008 0.000085 0.000014
-9999.000000 -9999.000000 -9999.000000 -9999.000000 -9999.000000 -9999.000000 -9999.000000 -9999.000000 -9999.000000 -9999.000000 -9999.000000 -9999.000000 -9999.000000 -9999.000000 -0.000000 -0.000002 -0.000001 -0.000001 -0.000001 -0.000004 -0.000002 -0.000001 -0.000002 -0.000004 -0.000007 -0.000150 -0.000002 -0.000012 -0.000214 -0.000002 -0.000002 -0.000005 -0.000002 0.000008 -0.153792 -0.167620 -0.000025 -0.000003 -0.000002 0.000000 0.000004 0.000002 0.000005 0.000032 0.000020 0.000010 0.000010 0.000025 0.000013 0.000012 0.000012 0.000014 0.000024 0.000013 0.000006 0.000004 0.000001 0.000003 0.000005 0.000039 0.000008
-9999.000000 -9999.000000 -9999.000000 -9999.000000 -9999.000000 -9999.000000 -9999.000000 -9999.000000 -9999.000000 -9999.000000 -9999.000000 -9999.000000 0.000000 0.000000 -0.000004 -0.000024 -0.000005 -0.000010 -0.000006 -0.000005 -0.000003 -0.000001 -0.000003 -0.000003 -0.000006 -0.000107 -0.000001 -0.000094 -0.000077 -0.000001 -0.000005 -0.000014 -0.000002 0.000004 -0.062357 -0.217194 -0.024173 -0.000006 -0.000003 0.000000 0.000000 0.000001 0.000001 0.000001 0.000016 0.000004 0.000002 0.000006 0.000004 0.000005 0.000004 0.000010 0.000006 0.000005 0.000002 0.000001 0.000000 0.000000 0.000002 0.000012 0.000002
-9999.000000 -9999.000000 -9999.000000 -9999.000000 -9999.000000 -9999.000000 -9999.000000 -9999.000000 -9999.000000 -9999.000000 -9999.000000 0.000000 -0.000003 -0.000034 -0.000029 -0.000043 -0.000040 -0.000030 -0.000017 -0.000007 -0.000003 -0.000001 -0.000004 -0.000007 -0.000012 -0.000127 -0.000001 -0.000170 -0.000023 -0.000002 -0.000006 -0.000007 -0.000000 -0.000000 -0.006988 -0.207586 -0.083369 -0.000006 -0.000003 -0.000001 0.000000 0.000000 0.000000 0.000000 0.000002 0.000000 0.000000 0.000000 0.000001 0.000001 0.000001 0.000001 0.000001 0.000001 0.000000 0.000000 0.000000 0.000000 0.000000 0.000000 -0.000000
-9999.000000 -9999.000000 -9999.000000 -9999.000000 -9999.000000 -9999.000000 -9999.000000 -9999.000000 -9999.000000 -9999.000000 -0.000000 -0.000002 -0.000138 -0.000128 -0.000096 -0.000067 -0.000008 0.000001 0.000001 -0.000000 -0.000000 -0.000001 -0.000000 0.000000 0.000001 0.000043 0.000030 0.003761 -0.000617 -0.000002 -0.000006 -0.000012 -0.000014 -0.000005 -0.040340 -0.172379 -0.099132 -0.000012 -0.000013 -0.000007 0.000000 0.000000 -0.000000 -0.000000 -0.000000 -0.000000 -0.000001 -0.000001 0.000000 0.000000 -0.000000 -0.000000 -0.000000 -0.000000 -0.000001 -0.000002 -0.000004 -0.000002 -0.000000 -0.000000 -0.000000
-9999.000000 -9999.000000 -9999.000000 -9999.000000 -9999.000000 -9999.000000 -9999.000000 -9999.000000 -9999.000000 0.000000 -0.000026 -0.000040 -0.000148 -0.000098 -0.000027 -0.000000 -0.000000 -0.000000 -0.000000 -0.000000 -0.000002 -0.000001 -0.000001 -0.000000 0.000001 0.000035 0.000009 0.000011 -0.000957 -0.000326 -0.000202 -0.094337 -0.021723 -0.004222 -0.052933 -0.132129 -0.049255 0.000000 0.000000 -0.000002 -0.000000 -0.000000 -0.000000 -0.000001 -0.000006 -0.000004 -0.000005 -0.000001 0.000000 -0.000000 -0.000000 -0.000002 -0.000002 -0.000002 -0.000003 -0.000002 -0.000018 -0.000004 -0.000001 -0.000011 -0.000005
-9999.000000 -9999.000000 -9999.000000 -9999.000000 -9999.000000 -9999.000000 -9999.000000 -9999.000000 -9999.000000 -0.000000 -0.000173 -0.000056 -0.000084 -0.000047 -0.000019 -0.000005 -0.000003 -0.000003 -0.000002 -0.000003 -0.000007 -0.000001 -0.000004 0.000020 0.000028 0.000048 0.000001 0.000000 0.000001 -0.000152 -0.107347 -0.119515 -0.038539 -0.005239 -0.047484 -0.086738 0.008484 -0.000000 -0.000000 -0.000002 -0.000004 -0.000013 -0.000008 -0.000013 -0.000027 -0.000016 -0.000002 -0.000000 -0.000000 -0.000002 -0.000010 -0.000007 -0.000007 -0.000008 -0.000002 -0.000004 -0.000059 -0.000005 -0.000002 -0.000015 -0.000033
-9999.000000 -9999.000000 -9999.000000 -9999.000000 -9999.000000 -9999.000000 -9999.000000 -9999.000000 0.000000 -0.000001 -0.000962 -0.000113 -0.000050 -0.000027 -0.000021 -0.000012 -0.000012 -0.000010 -0.000007 -0.000018 -0.000011 -0.000003 0.000003 0.000013 0.000002 0.000003 0.000000 -0.000001 -0.000000 -0.000000 -0.111630 -0.123635 -0.006678 0.000196 0.000161 0.000108 0.003854 0.000300 -0.000019 -0.000034 -0.000088 -0.000102 -0.000035 -0.000037 -0.000002 -0.000000 -0.000000 -0.000002 -0.000012 -0.000012 -0.000014 -0.000008 -0.000023 -0.000009 -0.000007 -0.000022 -0.000017 -0.000001 -0.000001 -0.000008 -0.000060
-9999.000000 -9999.000000 -9999.000000 -9999.000000 -9999.000000 -9999.000000 -9999.000000 -9999.000000 0.000000 -0.000430 -0.000363 -0.000565 -0.000014 -0.000035 -0.000015 -0.000021 -0.000031 -0.000040 -0.000029 -0.000037 0.000001 0.000001 0.000006 0.000002 0.000001 0.000000 -0.000002 -0.000009 -0.000005 -0.001188 -0.167703 -0.088709 0.000022 0.000013 0.000007 0.000004 0.000009 0.001769 -0.000910 -0.000040 -0.000022 -0.000000 -0.000000 -0.000000 -0.000000 -0.000001 -0.000286 0.000255 -0.000076 -0.000047 -0.000101 -0.000028 -0.000014 -0.000004 -0.000086 -0.000033 -0.000003 -0.000001 -0.000003 -0.000007 -0.000121
-9999.000000 -9999.000000 -9999.000000 -9999.000000 -9999.000000 -9999.000000 -9999.000000 -9999.000000 0.000000 0.000000 -0.000038 -0.000118 -0.000020 -0.000004 -0.000045 -0.000038 -0.000040 -0.000050 -0.000017 0.000002 0.000001 0.000000 0.000002 0.000000 0.000000 -0.000002 -0.000008 -0.000017 -0.063006 -0.123256 -0.157262 0.008228 0.000015 0.000009 0.000002 0.000005 0.000006 0.000040 0.001686 0.000326 -0.000016 -0.000003 -0.000002 -0.000001 -0.000523 -0.001771 -0.000110 0.000007 0.000007 0.000005 0.000242 0.001905 0.000015 0.000031 0.000043 0.000003 0.000002 -0.000001 -0.000004 -0.000012 -0.000272
-9999.000000 -9999.000000 -9999.000000 -9999.000000 -9999.000000 -9999.000000 -9999.000000 -9999.000000 -0.000000 -0.000004 -0.000130 0.000000 -0.000051 -0.000011 -0.000018 -0.000037 -0.000024 -0.000026 -0.000002 0.000000 0.000000 0.000000 0.000002 0.000000 -0.000002 -0.000007 -0.000012 -0.122093 -0.137263 -0.110133 0.006691 0.000014 0.000011 0.000009 0.000002 0.000001 0.000002 0.000091 0.000845 0.000861 -0.003999 -0.001374 -0.000346 -0.000372 -0.000204 0.000010 0.000007 0.000001 0.000006 0.000008 0.000007 0.000044 0.000014 0.000014 0.000008 0.000005 0.000001 -0.000002 -0.000008 -0.000014 -0.000206
-9999.000000 -9999.000000 -9999.000000 -9999.000000 -9999.000000 -9999.000000 -9999.000000 -9999.000000 -0.000000 -0.000376 -0.000155 -0.000000 -0.000016 -0.000582 -0.000062 -0.000021 -0.000020 -0.000015 -0.000007 -0.000003 -0.000005 -0.000000 0.000000 0.000000 -0.000005 -0.000009 -0.033233 -0.178677 -0.030256 0.000007 0.000021 0.000010 0.000005 0.000013 0.000004 0.000000 0.000004 0.000239 0.000006 0.000002 0.000008 0.004847 -0.000323 0.000002 0.000018 0.000011 0.000018 0.000004 0.000003 0.000002 0.000013 0.000011 0.000008 0.000016 0.000009 0.000003 0.000002 -0.000003 -0.000008 -0.000013 -0.000073
-9999.000000 -9999.000000 -9999.000000 -9999.000000 -9999.000000 -9999.000000 -9999.000000 -9999.000000 -0.000000 -0.000323 -0.000066 -0.000000 -0.000041 0.000000 -0.000042 -0.000053 -0.000016 -0.000016 -0.000015 -0.000014 -0.000012 -0.000006 -0.000004 -0.000001 -0.000005 -0.000004 -0.065276 -0.103616 0.000000 0.000001 0.000012 0.000010 0.000003 0.000011 0.000012 0.000019 0.000023 0.000149 0.000007 0.000002 0.000007 0.000484 0.000007 0.000001 0.000003 0.000007 0.000003 0.000001 0.000000 0.000000 0.000002 0.000006 0.000007 0.000007 0.000005 0.000003 0.000004 -0.000003 -0.000006 -0.000016 -0.001288
-9999.000000 -9999.000000 -9999.000000 -9999.000000 -9999.000000 -9999.000000 -9999.000000 0.000000 -0.000200 -0.000234 -0.000049 -0.000024 -0.000086 -0.000008 -0.000039 -0.000006 -0.000051 -0.000087 -0.000015 -0.000018 -0.000014 -0.000021 -0.000011 -0.000008 -0.000005 -0.000000 -0.031638 -0.093462 -0.000001 0.000000 0.000006 0.000007 0.000005 0.000007 0.000007 0.000008 0.000013 0.000108 0.000009 0.000003 0.000011 0.000527 0.000004 0.000000 0.000000 0.000001 0.000000 0.000000 0.000000 0.000000 0.000000 0.000002 0.000004 0.000004 0.000002 0.000004 0.000004 0.000004 -0.000009 -0.000024 -0.010086
-9999.000000 -9999.000000 -9999.000000 -9999.000000 -9999.000000 -9999.000000 -9999.000000 0.000000 -0.000440 -0.000188 -0.000087 -0.000056 -0.000012 -0.000070 -0.000050 -0.000036 -0.000005 -0.000006 -0.000028 -0.000057 -0.000013 -0.000031 -0.000015 -0.000014 -0.000010 -0.000003 -0.022618 -0.116446 -0.000004 -0.000001 0.000004 0.000002 0.000007 0.000004 0.000007 0.000009 0.000016 0.000069 0.000005 0.000002 0.000022 0.000757 0.000001 -0.000000 -0.000000 -0.000000 -0.000001 -0.000009 -0.000002 0.000001 0.000000 0.000000 0.000001 0.000002 0.000002 0.000001 0.000001 0.000001 0.000000 -0.000006 -0.035833
-9999.000000 -9999.000000 -9999.000000 -9999.000000 -9999.000000 -9999.000000 -9999.000000 0.000000 -0.000166 -0.000395 -0.000105 -0.000096 -0.000061 -0.000048 -0.000035 -0.000067 -0.000035 -0.000000 0.000008 -0.000002 -0.000091 -0.000488 -0.000863 -0.001565 -0.010737 -0.002612 -0.033313 -0.099088 -0.000570 0.000009 0.000005 0.000000 0.000001 0.000002 0.000004 0.000008 0.000016 0.000031 0.000001 0.000002 0.000023 0.000392 0.000020 -0.000000 -0.000004 -0.000000 0.000056 0.000005 0.000002 0.000000 0.000000 0.000000 0.000000 0.000000 0.000000 0.000000 0.000000 0.000000 0.000000 -0.000000 -0.030096
-9999.000000 -9999.000000 -9999.000000 -9999.000000 -9999.000000 -9999.000000 -9999.000000 -0.000000 -0.000071 -0.000208 -0.000748 -0.000175 -0.000198 -0.000123 -0.000090 -0.001901 -0.001678 -0.000019 -0.000000 -0.000001 0.000008 -0.000007 0.000003 0.000485 0.015260 -0.009335 -0.025543 -0.068256 0.000010 0.000007 0.000002 0.000000 0.000000 0.000000 0.000001 0.000001 0.000002 0.000003 0.000000 0.000000 0.000072 0.000252 0.000078 0.000088 0.000048 0.000022 0.000006 0.000003 0.000001 -0.000000 -0.000000 -0.000000 -0.000000 -0.000000 -0.000001 -0.000002 -0.000002 -0.000001 -0.000000 -0.000000 -0.042616
-9999.000000 -9999.000000 -9999.000000 -9999.000000 -9999.000000 -9999.000000 -9999.000000 -0.000000 -0.000036 -0.000072 -0.000418 -0.000826 -0.000232 -0.000106 0.000000 0.000000 0.000002 -0.001829 -0.000006 0.000000 0.000001 0.000008 -0.000000 0.000000 0.000002 0.000005 0.023754 0.000124 0.000009 0.000005 0.000001 -0.000001 -0.000001 -0.000000 -0.000000 -0.000000 -0.000000 -0.000000 -0.000000 0.000011 0.000352 0.000017 0.000018 0.000013 0.000007 0.000005 0.000002 -0.000000 -0.000000 -0.000001 -0.000001 -0.000001 -0.000002 -0.000003 -0.000002 -0.000004 -0.000005 -0.000005 -0.000002 -0.000004 -0.060028
-9999.000000 -9999.000000 -9999.000000 -9999.000000 -9999.000000 -9999.000000 -9999.000000 -0.000000 -0.000024 -0.000026 -0.000188 -0.000497 -0.000868 -0.000077 -0.000004 0.000000 0.000000 0.000003 -0.000434 -0.000034 0.000000 0.000007 -0.000001 -0.000002 0.000000 0.000000 0.000009 0.000006 0.000003 0.000000 0.000000 -0.000002 -0.000009 -0.000002 -0.000001 -0.000000 0.000002 0.000006 0.000044 0.000432 0.000014 0.000010 0.000019 0.000011 0.000004 0.000002 -0.000000 -0.000001 -0.000003 -0.000005 -0.000004 -0.000005 -0.000004 -0.000009 -0.000002 -0.000004 -0.000003 -0.000000 -0.000001 -0.000016 -0.092303
-9999.000000 -9999.000000 -9999.000000 -9999.000000 -9999.000000 -9999.000000 -1.169321 -0.000000 -0.000012 -0.000033 -0.000116 -0.000243 -0.056155 -0.000032 -0.000009 -0.000002 0.000000 0.000000 0.000000 -0.000018 -0.000013 0.000000 -0.000006 -0.000005 -0.000003 -0.000000 0.000000 0.000000 0.000000 -0.000000 -0.000001 -0.000001 -0.000007 -0.000007 -0.000011 -0.000000 0.000001 0.000003 0.000044 0.000012 0.000009 0.000010 0.000007 0.000004 0.000002 0.000000 -0.000001 -0.000007 -0.000040 -0.000011 -0.000007 -0.000007 -0.000005 -0.000010 -0.000003 -0.000002 -0.000001 -0.000000 0.000004 0.000071 -0.120500
-9999.000000 -9999.000000 -9999.000000 -9999.000000 -9999.000000 -9999.000000 -1.170472 -0.000000 -0.000005 -0.000023 -0.000047 -0.006345 0.009626 0.000004 -0.000013 -0.000007 -0.000004 -0.000002 -0.000002 -0.000058 -0.000015 -0.000010 -0.000002 -0.000825 -0.000007 -0.000004 -0.000004 -0.000003 -0.000001 -0.000004 -0.000030 -0.000002 -0.000005 -0.000010 -0.000029 0.000000 0.000000 0.000002 0.000020 0.000008 0.000006 0.000005 0.000004 0.000002 0.000000 -0.000001 -0.000004 -0.000010 -0.000185 -0.000049 -0.000027 -0.000016 -0.000032 -0.000008 -0.000004 -0.000001 -0.000002 0.000003 0.000008 0.000010 -0.074469
-9999.000000 -9999.000000 -9999.000000 -9999.000000 -9999.000000 -9999.000000 -1.172839 -0.000001 -0.000004 -0.000009 -0.000033 0.003669 0.000029 0.000006 -0.000013 -0.000017 -0.000017 -0.000017 -0.000026 -0.000017 -0.000017 -0.000008 -0.000003 0.000000 -0.000046 -0.000010 -0.000012 -0.000012 -0.000010 -0.000009 -0.000025 -0.000002 -0.000005 -0.000050 -0.000019 -0.000002 -0.000001 0.000000 0.000001 0.000004 0.000003 0.000001 0.000001 0.000000 0.000000 -0.000002 -0.000007 -0.000380 -0.000017 0.000001 0.000001 0.000000 -0.000000 -0.000000 -0.000000 -0.000000 -0.000000 0.000001 0.000006 0.000009 0.000163
