001_floodsim/sample_code/hipims_case/output/hUy_3600.asc
ncols 269
nrows 269
xllcorner 0.000000
yllcorner 0.000000
cellsize 10.000000
NODATA_value -9999.000000
[rows 162 to 188 of 269, columns 122 to 182 of 269]
0.002297 -0.000000 -0.000006 -0.000002 -0.000000 -0.000006 0.000002 0.000004 -0.000000 -0.000000 -0.000000 -0.000000 -0.000005 -0.000004 -0.000001 -0.000007 -0.000011 -0.000021 -0.000068 0.000000 0.000000 0.000001 0.000007 0.000002 -0.000000 -0.000000 -0.000001 -0.000005 -0.000034 -0.000008 -0.000003 -0.000007 0.000001 0.000002 0.000000 -0.000774 0.000002 0.000006 -0.000000 -0.000001 -0.000001 -0.000008 -0.000010 -0.000027 -0.000073 -0.000029 -0.000965 0.000000 0.000000 0.000000 0.000000 0.000003 0.000004 0.000004 0.000003 0.000001 -0.000004 -0.000004 -0.000010 -0.000005 -0.000005
0.000016 0.000110 -0.000031 -0.000006 -0.000002 -0.000000 -0.000000 -0.000000 -0.000003 -0.000007 -0.000006 -0.000010 -0.000023 -0.000010 -0.000004 -0.000010 -0.000018 -0.000017 -0.000034 -0.000033 -0.000001 0.000002 0.000002 0.000000 -0.000001 -0.000002 -0.000005 -0.000014 -0.000079 -0.000015 -0.000014 -0.000005 -0.000000 -0.000000 -0.000001 -0.000768 0.000002 0.000007 -0.000000 -0.000005 -0.000002 -0.000000 -0.000001 -0.000000 0.000001 -0.000026 -0.001292 -0.000001 -0.000002 -0.000005 -0.000000 0.000000 0.000000 0.000000 0.000000 0.000000 -0.000004 -0.000010 -0.000015 -0.000016 -0.000020
0.000027 0.000019 0.000023 -0.000007 -0.000008 -0.000002 -0.000001 -0.000002 -0.000037 -0.000017 -0.000008 -0.000070 -0.000035 -0.000007 -0.000012 -0.000017 -0.000064 -0.000009 -0.000028 -0.000090 -0.000001 0.000001 -0.000000 -0.000000 -0.000002 -0.000006 -0.000011 -0.000019 -0.000121 -0.000010 0.000000 -0.000005 -0.000005 -0.000004 -0.000005 -0.000799 0.000001 0.000001 -0.000000 -0.000006 -0.000003 -0.000004 -0.000003 -0.000001 -0.000000 -0.000000 -0.001306 -0.000009 -0.000011 -0.000006 -0.000003 -0.000002 -0.000000 0.000000 -0.000000 -0.000000 -0.000003 -0.000012 -0.000018 -0.000027 -0.000039
0.000052 0.000007 0.000012 0.000061 -0.000011 -0.000010 -0.000011 -0.000006 -0.000248 -0.000135 -0.000048 -0.000027 0.000001 -0.000007 -0.000016 -0.000021 -0.000055 -0.000530 -0.023843 0.000016 -0.000000 -0.000000 -0.000000 -0.000002 -0.000003 -0.000009 -0.000015 -0.000196 -0.000058 -0.000000 -0.000001 -0.000006 -0.000011 -0.000012 -0.000011 -0.004973 0.000001 -0.000000 -0.000000 -0.000007 -0.000016 -0.000009 -0.000013 -0.000017 -0.000005 -0.000002 -0.001132 -0.000044 -0.000037 -0.000003 0.000010 -0.000008 -0.000001 0.000000 -0.000001 -0.000002 -0.000007 -0.000012 -0.000021 -0.000031 -0.000038
0.000040 0.000010 0.000007 0.000012 0.000167 -0.000027 -0.000055 -0.000184 -0.000096 0.000001 0.000003 0.000000 0.000000 -0.000011 -0.000022 -0.000021 -0.000051 -0.088444 0.000009 0.000030 -0.000004 -0.000005 -0.000001 0.000005 -0.000004 -0.000008 -0.000119 -0.000126 -0.000023 -0.000002 -0.000006 -0.000011 -0.000017 -0.000019 -0.001241 0.015166 0.000001 -0.000001 -0.000002 -0.000008 -0.000020 -0.000023 -0.000025 -0.000064 -0.000006 -0.000008 -0.043113 -0.000000 0.000005 0.000001 0.000002 -0.000000 -0.000000 -0.000000 -0.000003 -0.000007 -0.000013 -0.000018 -0.000020 -0.000024 -0.000119
0.000007 0.000012 0.000000 0.000022 0.000020 0.002253 -0.002708 -0.000045 -0.000000 -0.000000 -0.000000 -0.000001 -0.000006 -0.000017 -0.000017 -0.000022 -0.174806 0.000330 0.000024 0.000046 0.000031 0.000002 0.000015 0.000004 0.000002 0.000004 -0.000046 -0.000239 -0.000018 -0.000003 -0.000012 -0.000014 -0.000018 -0.000027 -0.001846 0.000004 0.000001 -0.000004 -0.000003 -0.000011 -0.000019 -0.000038 -0.000138 -0.000047 -0.000005 -0.000014 -0.007168 0.000016 0.000001 -0.000000 -0.000000 -0.000000 -0.000002 -0.000004 -0.000003 -0.000011 -0.000017 -0.000024 -0.000029 -0.000030 -0.000157
0.000002 0.000005 0.000023 0.000036 0.000019 0.000015 0.000013 0.000421 -0.000005 -0.000004 -0.000003 -0.000009 -0.000016 -0.000032 -0.000015 0.007294 0.000032 0.000020 0.000031 0.000010 0.000013 0.000004 0.000002 0.000001 0.000002 0.000001 0.000007 -0.070051 -0.000488 -0.000010 -0.000007 -0.000013 -0.000019 -0.000040 -0.001320 -0.000000 -0.000000 -0.000003 -0.000007 -0.000013 -0.000010 -0.000034 -0.000250 -0.000039 -0.000006 -0.149123 0.001119 0.000010 -0.000000 -0.000002 -0.000003 -0.000008 -0.000010 -0.000009 -0.000004 -0.000013 -0.000024 -0.000029 -0.000036 -0.000040 -0.000133
0.000000 0.000002 0.000020 0.000004 0.000010 0.000014 0.000024 0.000015 -0.028925 -0.000011 -0.000006 -0.000013 -0.003046 -0.003888 0.000042 0.000021 0.000038 0.000021 0.000012 0.000004 0.000005 0.000001 0.000000 0.000000 0.000000 0.000000 0.000007 0.000011 -0.050885 -0.000066 -0.000011 -0.000006 0.000004 0.000031 -0.002486 -0.000005 -0.000007 -0.000009 -0.000005 -0.000010 -0.000011 -0.000022 -0.000186 -0.000269 -0.000220 0.000419 0.000010 0.000004 -0.000003 -0.000032 -0.000017 -0.000012 -0.000010 -0.000006 -0.000010 -0.000017 -0.000031 -0.000033 -0.000040 -0.000344 0.000017
-0.000001 0.000000 0.000000 0.000001 0.000004 0.000011 0.000026 0.000023 0.000765 -0.090984 -0.000419 0.000182 0.000264 0.000027 0.000027 0.000022 0.000028 0.000015 0.000003 -0.000000 -0.000000 -0.000000 -0.000002 -0.000003 -0.000001 0.000000 0.000011 0.000023 0.000014 -0.000022 -0.000151 -0.000004 0.000004 0.000009 -0.052231 -0.000019 -0.000019 -0.000016 -0.000005 -0.000013 -0.000019 -0.000026 -0.147556 -0.000002 0.000007 0.000005 0.000001 0.000000 -0.000060 -0.000041 -0.000016 -0.000009 -0.000009 -0.000004 -0.000011 -0.000019 -0.000025 -0.000044 -0.000036 -0.015322 0.000002
-0.000005 -0.000007 -0.000002 0.000000 0.000000 0.000007 0.000017 0.000016 0.000020 0.000254 0.000074 0.000030 0.000072 0.000039 0.000017 0.000016 0.000008 0.000009 -0.000000 -0.000002 -0.000007 -0.000003 -0.000004 -0.000004 -0.000002 0.000000 0.000005 0.000011 0.000007 0.000004 -0.000125 -0.000006 0.000001 0.000005 0.000043 -0.024062 -0.000022 -0.000019 -0.000005 -0.000016 -0.000023 -0.000500 0.000068 0.000005 0.000003 0.000001 -0.000000 -0.000002 -0.000122 -0.000041 -0.000011 -0.000010 -0.000011 -0.000005 -0.000014 -0.000023 -0.000029 -0.000033 -0.000507 0.000158 0.000001
-0.000005 -0.000027 -0.000006 -0.000002 -0.000003 0.000007 0.000008 0.000015 0.000015 0.000181 0.000165 0.000009 0.000042 0.000035 0.000013 0.000009 0.000003 0.000005 -0.000043 -0.000038 -0.000053 -0.000014 0.000010 0.000007 -0.000005 0.000006 0.000002 0.000003 0.000000 0.000000 -0.000106 -0.000010 0.000000 0.000001 0.000006 0.004929 -0.000024 -0.000016 -0.000006 -0.000019 -0.000025 -0.004129 0.000000 -0.000000 -0.000000 -0.000000 -0.000001 -0.000007 -0.000206 -0.000036 -0.000019 -0.000019 -0.000011 -0.000004 -0.000012 -0.000021 -0.000026 -0.000033 -0.000508 0.000002 0.000000
-0.000007 -0.000047 -0.000010 -0.000004 -0.000014 0.000007 0.000005 0.000009 0.000015 0.000021 0.000301 0.000000 0.000005 0.000033 0.000020 0.000011 0.000004 0.000006 -0.000029 -0.000354 -0.000030 0.000002 0.000005 0.000006 0.000001 0.000002 0.000001 0.000000 0.000000 -0.000001 -0.000159 -0.000009 -0.000001 -0.000000 0.000002 0.000009 -0.009598 -0.000018 -0.000006 -0.000021 -0.000422 -0.000009 -0.000000 -0.000003 -0.000006 -0.000005 -0.000004 -0.000011 -0.000235 -0.000110 -0.000026 -0.000023 -0.000012 -0.000003 -0.000010 -0.000014 -0.000026 -0.000029 -0.001774 0.000001 -0.000002
-0.000012 -0.000069 -0.000012 -0.000027 0.000012 0.000009 0.000004 0.000010 0.000017 0.000019 0.000243 0.000074 0.000006 0.000020 0.000018 0.000013 0.000004 0.000008 -0.000005 -0.000356 0.000000 0.000000 0.000001 0.000002 0.000000 0.000000 0.000000 -0.000001 -0.000004 -0.000008 -0.000235 -0.000005 -0.000002 -0.000005 -0.000000 0.000003 0.000004 -0.000085 -0.000173 -0.000183 -0.007781 -0.000372 -0.000010 -0.000026 -0.000018 -0.000013 -0.000006 -0.000017 -0.000380 -0.000065 -0.000031 -0.000018 -0.000013 -0.000004 -0.000013 -0.000018 -0.000021 -0.000657 0.000212 -0.000000 -0.000003
-0.000089 0.000013 0.000010 0.000009 0.000008 0.000007 0.000003 0.000009 0.000016 0.000009 0.000019 0.000132 0.000015 0.000016 0.000011 0.000007 0.000004 0.000010 0.000026 -0.019107 -0.000004 -0.000001 0.000000 0.000000 -0.000002 -0.000006 -0.000003 -0.000007 -0.000013 -0.000397 -0.017738 0.000001 -0.000002 -0.000006 -0.000001 -0.000000 0.000001 0.000023 0.000043 0.000020 0.000025 0.001249 -0.007343 -0.119539 -0.000022 -0.000020 -0.000016 -0.000011 -0.000496 -0.000047 -0.000025 -0.000026 -0.000017 -0.000005 -0.000016 -0.000022 -0.000028 -0.004711 0.000002 -0.000002 -0.000010
0.000038 0.000012 0.000009 0.000004 0.000003 0.000003 0.000002 0.000007 0.000003 0.000006 0.000018 0.000095 0.000014 0.000008 0.000004 0.000002 0.000003 0.000005 0.000005 0.000038 -0.000471 -0.000009 -0.000004 -0.000002 -0.000005 -0.000032 -0.000004 -0.000012 -0.000019 -0.000475 -0.000000 -0.000000 -0.000003 -0.000008 -0.000007 -0.000002 -0.000000 0.000021 0.000063 0.000004 0.000011 0.000017 0.000018 0.001139 0.001320 -0.012320 -0.002792 -0.000339 -0.000080 0.000000 -0.000025 -0.000029 -0.000011 -0.000014 -0.000020 -0.000019 -0.000911 -0.000028 0.000000 -0.000007 -0.000015
0.000010 0.000005 0.000004 0.000000 0.000000 0.000000 0.000000 0.000001 0.000000 0.000004 0.000013 0.000037 0.000006 0.000002 0.000000 0.000000 0.000000 0.000000 0.000000 0.000000 -0.000196 -0.000754 -0.000013 -0.000008 -0.000005 -0.000066 -0.000005 -0.000013 -0.000009 -0.000404 -0.000004 -0.000004 -0.000004 -0.000015 -0.000023 -0.000008 -0.000002 0.000015 0.000005 0.000002 0.000005 0.000007 0.000007 0.000011 0.000006 0.000004 -0.002292 -0.000490 -0.000000 -0.000000 -0.000022 -0.000026 -0.000017 -0.000009 -0.000019 -0.000010 -0.020168 -0.000000 -0.000001 -0.000011 -0.002317
0.000003 0.000001 -0.000000 -0.000000 -0.000002 -0.000000 -0.000000 -0.000000 -0.000000 0.000000 0.000004 0.000004 0.000000 0.000000 -0.000001 -0.000002 -0.000003 -0.000001 -0.000001 -0.000000 -0.000000 -0.000690 -0.000022 -0.000015 -0.000006 -0.000108 -0.000013 -0.000007 -0.000005 -0.000403 -0.000013 -0.000008 -0.000004 -0.000016 -0.000031 -0.000072 -0.000008 0.000000 0.000000 0.000000 0.000000 0.000000 0.000000 0.000000 0.000000 0.000000 0.000000 -0.000985 -0.000008 -0.000011 -0.000046 -0.000031 -0.000023 -0.000018 -0.000010 -0.000006 -0.001415 -0.000005 -0.000004 -0.008353 0.000015
-0.000000 -0.000000 -0.000007 -0.000007 -0.000007 -0.000005 -0.000002 -0.000004 -0.000011 -0.000001 0.000000 0.000000 0.000000 -0.000003 -0.000008 -0.000027 -0.000004 -0.000005 -0.000002 0.000012 0.000036 0.000586 -0.641764 -0.000019 -0.000008 -0.000159 -0.000018 -0.000006 -0.000005 -0.000393 -0.000019 -0.000012 -0.000004 -0.000014 -0.000036 -0.000150 -0.000017 -0.000005 -0.000004 -0.000002 -0.000004 -0.000005 -0.000005 -0.000003 -0.000006 -0.000006 -0.000000 -0.001971 -0.000029 -0.000033 -0.000110 -0.000070 -0.000018 -0.000014 -0.000006 -0.000003 -0.000000 -0.000036 -0.000004 -0.000134 0.000002
-0.000002 -0.000024 -0.000014 -0.000011 -0.000014 -0.000009 -0.000004 -0.000029 -0.000011 -0.000001 -0.000000 -0.000001 -0.000004 -0.000011 -0.000068 -0.000029 -0.000008 -0.000004 -0.000003 0.000008 0.000014 0.000017 0.000012 -0.000032 -0.000210 -0.000094 -0.000016 -0.000006 -0.000005 0.000031 -0.000648 -0.000017 -0.000006 -0.000018 -0.000028 -0.000196 -0.000025 -0.000014 -0.000011 -0.000004 -0.000011 -0.000016 -0.000018 -0.000018 -0.000016 -0.000018 -0.000217 -0.003134 -0.000026 -0.000102 -0.000084 0.000000 -0.000007 -0.000006 -0.000011 -0.000013 -0.000001 -0.000008 -0.000365 -0.000000 -0.000000
-0.000007 -0.000044 -0.000018 -0.000009 -0.000016 -0.000019 -0.000020 -0.000058 -0.000009 -0.000002 -0.000001 -0.000001 -0.000007 -0.000019 -0.000130 -0.000019 -0.000006 -0.000001 -0.000000 -0.000000 -0.000000 0.000002 0.000004 0.000007 -0.005196 -0.000273 -0.000015 -0.000005 -0.000000 0.000002 -0.000245 -0.000875 -0.000014 -0.000010 -0.000027 -0.000291 -0.000021 -0.000017 -0.000026 -0.000006 -0.000016 -0.000031 -0.000019 -0.000025 -0.000053 -0.021606 -0.008184 0.001005 -0.002115 -0.000022 -0.000000 -0.000000 -0.000004 -0.000012 -0.000019 -0.011927 -0.000068 0.000770 0.006186 0.000243 -0.000005
-0.000049 0.000037 0.000006 0.000014 0.000024 0.000026 0.000007 0.000003 0.000000 -0.000002 -0.000002 -0.000005 -0.000011 -0.000018 -0.000227 -0.000013 -0.000010 -0.000002 -0.000004 -0.000009 -0.000000 -0.000000 -0.000000 0.000002 0.000001 -0.000304 -0.000014 -0.000011 -0.000003 -0.000000 -0.000000 -0.000105 -0.000577 -0.000004 -0.000014 -0.000273 -0.000019 -0.000009 -0.000023 -0.000019 -0.000020 -0.000053 -0.000007 -0.000723 -0.011842 0.005972 0.000008 0.003967 0.016004 -0.000012 -0.000003 -0.000002 -0.000009 -0.000496 -0.006001 0.003404 0.002347 0.000724 0.015422 0.041058 -0.015477
0.000000 0.000007 0.000007 0.000007 0.000005 0.000028 0.000008 0.000002 -0.000000 -0.000005 -0.000003 -0.000010 -0.000017 -0.000213 -0.000065 0.000001 0.000000 -0.000004 -0.000011 -0.000065 -0.000008 -0.000003 -0.000001 -0.000000 -0.000000 -0.000154 -0.000014 -0.000015 -0.000005 -0.000005 -0.000005 -0.000036 -0.000264 -0.000123 -0.000033 -0.003884 -0.020676 -0.018604 -0.006077 -0.022851 -0.022498 -0.015005 -0.010407 0.004022 0.003190 0.000011 0.000005 0.000012 0.010315 0.006132 -0.003227 -0.000175 -0.000569 -0.007431 0.002248 0.000024 0.000024 0.000041 0.000012 0.000016 0.000022
-0.000000 0.000000 0.000000 0.000003 0.000003 0.000005 0.000003 -0.000000 -0.000000 -0.000015 -0.000003 -0.000012 -0.000019 -0.000362 -0.000009 -0.000000 -0.000001 -0.000007 -0.000016 -0.000133 -0.000016 -0.000005 -0.000010 -0.000007 -0.000002 -0.000168 -0.000009 -0.000008 -0.000015 -0.000014 -0.000020 -0.000031 -0.000190 -0.000091 -0.007497 0.001254 0.002135 0.020654 0.023354 0.011249 0.002707 0.000033 0.000109 0.000026 0.000018 0.000017 0.000010 0.000013 0.000025 0.002359 0.031956 0.054159 0.020587 0.002381 0.000012 0.000023 0.000037 0.000028 0.000021 0.000009 0.000018
0.000006 -0.000000 -0.000000 0.000001 0.000000 -0.000000 -0.000000 -0.000001 -0.000003 -0.000013 -0.000009 -0.000013 -0.000020 -0.000388 -0.000000 -0.000001 -0.000003 -0.000011 -0.000019 -0.000078 -0.000121 -0.000007 -0.000017 -0.000018 -0.000008 -0.000441 -0.000004 -0.000004 -0.000011 -0.000012 -0.003184 -0.013577 -0.012061 -0.005731 -0.000649 0.000019 0.000004 0.000004 0.000044 0.000018 0.000016 0.000016 0.000146 0.000038 0.000034 0.000028 0.000019 0.000006 0.000051 0.000076 0.000006 0.000010 0.000385 0.000628 0.000020 0.000011 0.000021 0.000019 0.000014 0.000009 0.000008
0.000016 -0.000000 -0.000000 -0.000000 -0.000000 -0.000001 -0.000005 -0.000004 -0.000003 -0.000001 -0.000016 -0.000014 -0.000300 -0.000102 -0.000000 -0.000006 -0.000004 -0.000013 -0.000018 -0.000039 -0.000168 -0.000013 -0.000010 -0.000018 -0.000010 -0.000326 -0.000004 -0.000003 -0.000008 -0.015669 -0.005302 0.001117 0.000100 0.000004 0.000006 0.000015 0.000000 0.000001 0.000010 0.000011 0.000005 0.000054 0.000140 0.000044 0.000040 0.000032 0.000020 0.000006 0.000083 0.000018 0.000007 0.000005 0.000396 0.001012 0.000038 0.000000 0.000006 0.000010 0.000005 0.000012 0.000000
0.000059 -0.000002 -0.000000 -0.000002 -0.000003 0.000005 0.000028 -0.000002 -0.000017 -0.000003 0.000001 -0.000005 -0.000408 -0.000039 -0.000005 -0.000006 -0.000012 -0.000017 -0.000025 -0.000020 -0.000173 -0.000009 -0.000005 -0.000013 -0.000013 -0.000313 -0.000004 -0.000019 -0.026806 0.003186 0.000079 0.000085 0.000199 0.000003 0.000000 0.000000 0.000004 0.000000 0.000000 0.000004 0.000004 0.000084 0.000043 0.000040 0.000034 0.000027 0.000018 0.000006 0.000043 0.000009 0.000001 0.000000 0.001153 0.000076 0.000066 0.000015 0.000003 0.000007 0.000004 0.000007 0.000002
0.000074 0.000023 0.000007 0.000006 -0.000004 0.000003 0.000002 0.000002 -0.000012 -0.000026 0.000000 0.000000 -0.000234 -0.000032 -0.000013 -0.000007 -0.000019 -0.000021 -0.000000 0.000001 -0.000024 -0.000145 -0.000050 -0.004513 -0.019944 -0.004449 -0.004777 0.000705 0.001816 0.000017 0.000011 0.000003 0.000312 0.014479 0.000221 0.000029 0.000087 0.000003 -0.000002 0.000000 0.000000 0.000015 0.000019 0.000021 0.000023 0.000019 0.000014 0.000005 0.000014 0.000008 0.000000 0.000027 0.001393 0.000050 0.000037 0.000032 0.000011 0.000008 0.000003 0.000004 0.000002
