001_floodsim/sample_code/hipims_case/output/hUy_2700.asc
ncols 269
nrows 269
xllcorner 0.000000
yllcorner 0.000000
cellsize 10.000000
NODATA_value -9999.000000
[rows 140 to 167 of 269, columns 122 to 182 of 269]
0.000000 0.000000 0.000000 0.000000 0.000000 0.000000 0.000000 0.000000 0.000000 0.000000 -0.000000 0.000000 -0.003650 -0.000092 -0.000096 -0.000000 -0.000001 -0.000014 -0.000022 -0.000014 -0.000019 -0.010284 -0.000006 -0.000016 -0.001814 -0.442565 -0.004237 -0.001419 -0.000539 -0.000000 -0.000000 -0.000002 -0.000017 -0.000005 -0.000013 -0.002146 -0.000002 0.000000 0.000000 0.000000 0.000002 0.000004 0.000017 0.000012 0.000016 0.000036 0.000202 0.000028 0.000033 0.000027 0.000032 0.000017 0.000035 0.000016 0.000006 0.000028 0.000079 0.000040 0.000052 0.000010 0.000049
0.000000 0.000000 0.000000 0.000000 0.000000 0.000000 0.000000 0.000000 0.000000 0.000000 0.000000 0.000000 -0.072634 0.000002 -0.000000 -0.000002 -0.000008 -0.000021 -0.000034 -0.000038 -0.000014 -0.222049 -0.000832 -0.003838 0.000692 0.000017 0.000006 0.000550 -0.000049 -0.000007 -0.000008 -0.000005 -0.000031 -0.000013 -0.000020 -0.001865 -0.000007 -0.000003 -0.000005 -0.000000 0.000000 0.000000 0.000003 0.000007 0.000012 0.000039 0.000102 0.000030 0.000028 0.000020 0.000022 0.000010 0.000011 0.000007 0.000003 0.000025 0.000005 0.000010 0.000068 0.000010 0.000018
0.000000 0.000000 0.000000 0.000000 0.000000 0.000000 0.000000 0.000000 0.000000 0.000000 0.000000 -0.000000 0.000000 0.000000 -0.000006 -0.000020 -0.000017 -0.000028 -0.166566 -0.004489 0.011728 0.018235 0.002376 0.000082 0.000032 0.000014 0.000007 0.000017 0.000022 0.059887 -0.000377 -0.001499 -0.000833 -0.001444 -0.002457 0.000157 -0.000003 -0.000025 -0.000022 0.000007 0.000004 0.000001 0.000001 0.000003 0.000007 0.000037 0.000011 0.000012 0.000007 0.000012 0.000006 0.000003 0.000000 0.000000 0.000000 0.000000 0.000000 0.000000 0.000004 0.000001 0.000003
0.000000 0.000000 0.000000 0.000000 0.000000 0.000000 0.000000 0.000000 0.000000 0.000000 -0.000000 -0.000002 -0.000002 -0.000008 -0.000013 -1.021625 -1.352372 -0.882666 0.007847 0.000013 0.000019 0.000018 0.000009 0.000173 0.000032 0.000013 0.000009 0.000011 0.000018 0.000028 0.000021 0.220549 -0.109411 0.000540 0.000014 0.000027 0.000015 0.000010 0.000005 0.000002 0.000001 0.000000 0.000000 0.000000 0.000000 0.000000 0.000000 -0.000000 -0.000000 -0.000000 -0.000000 -0.000000 -0.000001 -0.000003 -0.000011 -0.000004 -0.000002 0.000000 0.000000 0.000000 0.000000
0.000000 0.000000 0.000000 0.000000 0.000000 0.000000 -0.001668 0.000263 0.007665 0.013700 0.010779 -0.001292 -0.000003 -0.014632 0.001910 0.015922 0.000061 0.000226 0.000294 0.000000 0.000000 0.000005 0.000006 0.000091 0.000038 0.000017 0.000015 0.000004 0.000011 0.000008 0.000005 0.002839 0.022116 0.000013 0.000012 0.000017 0.000008 0.000004 0.000001 -0.000000 -0.000000 -0.000000 -0.000002 -0.000001 -0.000001 -0.000006 -0.000002 -0.000005 -0.000003 -0.000004 -0.000004 -0.000011 -0.000006 -0.000009 -0.000028 -0.000012 -0.000008 -0.000002 -0.000019 -0.000007 -0.000004
0.000000 0.000000 0.000000 0.000000 0.000000 -0.006894 -0.054473 0.015245 0.000068 0.012324 0.033508 0.082625 0.034993 -0.000634 0.000006 0.000011 0.000012 0.000008 0.000617 0.000125 0.000000 0.000000 0.000005 0.000018 0.000035 0.000020 0.000011 0.000004 0.000005 0.000000 0.000000 0.001958 0.000241 0.000003 0.000005 0.000001 0.000001 -0.000000 -0.000000 -0.000002 -0.000012 -0.000008 -0.000004 -0.000006 -0.000010 -0.000316 -0.000081 -0.000053 0.000041 0.000041 0.000059 -0.000015 -0.000017 -0.000019 -0.000022 -0.000015 -0.000022 -0.000010 -0.000020 -0.000127 -0.000076
0.000000 0.000000 0.000000 0.000000 -0.000863 -0.045345 0.000000 0.000000 0.000000 0.000000 0.000001 0.000001 0.000011 0.000707 0.000000 0.000000 0.000004 0.000009 0.000018 0.000417 0.000042 0.000043 0.000014 0.000015 0.000022 0.000015 0.000007 0.000003 0.000001 -0.000000 -0.000000 0.001313 0.000720 -0.000000 -0.000000 -0.000000 -0.000000 -0.000001 -0.000009 -0.000012 -0.000023 -0.000013 -0.000004 -0.000010 -0.000229 -0.000115 0.000000 0.000010 0.000010 0.000009 0.000006 0.000007 0.000000 0.000000 -0.000014 -0.000021 -0.000032 -0.000219 -0.000173 -0.000354 -0.000003
0.000000 0.000000 0.000000 0.000000 0.000241 0.000021 0.000000 0.000000 0.000000 0.000000 0.000001 0.000001 0.000011 0.000987 0.000079 -0.000001 0.000006 0.000004 0.000012 0.000162 0.000070 0.000044 0.000020 0.000015 0.000015 0.000007 0.000002 0.000004 0.000001 0.000001 0.000039 0.000090 0.002302 0.000504 -0.000002 -0.000003 -0.000006 -0.000005 -0.016864 -0.000390 0.000211 -0.000081 -0.000460 0.000349 0.000534 0.000113 0.000014 0.000010 0.000009 0.000003 0.000002 0.000004 -0.000000 -0.000005 -0.000016 -0.000027 -0.000032 -0.000445 -0.000088 0.000004 0.000006
0.000000 0.000000 0.000000 0.000000 0.000000 0.000000 0.000006 -0.000000 -0.000000 0.000000 0.000001 0.000001 0.000011 0.000024 0.000512 -0.000001 0.000002 0.000002 0.000006 0.000014 0.000195 0.000036 0.000018 0.000015 0.000012 0.000004 0.000001 0.000002 0.000005 0.000011 0.000044 0.000042 0.000136 0.001847 0.001751 0.001519 0.000495 0.000020 0.000679 0.000026 0.000028 0.000022 0.000039 0.000027 0.000005 0.000067 0.000011 0.000007 0.000004 0.000000 0.000000 0.000000 -0.000003 -0.000011 -0.000020 -0.000029 -0.000480 0.000065 0.000006 0.000009 0.000001
0.000000 0.000000 0.000000 0.000000 0.000000 0.000000 0.000017 0.000009 0.000004 0.000002 0.000002 0.000005 0.000007 0.000019 0.000811 0.000000 0.000000 0.000000 0.000000 0.000004 0.000068 0.000035 0.000020 0.000013 0.000006 0.000002 0.000000 0.000000 0.000002 0.000009 0.000031 0.000033 0.000182 0.000022 0.000012 0.000013 0.000172 0.000038 0.000021 0.000019 0.000019 0.000018 0.000021 0.000031 0.000006 0.000034 0.000008 0.000002 -0.000000 -0.000000 -0.000002 -0.000004 -0.000009 -0.000015 -0.000023 -0.006562 0.000031 0.000012 0.000010 0.000010 -0.000000
0.000000 0.000000 0.000000 0.000000 0.000000 0.000000 0.000000 0.000005 0.000002 0.000002 0.000003 0.000004 0.000006 0.000014 0.000746 -0.000003 -0.000013 -0.000017 0.000023 0.000004 0.000017 0.000029 0.000015 0.000009 0.000002 0.000000 -0.000002 -0.000004 -0.000000 0.000003 0.000010 0.000034 0.000087 0.000020 0.000016 0.000006 0.000104 0.000051 0.000021 0.000009 0.000007 0.000004 0.000002 0.000041 0.000006 0.000004 0.000003 -0.000000 -0.000001 -0.000004 -0.000008 -0.000011 -0.000015 -0.000019 -0.001268 -0.000007 0.000010 0.000012 0.000014 0.000013 0.000005
0.000000 0.000000 0.000000 0.000000 0.000000 0.000000 0.000000 0.000002 0.000001 0.000002 0.000003 0.000003 0.000004 0.000010 0.000641 0.026829 0.000171 -0.000012 0.000013 0.000010 0.000014 0.000012 0.000005 0.000006 0.000001 -0.000001 -0.000005 -0.000013 -0.000019 0.000000 0.000002 0.000033 0.000016 0.000010 0.000007 0.000004 0.000025 0.000064 0.000013 0.000004 0.000001 0.000000 0.000000 0.000024 0.000001 0.000000 0.000000 -0.000003 -0.000007 -0.000013 -0.000026 -0.000016 -0.000023 -0.000023 -0.000356 0.000000 0.000003 0.000004 0.000006 0.000004 0.000003
0.000000 0.000000 0.000000 0.000000 0.000000 0.000000 0.000000 0.000001 0.000000 0.000002 0.000001 0.000001 0.000003 0.000010 0.000095 0.000070 0.000034 0.000073 0.000032 0.000011 0.000012 0.000007 0.000003 0.000000 0.000000 -0.000003 -0.000007 -0.000064 -0.000021 0.000000 0.000000 0.000001 0.000004 0.000002 0.000001 0.000002 0.000014 0.000005 0.000004 0.000001 -0.000000 -0.000000 -0.000000 0.000000 0.000000 -0.000007 -0.000002 -0.000007 -0.000013 -0.000019 -0.000030 -0.000032 -0.000032 -0.000567 -0.000085 -0.000000 -0.000000 -0.000000 -0.000000 -0.000000 -0.000000
0.000000 0.000000 0.000000 0.000000 0.000000 0.000000 0.000000 0.000000 0.000000 0.000000 0.000000 0.000000 0.000001 0.000009 0.000017 0.000074 0.000005 0.000015 0.000183 0.000016 0.000008 0.000002 0.000000 0.000000 -0.000002 -0.000006 -0.000010 -0.000099 -0.000015 -0.000001 -0.000001 0.000000 0.000000 0.000000 0.000000 0.000000 0.000000 0.000000 0.000000 0.000000 -0.000004 -0.000020 -0.000004 -0.000001 -0.000003 -0.000013 -0.000021 -0.000014 -0.000018 -0.000025 -0.000024 -0.001643 -0.010870 -0.000035 0.000095 -0.000000 -0.000001 -0.000001 -0.000001 -0.000002 -0.000003
0.000000 0.000000 0.000000 0.000000 0.000000 0.000000 -0.000000 -0.000000 -0.000000 -0.000000 -0.000000 -0.000001 0.000000 0.000002 0.000007 0.000030 0.000004 0.000010 0.000087 0.000012 0.000003 0.000001 -0.000003 -0.000009 -0.000007 -0.000011 -0.000014 -0.000153 -0.000009 -0.000003 -0.000005 -0.000001 -0.000002 -0.000000 -0.000002 -0.000020 -0.000007 -0.000004 -0.000002 -0.000004 -0.000010 -0.000058 -0.000008 -0.000002 -0.000007 -0.000015 -0.000059 -0.000009 -0.000017 -0.000024 -0.000040 -0.044261 0.000014 0.000067 0.000066 0.000097 0.000014 0.000002 -0.000004 -0.000008 -0.000005
0.000000 0.000000 0.000000 0.000000 -0.000000 -0.000000 -0.000000 -0.000000 -0.000000 -0.000006 -0.000007 -0.000002 -0.000002 0.000000 0.000000 0.000004 0.000002 0.000004 0.000034 0.000006 0.000000 0.000000 -0.000006 -0.000020 -0.000012 -0.000016 -0.000359 -0.000394 0.000006 -0.000006 -0.000011 -0.000007 -0.000004 -0.000002 -0.000007 -0.000082 -0.000015 -0.000009 -0.000004 -0.000009 -0.000015 -0.000082 -0.000009 -0.000003 -0.000009 -0.000017 -0.000053 -0.000083 -0.000008 -0.000017 -0.002980 0.000467 0.000020 0.000020 0.000016 0.000031 0.000012 0.000005 -0.000001 -0.000006 -0.000011
0.000000 0.000000 0.000000 0.000000 0.000000 -0.000000 -0.000001 -0.000001 -0.000003 -0.000010 -0.000005 -0.000000 -0.000007 -0.000003 -0.000004 0.000000 0.000000 0.000000 0.000003 0.000002 -0.000001 -0.000004 -0.000011 -0.000022 -0.000024 -0.000563 0.000328 0.000020 0.000019 0.000012 0.000005 0.000000 -0.000013 -0.000004 -0.000010 -0.000053 -0.000080 -0.000013 -0.000005 -0.000013 -0.000098 -0.000024 -0.000008 -0.000004 -0.000013 -0.000019 -0.000039 -0.000141 -0.000005 -0.000013 -0.005013 0.000012 0.000011 0.000008 0.000005 0.000016 0.000011 0.000011 0.000002 -0.000011 -0.000015
0.000000 0.000000 0.000000 0.000000 -0.000013 -0.000350 -0.000169 -0.000084 -0.000028 0.000020 -0.000009 -0.000024 -0.000047 -0.000066 0.000010 -0.000004 -0.000000 0.000004 0.000001 0.000000 -0.000003 -0.000008 -0.000014 -0.000020 -0.000719 0.000150 0.000017 0.000012 0.000019 0.000010 0.000007 0.000000 0.000000 -0.000007 -0.000012 -0.000033 -0.000171 -0.000038 -0.000054 -0.000157 -0.000044 -0.000007 -0.000004 -0.000003 -0.000011 -0.000017 -0.000025 -0.000209 -0.000005 -0.003957 0.000032 0.000008 0.000002 0.000001 0.000000 0.000002 0.000006 0.000007 0.000003 -0.000008 -0.000017
0.000000 0.000000 0.000000 -0.000001 0.000036 0.000003 0.000006 0.000018 0.000086 0.000138 0.000376 0.000084 0.000033 0.000023 0.000030 0.000007 -0.000001 0.000000 0.000000 -0.000003 -0.000017 -0.000013 -0.000014 -0.000801 0.000277 0.000013 0.000012 0.000010 0.000008 0.000005 0.000008 -0.000001 -0.000004 -0.000008 -0.000013 -0.000029 -0.000386 -0.000160 -0.000298 0.000004 0.000003 -0.000000 -0.000006 -0.000003 -0.000009 -0.000021 -0.000027 -0.000285 -0.000024 0.000003 0.000004 0.000001 -0.000000 -0.000000 -0.000001 0.000000 0.000003 0.000002 0.000004 -0.000002 -0.000011
-0.000000 0.000143 0.000287 0.000111 0.000000 0.000000 0.000000 0.000000 0.000001 0.000002 0.000010 0.000011 0.000013 0.000010 0.000006 0.000002 0.000000 0.000000 -0.000003 -0.000007 -0.000030 -0.000019 -0.000930 0.000976 0.000015 0.000012 0.000007 0.000003 0.000002 0.000001 0.000000 -0.000001 -0.000009 -0.000010 -0.000017 -0.000029 -0.000427 -0.000032 0.000004 0.000005 0.000002 -0.000001 -0.000014 -0.000008 -0.000014 -0.000017 -0.000031 -0.000221 -0.000000 -0.000000 -0.000000 -0.000000 -0.000001 -0.000007 -0.000004 -0.000001 0.000002 0.000000 0.000001 -0.000000 0.000006
-0.000040 0.000000 0.000000 0.000000 0.000000 0.000000 0.000000 0.000000 0.000000 0.000000 0.000002 0.000003 0.000004 0.000003 0.000001 0.000000 -0.000000 -0.000005 -0.000015 -0.000012 -0.000049 -0.484616 0.000304 0.000014 0.000010 0.000006 0.000002 0.000000 0.000000 0.000000 0.000000 -0.000002 -0.000010 -0.000007 -0.000019 -0.000720 -0.000168 0.000017 0.000004 0.000002 0.000000 -0.000003 -0.000015 -0.000023 -0.000018 -0.000023 -0.000667 -0.000013 0.000039 -0.000015 -0.000019 0.000034 0.000025 -0.000005 0.000012 0.000002 0.000001 -0.000001 -0.000000 0.000000 0.000001
-0.000012 -0.000000 -0.000000 -0.000000 -0.000000 -0.000000 0.000001 0.000001 -0.000000 0.000000 0.000000 0.000000 0.000000 0.000000 0.000000 -0.000003 -0.000006 -0.000016 -0.000024 -0.039552 -0.000293 0.000006 0.000014 0.000006 0.000002 0.000001 -0.000000 -0.000001 -0.000007 -0.000004 -0.000001 -0.000005 -0.000010 -0.000005 -0.000035 -0.001250 0.000001 0.000005 0.000001 -0.000000 -0.000001 -0.000005 -0.000012 -0.000032 -0.000029 -0.000016 -0.001064 0.000014 0.000030 -0.000029 -0.000037 0.000004 0.000015 0.000007 0.000011 0.000002 -0.000000 -0.000002 -0.000004 -0.000000 -0.000000
-0.000190 -0.000000 -0.000000 -0.000000 -0.000000 -0.000000 0.000000 0.000000 -0.000000 -0.000000 -0.000000 -0.000000 -0.000004 -0.000004 -0.000001 -0.000007 -0.000011 -0.000021 -0.000068 0.000000 0.000000 0.000001 0.000007 0.000002 -0.000000 -0.000000 -0.000001 -0.000005 -0.000034 -0.000008 -0.000003 -0.000007 0.000001 0.000002 0.000000 -0.000774 0.000002 0.000006 -0.000000 -0.000001 -0.000001 -0.000008 -0.000010 -0.000027 -0.000073 -0.000029 -0.000965 0.000000 0.000000 0.000000 0.000000 0.000003 0.000004 0.000004 0.000003 0.000001 -0.000004 -0.000004 -0.000010 -0.000005 -0.000005
0.000000 -0.000000 -0.000000 -0.000000 -0.000000 -0.000000 -0.000000 -0.000000 -0.000000 -0.000001 -0.000002 -0.000005 -0.000021 -0.000010 -0.000004 -0.000010 -0.000018 -0.000017 -0.000034 -0.000033 -0.000001 0.000002 0.000002 0.000000 -0.000001 -0.000002 -0.000005 -0.000014 -0.000079 -0.000015 -0.000014 -0.000005 -0.000000 -0.000000 -0.000001 -0.000768 0.000002 0.000007 -0.000000 -0.000005 -0.000002 -0.000000 -0.000001 -0.000000 0.000001 -0.000026 -0.001292 -0.000001 -0.000002 -0.000005 -0.000000 0.000000 0.000000 0.000000 0.000000 0.000000 -0.000004 -0.000010 -0.000015 -0.000016 -0.000020
0.000000 0.000000 -0.000000 -0.000000 -0.000000 -0.000000 -0.000000 -0.000000 -0.000003 -0.000002 -0.000001 -0.000049 -0.000034 -0.000007 -0.000012 -0.000017 -0.000064 -0.000009 -0.000028 -0.000090 -0.000001 0.000001 -0.000000 -0.000000 -0.000002 -0.000006 -0.000011 -0.000019 -0.000121 -0.000010 0.000000 -0.000005 -0.000005 -0.000004 -0.000005 -0.000799 0.000001 0.000001 -0.000000 -0.000006 -0.000003 -0.000004 -0.000003 -0.000001 -0.000000 -0.000000 -0.001306 -0.000009 -0.000011 -0.000006 -0.000003 -0.000002 -0.000000 0.000000 -0.000000 -0.000000 -0.000003 -0.000012 -0.000018 -0.000027 -0.000039
0.000000 0.000000 0.000000 -0.000000 -0.000000 -0.000000 -0.000000 -0.000000 -0.000094 -0.000061 -0.000026 -0.000018 0.000001 -0.000007 -0.000016 -0.000021 -0.000055 -0.000530 -0.023843 0.000016 -0.000000 -0.000000 -0.000000 -0.000002 -0.000003 -0.000009 -0.000015 -0.000196 -0.000058 -0.000000 -0.000001 -0.000006 -0.000011 -0.000012 -0.000011 -0.004973 0.000001 -0.000000 -0.000000 -0.000007 -0.000016 -0.000009 -0.000013 -0.000017 -0.000005 -0.000002 -0.001132 -0.000044 -0.000037 -0.000003 0.000010 -0.000008 -0.000001 0.000000 -0.000001 -0.000002 -0.000007 -0.000012 -0.000021 -0.000031 -0.000038
0.000000 0.000000 0.000000 0.000000 -0.000014 -0.000005 -0.000016 -0.000066 -0.000035 0.000000 0.000000 0.000000 0.000000 -0.000011 -0.000022 -0.000021 -0.000051 -0.088443 0.000009 0.000030 -0.000004 -0.000005 -0.000001 0.000005 -0.000004 -0.000008 -0.000119 -0.000126 -0.000023 -0.000002 -0.000006 -0.000011 -0.000017 -0.000019 -0.001241 0.015166 0.000001 -0.000001 -0.000002 -0.000008 -0.000020 -0.000023 -0.000025 -0.000064 -0.000006 -0.000008 -0.033702 -0.000000 0.000005 0.000001 0.000002 -0.000000 -0.000000 -0.000000 -0.000003 -0.000007 -0.000013 -0.000018 -0.000020 -0.000024 -0.000119
0.000000 0.000000 0.000000 0.000000 0.000000 -0.000107 -0.001137 -0.000016 -0.000000 -0.000000 -0.000000 -0.000000 -0.000005 -0.000016 -0.000016 -0.000021 -0.046699 0.000330 0.000024 0.000046 0.000031 0.000002 0.000015 0.000004 0.000002 0.000004 -0.000046 -0.000239 -0.000018 -0.000003 -0.000012 -0.000014 -0.000018 -0.000027 -0.001846 0.000004 0.000001 -0.000004 -0.000003 -0.000011 -0.000019 -0.000038 -0.000138 -0.000047 -0.000005 -0.000014 -0.004797 0.000016 0.000001 -0.000000 -0.000000 -0.000000 -0.000002 -0.000004 -0.000003 -0.000011 -0.000017 -0.000024 -0.000029 -0.000030 -0.000157
