001_floodsim/sample_code/hipims_case/output/hUy_5400.asc
ncols 269
nrows 269
xllcorner 0.000000
yllcorner 0.000000
cellsize 10.000000
NODATA_value -9999.000000
[rows 135 to 161 of 269, columns 122 to 182 of 269]
0.000006 0.000001 -0.000000 -0.000001 -0.000002 -0.000006 -0.000011 -0.000144 0.000003 -0.000002 -0.000003 -0.000008 -0.000018 -0.000241 -0.000016 -0.000007 -0.000052 -0.000010 -0.000002 0.000000 0.000000 -0.000892 -0.000306 -0.000033 0.000005 0.000004 0.000004 0.000002 -0.000000 -0.000003 -0.000018 -0.000109 -0.000020 -0.000011 -0.000005 -0.000016 -0.000245 -0.000015 -0.000010 -0.000004 -0.000007 0.000006 0.000030 0.000014 0.000001 0.000026 0.000834 0.000024 0.000013 0.000012 0.000005 0.000014 0.000028 0.000439 0.000142 0.000325 0.000301 -0.000010 -0.000004 -0.000001 0.000000
0.000001 -0.000000 -0.000002 -0.000003 -0.000007 -0.000314 -0.014934 0.000046 0.000002 -0.000000 -0.000002 -0.000009 -0.000151 -0.000103 -0.000010 -0.000069 -0.000034 -0.000008 -0.000002 -0.000000 -0.000001 -0.001073 -0.000060 0.000001 0.000000 0.000000 0.000000 0.000000 -0.000003 -0.000009 -0.000017 -0.000145 -0.000011 -0.000008 -0.000004 -0.000011 -0.000279 -0.000018 -0.000014 -0.000009 -0.000003 0.000005 0.000005 0.000003 0.000011 0.000037 0.000558 0.000029 0.000016 0.000010 0.000008 0.000011 0.000042 0.000217 0.000018 0.000006 0.000381 0.000062 0.000059 0.000009 0.000000
-0.000000 -0.000002 -0.000009 -0.000013 -0.000403 -0.000153 0.000003 0.000003 0.000000 -0.000001 -0.000007 -0.000012 -0.000330 -0.000049 -0.000007 -0.000127 -0.000015 -0.000009 -0.000003 -0.000003 -0.000003 -0.001074 -0.000012 -0.000000 -0.000000 -0.000002 -0.000004 -0.000002 -0.000009 -0.000017 -0.000276 0.000035 0.000004 -0.000005 -0.000007 -0.000015 -0.000259 -0.000014 -0.000014 -0.000010 -0.000002 0.000001 0.000000 0.000000 0.000021 0.000079 0.000354 0.000036 0.000019 0.000015 0.000014 0.000009 0.000065 0.000128 0.000018 0.000008 0.000259 0.000032 0.000055 0.000028 0.000000
-0.000003 -0.000009 -0.000020 -0.000547 -0.009089 0.000002 0.000002 -0.000000 -0.000000 -0.000003 -0.000010 -0.000014 -0.000356 -0.000046 -0.000005 -0.089622 -0.000001 -0.000008 -0.000003 -0.000007 -0.000008 -0.001488 -0.000000 -0.000002 -0.000007 -0.000023 -0.000014 -0.000011 -0.000008 -0.000416 -0.000007 0.000005 0.000002 -0.000004 -0.000013 -0.000648 -0.032231 -0.000003 0.000007 0.000003 0.000002 0.000000 0.000006 0.000043 0.000062 0.000318 0.000157 0.000025 0.000034 0.000020 0.000009 0.000017 0.000109 0.000023 0.000016 0.000012 0.000208 0.000041 0.000020 0.000100 0.000002
-0.000006 -0.000041 -0.000037 -0.000420 0.000002 -0.000000 -0.000000 -0.000002 -0.000002 -0.000008 -0.000014 -0.000014 -0.000437 -0.000100 -0.000084 0.000079 -0.000000 -0.000009 -0.000004 -0.000011 -0.000014 -0.001630 -0.000003 -0.000005 -0.000016 -0.000115 -0.000067 -0.000118 -0.000351 -0.000201 0.000002 0.000000 0.000000 -0.000003 -0.000011 -0.000671 0.000000 0.000001 0.000006 0.000003 0.000003 0.000014 0.000030 0.000020 0.000027 0.000036 0.000308 0.000022 0.000022 0.000030 0.000023 0.000008 0.000064 0.000020 0.000008 0.000024 0.000158 0.000052 0.000041 0.000021 0.000041
-0.000000 -0.000008 -0.000482 -0.000030 -0.000000 -0.000001 -0.000007 -0.000005 -0.000010 -0.000024 -0.000022 -0.000017 -0.000859 -0.000037 -0.000044 -0.000000 -0.000001 -0.000012 -0.000021 -0.000014 -0.000018 -0.001342 -0.000006 -0.000016 -0.005394 -0.489945 -0.010447 -0.005275 -0.000198 -0.000000 -0.000000 -0.000002 -0.000017 -0.000004 -0.000012 -0.000568 -0.000002 0.000000 0.000000 0.000000 0.000002 0.000004 0.000017 0.000012 0.000016 0.000036 0.000202 0.000028 0.000033 0.000027 0.000032 0.000017 0.000035 0.000016 0.000006 0.000028 0.000079 0.000040 0.000052 0.000010 0.000049
-0.000006 -0.000012 -0.000516 -0.000009 -0.000005 -0.000005 -0.000015 -0.000025 -0.000016 -0.000078 -0.000013 -0.001109 -0.213810 0.000002 -0.000000 -0.000002 -0.000008 -0.000020 -0.000032 -0.000036 -0.000014 -0.122078 -0.002437 -0.010788 0.001985 0.000017 0.000006 0.004670 -0.000247 -0.000007 -0.000008 -0.000005 -0.000031 -0.000013 -0.000019 -0.000520 -0.000007 -0.000003 -0.000005 -0.000000 0.000000 0.000000 0.000003 0.000007 0.000012 0.000039 0.000102 0.000030 0.000028 0.000020 0.000022 0.000010 0.000011 0.000007 0.000003 0.000025 0.000005 0.000010 0.000068 0.000010 0.000018
-0.000013 -0.000597 0.000209 -0.000005 -0.000006 -0.000016 -0.000025 -0.000049 -0.000026 -0.000095 -0.000025 -0.001141 0.000000 0.000000 -0.000006 -0.000020 -0.000017 -0.000027 -0.152250 -0.002722 0.006634 0.009866 0.003997 0.000082 0.000032 0.000014 0.000007 0.000017 0.004486 1.151136 -0.095733 -0.005136 -0.000335 -0.000554 -0.000966 0.000074 -0.000003 -0.000025 -0.000022 0.000007 0.000004 0.000001 0.000001 0.000003 0.000007 0.000037 0.000011 0.000012 0.000007 0.000012 0.000006 0.000003 0.000000 0.000000 0.000000 0.000000 0.000000 0.000000 0.000004 0.000001 0.000003
-0.108584 0.000144 0.000019 -0.000005 -0.000003 -0.000017 -0.000024 -0.000049 -0.000129 -0.000030 -0.000595 -0.000313 -0.000002 -0.000008 -0.000013 -1.010993 -1.324959 -0.881143 0.005497 0.000013 0.000019 0.000018 0.000009 0.000173 0.000032 0.000013 0.000009 0.000011 0.000018 0.000028 0.000019 0.192491 -0.073495 0.000228 0.000014 0.000027 0.000015 0.000010 0.000005 0.000002 0.000001 0.000000 0.000000 0.000000 0.000000 0.000000 0.000000 -0.000000 -0.000000 -0.000000 -0.000000 -0.000000 -0.000001 -0.000003 -0.000011 -0.000004 -0.000002 0.000000 0.000000 0.000000 0.000000
0.000007 0.000003 0.000002 0.000000 -0.000006 -0.000016 -0.003574 -0.009485 -0.018835 -0.025549 0.001063 -0.000207 -0.000003 -0.008835 0.000828 0.010422 0.000061 0.000226 0.000294 0.000000 0.000000 0.000005 0.000006 0.000091 0.000038 0.000017 0.000015 0.000004 0.000011 0.000008 0.000005 0.000625 0.008205 0.000013 0.000012 0.000017 0.000008 0.000004 0.000001 -0.000000 -0.000000 -0.000000 -0.000002 -0.000001 -0.000001 -0.000006 -0.000002 -0.000005 -0.000003 -0.000004 -0.000004 -0.000011 -0.000006 -0.000009 -0.000028 -0.000012 -0.000008 -0.000002 -0.000019 -0.000007 -0.000004
0.000003 0.000000 0.000000 -0.000003 -0.000010 -0.013979 -0.017126 0.011395 0.000017 0.012210 0.029682 0.077686 0.031738 -0.000033 0.000006 0.000011 0.000012 0.000008 0.000617 0.000125 0.000000 0.000000 0.000005 0.000018 0.000035 0.000020 0.000011 0.000004 0.000005 0.000000 0.000000 0.001672 0.000242 0.000003 0.000005 0.000001 0.000001 -0.000000 -0.000000 -0.000002 -0.000012 -0.000008 -0.000004 -0.000006 -0.000010 -0.000316 -0.000081 -0.000053 0.000041 0.000041 0.000059 -0.000015 -0.000017 -0.000019 -0.000022 -0.000015 -0.000022 -0.000010 -0.000020 -0.000127 -0.000076
0.000000 0.000000 -0.000006 -0.000009 -0.010007 -0.023734 0.000003 0.000007 0.000005 0.000011 0.000022 0.000025 0.000028 0.000732 0.000000 0.000000 0.000004 0.000009 0.000018 0.000417 0.000042 0.000043 0.000014 0.000015 0.000022 0.000015 0.000007 0.000003 0.000001 -0.000000 -0.000000 0.001326 0.000721 -0.000000 -0.000000 -0.000000 -0.000000 -0.000001 -0.000009 -0.000012 -0.000023 -0.000013 -0.000004 -0.000010 -0.000229 -0.000115 0.000000 0.000010 0.000010 0.000009 0.000006 0.000007 0.000000 0.000000 -0.000014 -0.000021 -0.000032 -0.000219 -0.000173 -0.000354 -0.000003
-0.000004 -0.000005 -0.000012 -0.028113 0.016944 0.000917 0.000000 0.000000 0.000000 0.000003 0.000014 0.000018 0.000022 0.001003 0.000079 -0.000001 0.000006 0.000004 0.000012 0.000162 0.000070 0.000044 0.000020 0.000015 0.000015 0.000007 0.000002 0.000004 0.000001 0.000001 0.000039 0.000090 0.002304 0.000505 -0.000002 -0.000003 -0.000006 -0.000005 -0.016868 -0.000390 0.000211 -0.000081 -0.000460 0.000349 0.000534 0.000113 0.000014 0.000010 0.000009 0.000003 0.000002 0.000004 -0.000000 -0.000005 -0.000016 -0.000027 -0.000032 -0.000445 -0.000088 0.000004 0.000006
-0.003600 -0.039822 -0.013601 0.009404 0.000082 0.000302 0.000180 -0.000001 -0.000000 0.000000 0.000010 0.000007 0.000015 0.000026 0.000513 -0.000001 0.000002 0.000002 0.000006 0.000014 0.000195 0.000036 0.000018 0.000015 0.000012 0.000004 0.000001 0.000002 0.000005 0.000011 0.000044 0.000042 0.000136 0.001848 0.001752 0.001520 0.000495 0.000020 0.000679 0.000026 0.000028 0.000022 0.000039 0.000027 0.000005 0.000067 0.000011 0.000007 0.000004 0.000000 0.000000 0.000000 -0.000003 -0.000011 -0.000020 -0.000029 -0.000480 0.000065 0.000006 0.000009 0.000001
0.044126 0.008255 0.000028 0.000028 0.000018 0.000007 0.000430 0.000204 0.000046 0.000020 0.000015 0.000015 0.000007 0.000019 0.000811 0.000000 0.000000 0.000000 0.000000 0.000004 0.000068 0.000035 0.000020 0.000013 0.000006 0.000002 0.000000 0.000000 0.000002 0.000009 0.000031 0.000033 0.000182 0.000022 0.000012 0.000013 0.000172 0.000038 0.000021 0.000019 0.000019 0.000018 0.000021 0.000031 0.000006 0.000034 0.000008 0.000002 -0.000000 -0.000000 -0.000002 -0.000004 -0.000009 -0.000015 -0.000023 -0.006562 0.000031 0.000012 0.000010 0.000010 -0.000000
0.000012 0.000212 0.000041 0.000010 0.000013 0.000006 0.000017 0.000193 0.000038 0.000020 0.000020 0.000014 0.000006 0.000014 0.000746 -0.000003 -0.000013 -0.000017 0.000023 0.000004 0.000017 0.000029 0.000015 0.000009 0.000002 0.000000 -0.000002 -0.000004 -0.000000 0.000003 0.000010 0.000034 0.000087 0.000020 0.000016 0.000006 0.000104 0.000051 0.000021 0.000009 0.000007 0.000004 0.000002 0.000041 0.000006 0.000004 0.000003 -0.000000 -0.000001 -0.000004 -0.000008 -0.000011 -0.000015 -0.000019 -0.001268 -0.000007 0.000010 0.000012 0.000014 0.000013 0.000005
0.000005 0.000158 0.000090 0.000000 0.000009 0.000006 0.000012 0.000119 0.000032 0.000025 0.000020 0.000010 0.000004 0.000010 0.000641 0.026829 0.000171 -0.000012 0.000013 0.000010 0.000014 0.000012 0.000005 0.000006 0.000001 -0.000001 -0.000005 -0.000013 -0.000019 0.000000 0.000002 0.000033 0.000016 0.000010 0.000007 0.000004 0.000025 0.000064 0.000013 0.000004 0.000001 0.000000 0.000000 0.000024 0.000001 0.000000 0.000000 -0.000003 -0.000007 -0.000013 -0.000026 -0.000016 -0.000023 -0.000023 -0.000356 0.000000 0.000003 0.000004 0.000006 0.000004 0.000003
0.000003 0.000037 0.000181 0.000048 0.000010 0.000012 0.000005 0.000051 0.000014 0.000025 0.000010 0.000005 0.000003 0.000010 0.000095 0.000070 0.000034 0.000073 0.000032 0.000011 0.000012 0.000007 0.000003 0.000000 0.000000 -0.000003 -0.000007 -0.000064 -0.000021 0.000000 0.000000 0.000001 0.000004 0.000002 0.000001 0.000002 0.000014 0.000005 0.000004 0.000001 -0.000000 -0.000000 -0.000000 0.000000 0.000000 -0.000007 -0.000002 -0.000007 -0.000013 -0.000019 -0.000030 -0.000032 -0.000032 -0.000567 -0.000085 -0.000000 -0.000000 -0.000000 -0.000000 -0.000000 -0.000000
0.000005 0.000041 0.000006 0.000046 0.000005 0.000006 0.000003 0.000007 0.000003 0.000007 0.000001 0.000000 0.000001 0.000009 0.000017 0.000074 0.000005 0.000015 0.000183 0.000016 0.000008 0.000002 0.000000 0.000000 -0.000002 -0.000006 -0.000010 -0.000099 -0.000015 -0.000001 -0.000001 0.000000 0.000000 0.000000 0.000000 0.000000 0.000000 0.000000 0.000000 0.000000 -0.000004 -0.000020 -0.000004 -0.000001 -0.000003 -0.000013 -0.000021 -0.000014 -0.000018 -0.000025 -0.000024 -0.001643 -0.010870 -0.000035 0.000095 -0.000000 -0.000001 -0.000001 -0.000001 -0.000002 -0.000003
0.000010 0.000018 0.000003 0.000007 0.000001 0.000000 -0.000000 -0.000000 -0.000000 -0.000000 -0.000000 -0.000002 0.000000 0.000002 0.000007 0.000030 0.000004 0.000010 0.000087 0.000012 0.000003 0.000001 -0.000003 -0.000009 -0.000007 -0.000011 -0.000014 -0.000153 -0.000009 -0.000003 -0.000005 -0.000001 -0.000002 -0.000000 -0.000002 -0.000020 -0.000007 -0.000004 -0.000002 -0.000004 -0.000010 -0.000058 -0.000008 -0.000002 -0.000007 -0.000015 -0.000059 -0.000009 -0.000017 -0.000024 -0.000040 -0.044261 0.000014 0.000067 0.000066 0.000097 0.000014 0.000002 -0.000004 -0.000008 -0.000005
0.000005 0.000006 -0.000000 -0.000000 -0.000000 -0.000009 -0.000008 -0.000007 -0.000004 -0.000031 -0.000022 -0.000004 -0.000002 0.000000 0.000000 0.000004 0.000002 0.000004 0.000034 0.000006 0.000000 0.000000 -0.000006 -0.000020 -0.000012 -0.000016 -0.000359 -0.000394 0.000006 -0.000006 -0.000011 -0.000007 -0.000004 -0.000002 -0.000007 -0.000082 -0.000015 -0.000009 -0.000004 -0.000009 -0.000015 -0.000082 -0.000009 -0.000003 -0.000009 -0.000017 -0.000053 -0.000083 -0.000008 -0.000017 -0.076583 0.000467 0.000020 0.000020 0.000016 0.000031 0.000012 0.000005 -0.000001 -0.000006 -0.000011
0.000000 0.000000 -0.000001 -0.000005 -0.000011 -0.000066 -0.000023 -0.000022 -0.000023 -0.000051 -0.000018 -0.000000 -0.000007 -0.000003 -0.000004 0.000000 0.000000 0.000000 0.000003 0.000002 -0.000001 -0.000004 -0.000011 -0.000022 -0.000024 -0.000563 0.000328 0.000020 0.000019 0.000012 0.000005 0.000000 -0.000013 -0.000004 -0.000010 -0.000053 -0.000080 -0.000013 -0.000005 -0.000013 -0.000098 -0.000024 -0.000008 -0.000004 -0.000013 -0.000019 -0.000039 -0.000141 -0.000005 -0.000013 -0.036277 0.000012 0.000011 0.000008 0.000005 0.000016 0.000011 0.000011 0.000002 -0.000011 -0.000015
-0.000003 -0.000007 -0.000013 -0.000020 -0.000900 -0.000908 -0.000379 -0.000172 -0.000054 0.000035 -0.000016 -0.000028 -0.000047 -0.000066 0.000010 -0.000004 -0.000000 0.000004 0.000001 0.000000 -0.000003 -0.000008 -0.000014 -0.000020 -0.000719 0.000150 0.000017 0.000012 0.000019 0.000010 0.000007 0.000000 0.000000 -0.000007 -0.000012 -0.000033 -0.000171 -0.000038 -0.000054 -0.000157 -0.000044 -0.000007 -0.000004 -0.000003 -0.000011 -0.000017 -0.000025 -0.000209 -0.000005 -0.102602 0.001114 0.000008 0.000002 0.000001 0.000000 0.000002 0.000006 0.000007 0.000003 -0.000008 -0.000017
-0.000013 -0.000017 -0.000022 -0.001148 0.000096 0.000026 0.000025 0.000042 0.000151 0.000201 0.000508 0.000096 0.000033 0.000023 0.000030 0.000007 -0.000001 0.000000 0.000000 -0.000003 -0.000017 -0.000013 -0.000014 -0.000801 0.000277 0.000013 0.000012 0.000010 0.000008 0.000005 0.000008 -0.000001 -0.000004 -0.000008 -0.000013 -0.000029 -0.000386 -0.000160 -0.000298 0.000004 0.000003 -0.000000 -0.000006 -0.000003 -0.000009 -0.000021 -0.000027 -0.002461 -0.001490 0.000231 0.000004 0.000001 -0.000000 -0.000000 -0.000001 0.000000 0.000003 0.000002 0.000004 -0.000002 -0.000011
-0.001442 -0.002393 -0.000150 0.000370 0.000005 0.000007 0.000004 0.000007 0.000013 0.000014 0.000034 0.000019 0.000013 0.000010 0.000006 0.000002 0.000000 0.000000 -0.000003 -0.000007 -0.000030 -0.000019 -0.000930 0.000976 0.000015 0.000012 0.000007 0.000003 0.000002 0.000001 0.000000 -0.000001 -0.000009 -0.000010 -0.000017 -0.000029 -0.000427 -0.000032 0.000004 0.000005 0.000002 -0.000001 -0.000014 -0.000008 -0.000014 -0.000017 -0.000031 -0.001703 -0.000000 -0.000000 -0.000000 -0.000000 -0.000001 -0.000007 -0.000004 -0.000001 0.000002 0.000000 0.000001 -0.000000 0.000006
-0.000225 0.000003 0.000007 0.000037 0.000000 0.000000 0.000000 0.000000 0.000000 0.000004 0.000009 0.000006 0.000004 0.000003 0.000001 0.000000 -0.000000 -0.000005 -0.000015 -0.000012 -0.001344 -0.615900 0.000292 0.000014 0.000010 0.000006 0.000002 0.000000 0.000000 0.000000 0.000000 -0.000002 -0.000010 -0.000007 -0.000019 -0.000720 -0.000168 0.000017 0.000004 0.000002 0.000000 -0.000003 -0.000015 -0.000023 -0.000018 -0.000023 -0.002542 -0.000109 0.000039 -0.000015 -0.000019 0.000034 0.000025 -0.000005 0.000012 0.000002 0.000001 -0.000001 -0.000000 0.000000 0.000001
-0.000251 0.000000 0.000000 0.000000 0.000000 -0.000006 0.000028 0.000025 -0.000000 0.000002 0.000000 0.000000 0.000000 0.000000 0.000000 -0.000003 -0.000006 -0.000016 -0.000024 -0.625722 -0.041896 0.000006 0.000014 0.000006 0.000002 0.000001 -0.000000 -0.000001 -0.000007 -0.000004 -0.000001 -0.000005 -0.000010 -0.000005 -0.000035 -0.001250 0.000001 0.000005 0.000001 -0.000000 -0.000001 -0.000005 -0.000012 -0.000032 -0.000029 -0.000016 -0.003340 0.000014 0.000030 -0.000029 -0.000037 0.000004 0.000015 0.000007 0.000011 0.000002 -0.000000 -0.000002 -0.000004 -0.000000 -0.000000
