001_floodsim/sample_code/hipims_case/output/hUy_3600.asc
ncols 269
nrows 269
xllcorner 0.000000
yllcorner 0.000000
cellsize 10.000000
NODATA_value -9999.000000
[rows 27 to 53 of 269, columns 61 to 121 of 269]
-9999.000000 -9999.000000 -9999.000000 -9999.000000 -9999.000000 -9999.000000 -9999.000000 -9999.000000 0.000003 0.000004 0.000003 0.000003 0.000007 0.000004 0.000002 0.000001 0.000000 -0.000001 -0.000003 -0.000004 -0.000023 -0.000003 -0.000001 -0.000000 -0.000002 -0.000001 -0.000000 0.000000 -0.000003 -0.000022 -0.000002 -0.000005 -0.000006 -0.000006 -0.000005 -0.000006 0.000005 0.000007 0.000005 0.000006 0.000014 0.000008 0.000006 0.000005 0.000012 0.000011 0.000009 0.000005 0.000008 0.000030 0.000011 0.000004 0.000002 0.000000 0.000000 -0.000000 -0.000004 -0.000019 -0.000005 -0.000009 -0.000018
-9999.000000 -9999.000000 -9999.000000 -9999.000000 -9999.000000 -9999.000000 0.000004 0.000004 0.000003 0.000006 0.000003 0.000003 0.000007 0.000003 0.000001 0.000000 -0.000001 -0.000003 -0.000005 -0.000018 -0.000004 0.000000 -0.000002 -0.000001 -0.000003 -0.000004 -0.000000 -0.000000 -0.000002 -0.000018 -0.000002 -0.000004 -0.000006 -0.000006 -0.000019 0.000004 0.000005 0.000006 0.000005 0.000006 0.000013 0.000009 0.000007 0.000008 0.000005 0.000012 0.000007 0.000005 0.000002 0.000008 0.000006 0.000000 0.000000 -0.000004 -0.000002 -0.000007 -0.000008 -0.000035 -0.000005 -0.000006 -0.000009
-9999.000000 -9999.000000 -9999.000000 -9999.000000 0.000004 0.000003 0.000002 0.000006 0.000005 0.000004 0.000005 0.000004 0.000004 0.000002 0.000001 -0.000000 -0.000002 -0.000004 -0.000007 -0.000020 -0.000001 0.000000 -0.000001 -0.000003 -0.000006 -0.000006 -0.000005 -0.000001 -0.000000 -0.000010 -0.000002 -0.000005 -0.000006 0.000003 0.000004 0.000004 0.000003 0.000007 0.000005 0.000004 0.000012 0.000013 0.000006 0.000004 0.000001 0.000001 0.000001 0.000000 0.000000 0.000000 0.000000 -0.000002 -0.000007 -0.000020 -0.000004 -0.000012 -0.000009 -0.000045 -0.000004 -0.000005 -0.001248
-9999.000000 -9999.000000 0.000004 0.000002 0.000003 0.000004 0.000001 0.000001 0.000003 0.000003 0.000005 0.000003 0.000002 0.000001 0.000000 -0.000001 -0.000003 -0.000004 -0.000032 -0.000006 -0.000000 -0.000000 -0.000000 -0.000003 -0.000005 -0.000007 -0.000020 -0.000002 -0.000000 -0.000001 -0.000010 -0.000008 -0.000023 0.000004 0.000005 0.000004 0.000002 0.000004 0.000003 0.000003 0.000003 0.000009 0.000006 0.000001 -0.000000 -0.000000 -0.000000 -0.000001 -0.000002 -0.000003 -0.000006 -0.000006 -0.000013 -0.000033 -0.000004 -0.000008 -0.000007 -0.000034 -0.000003 -0.000007 -0.134348
0.000003 0.000002 0.000004 0.000002 0.000001 0.000000 0.000000 0.000000 0.000000 0.000003 0.000003 0.000002 0.000000 0.000000 -0.000000 -0.000002 -0.000003 -0.000003 -0.000036 0.000000 -0.000000 -0.000002 -0.000001 -0.000004 -0.000004 -0.000017 -0.000008 -0.000002 -0.000002 -0.000000 -0.000006 -0.000006 0.000004 0.000004 0.000007 0.000005 0.000003 0.000001 0.000001 0.000000 0.000001 0.000001 0.000005 0.000000 -0.000001 -0.000001 -0.000002 -0.000005 -0.000008 -0.000008 -0.000012 -0.000010 -0.000013 -0.000033 -0.000003 -0.000006 -0.000007 -0.000026 -0.000033 -0.096146 -0.204384
0.000003 0.000001 0.000001 0.000000 0.000000 0.000000 -0.000004 -0.000000 0.000002 0.000003 0.000002 0.000001 0.000000 0.000000 -0.000001 -0.000002 -0.000005 -0.000002 -0.000017 -0.000000 -0.000002 -0.000004 -0.000001 -0.000003 -0.000004 -0.000030 -0.000004 -0.000001 -0.000004 -0.000001 0.000037 0.000005 0.000011 0.000006 0.000001 0.000003 0.000001 0.000000 0.000000 -0.000000 -0.000000 -0.000000 -0.000000 -0.000000 -0.000003 -0.000004 -0.000003 -0.000008 -0.000010 -0.000012 -0.000011 -0.000010 -0.000011 -0.000044 -0.000003 -0.000011 -0.000005 -0.000308 -0.104649 -0.154106 -0.171106
0.000001 0.000001 0.000001 -0.000000 -0.000001 -0.000013 -0.000004 0.000005 0.000002 0.000003 0.000001 0.000001 -0.000000 -0.000001 -0.000002 -0.000003 -0.000005 -0.000006 -0.000021 -0.000001 -0.000003 -0.000001 -0.000003 -0.000004 -0.000006 -0.000023 -0.000002 -0.000004 -0.000049 0.000021 0.000008 0.000006 0.000002 0.000017 -0.000000 -0.000000 -0.000000 -0.000000 -0.000001 -0.000001 -0.000001 -0.000003 -0.000002 -0.000006 -0.000000 -0.000005 -0.000003 -0.000007 -0.000001 -0.000009 -0.000022 -0.000022 -0.000008 -0.000033 -0.000003 -0.000007 -0.000025 -0.064478 -0.166866 -0.172200 -0.083788
0.000000 0.000000 0.000000 -0.000001 -0.000003 -0.000015 0.000002 0.000002 0.000001 0.000001 0.000000 0.000000 -0.000001 -0.000002 -0.000003 -0.000003 -0.000000 -0.000000 -0.000040 -0.000005 -0.000004 -0.000002 -0.000005 -0.000009 -0.000022 -0.000006 -0.000005 -0.000033 0.000006 0.000008 0.000007 0.000005 0.000002 0.000026 0.000008 -0.000000 -0.000002 0.000000 0.000002 0.000005 0.000006 0.000029 0.000013 0.000004 0.000001 -0.000008 -0.000005 -0.000005 0.000002 0.000001 0.000000 -0.000009 -0.000012 -0.000029 -0.000002 -0.000005 -0.086420 -0.183829 -0.222273 -0.090541 0.000611
-0.000000 -0.000000 -0.000001 -0.000004 -0.000028 0.000002 0.000001 0.000000 -0.000000 -0.000000 -0.000000 -0.000000 -0.000002 -0.000003 -0.000004 -0.000005 -0.000001 -0.000000 0.000000 -0.000023 -0.000006 -0.000002 -0.000006 -0.000010 -0.000013 -0.000071 0.000001 0.000004 0.000007 0.000004 0.000004 0.000004 0.000002 0.000005 0.000030 0.000019 0.000008 0.000003 0.000004 0.000004 0.000009 0.000005 0.000007 0.000002 0.000000 -0.000008 -0.000022 -0.000002 0.000002 0.000000 0.000000 0.000000 -0.000002 -0.003663 -0.075040 -0.067043 -0.149038 -0.197616 -0.071738 0.000499 0.000002
-0.000003 -0.000002 -0.000003 -0.000012 0.000001 0.000001 -0.000000 -0.000000 -0.000001 -0.000001 -0.000001 -0.000001 -0.000003 -0.000004 -0.000006 -0.000007 -0.000008 -0.000003 -0.000000 -0.000006 -0.000024 -0.000003 -0.000007 -0.000016 -0.000004 0.000003 0.000006 0.000003 0.000001 0.000001 0.000001 0.000002 0.000001 0.000004 0.000006 0.000027 0.000006 0.000005 0.000004 0.000004 0.000003 0.000002 0.000001 0.000000 -0.000003 -0.000022 -0.000006 0.000000 0.000000 -0.000000 -0.000000 -0.000000 -0.000000 0.000382 -0.085236 -0.107139 -0.152458 -0.082274 -0.000035 0.000000 0.000000
-0.000005 -0.000003 -0.000005 -0.000013 0.000001 -0.000000 -0.000000 -0.000003 -0.000002 -0.000002 -0.000001 -0.000002 -0.000003 -0.000007 -0.000004 -0.000003 -0.000007 -0.000011 -0.000002 -0.000003 -0.000011 -0.000026 -0.000012 0.000001 0.000004 0.000001 0.000002 0.000001 0.000000 0.000000 0.000000 0.000000 0.000003 0.000002 0.000005 0.000019 0.000005 0.000002 0.000001 0.000001 0.000000 0.000000 0.000000 -0.000002 -0.000008 -0.000031 -0.000004 -0.000002 -0.000003 -0.000002 -0.000001 -0.000001 -0.000781 -0.063402 -0.107787 -0.113922 -0.109138 -0.031195 -0.000018 -0.000000 -0.000000
-0.000005 -0.000006 -0.000016 -0.000000 -0.000000 -0.000001 -0.000007 -0.000004 0.000000 -0.000001 -0.000001 -0.000002 -0.000002 -0.000005 -0.000008 -0.000002 -0.000005 -0.000011 -0.000005 -0.000005 -0.000011 0.000026 0.000008 0.000002 0.000000 -0.000000 -0.000000 -0.000000 -0.000000 -0.000001 -0.000001 0.000001 0.000004 0.000004 0.000004 0.000007 0.000003 0.000001 -0.000000 -0.000000 -0.000000 -0.000001 -0.000006 -0.000005 -0.000000 -0.000007 -0.000026 -0.000003 -0.000008 -0.000007 -0.000011 -0.065570 -0.157651 -0.107419 -0.089560 -0.087522 -0.047927 -0.007555 0.027877 -0.000025 -0.000361
-0.000005 -0.000017 -0.000005 -0.000000 -0.000003 -0.000004 -0.000001 0.000004 0.000001 -0.000000 -0.000000 -0.000002 -0.000000 -0.000001 -0.000008 -0.000003 -0.000009 -0.000012 -0.000008 -0.000003 0.000006 0.000006 0.000015 0.000005 0.000000 0.000000 0.000002 0.000013 0.000010 0.000007 0.000005 0.000002 0.000002 0.000001 0.000002 0.000001 0.000000 -0.000000 -0.000000 -0.000005 -0.000005 -0.000003 -0.000014 -0.000007 -0.000004 -0.000004 -0.000031 -0.000002 -0.000007 -0.000869 -0.131639 -0.148089 -0.141912 -0.046273 -0.037542 -0.030906 0.001939 0.000893 0.001212 0.002652 0.000126
-0.000007 -0.000023 -0.000003 -0.000001 -0.000006 0.000002 0.000004 0.000003 0.000000 -0.000000 -0.000001 -0.000002 -0.000001 -0.000001 -0.000000 -0.000002 -0.000009 -0.000049 0.000012 0.000008 0.000006 0.000003 0.000019 0.000014 0.000008 0.000003 0.000004 0.000002 0.000004 0.000002 0.000005 0.000002 0.000001 0.000000 0.000000 0.000000 0.000000 -0.000006 -0.000005 -0.000009 -0.000009 -0.000003 -0.000009 -0.000026 -0.000003 -0.000000 -0.000018 -0.000008 -0.033488 -0.104539 -0.219753 -0.109730 -0.062960 0.016298 0.011448 0.013080 0.000005 0.000004 0.000002 0.000004 0.000016
-0.000007 -0.000040 0.000003 0.000002 0.000001 0.000001 0.000000 0.000001 -0.000000 -0.000000 -0.000002 -0.000003 -0.000002 -0.000003 -0.000002 -0.000005 -0.000040 0.000005 0.000004 0.000008 0.000004 0.000003 0.000003 0.000013 0.000004 0.000003 0.000002 0.000002 0.000001 0.000000 0.000002 0.000000 -0.000000 -0.000000 -0.000001 -0.000002 -0.000002 -0.000007 -0.000023 -0.000007 -0.000004 -0.000007 -0.000008 -0.000021 -0.000005 -0.000847 -0.152938 -0.077973 -0.054188 -0.127579 -0.167977 -0.053250 0.000620 0.000003 0.000025 0.000006 0.000008 0.000008 0.000006 0.000004 0.000006
-0.000005 0.000003 0.000004 0.000002 0.000000 -0.000000 -0.000000 -0.000000 -0.000001 -0.000002 -0.000003 -0.000004 -0.000004 -0.000004 -0.000006 -0.000023 0.000004 0.000004 0.000002 0.000004 0.000002 0.000000 0.000003 0.000002 0.000001 0.000001 0.000000 0.000000 0.000000 0.000000 0.000000 0.000000 -0.000002 -0.000005 -0.000003 -0.000005 -0.000010 -0.000007 -0.000038 -0.000010 -0.000003 -0.000007 -0.000009 -0.000012 -0.203312 -0.176691 -0.146476 -0.038076 0.035404 -0.018106 -0.039554 0.000145 0.000007 0.000003 0.000027 0.000001 0.000003 0.000007 0.000005 0.000015 0.000003
0.000003 0.000003 0.000003 0.000001 -0.000000 -0.000001 -0.000001 -0.000001 -0.000002 -0.000004 -0.000005 -0.000006 -0.000008 -0.000006 -0.000008 -0.000044 0.000004 0.000002 0.000001 0.000000 0.000000 -0.000000 -0.000000 -0.000000 -0.000000 -0.000000 -0.000001 -0.000002 -0.000004 -0.000003 -0.000002 -0.000001 -0.000004 -0.000011 -0.000006 -0.000009 -0.000014 -0.000021 -0.000166 -0.000009 -0.000003 -0.000007 -0.004574 -0.173428 -0.359147 -0.086004 0.008191 0.000040 0.000003 0.000018 0.000550 0.000006 0.000005 0.000003 0.000013 0.000000 0.000000 0.000004 0.000003 0.000020 0.000004
0.000004 0.000002 0.000001 -0.000000 -0.000002 -0.000003 -0.000006 -0.000002 -0.000010 -0.000003 -0.000006 -0.000007 -0.000007 -0.000006 -0.000010 0.000002 0.000001 0.000000 -0.000000 -0.000000 -0.000000 -0.000001 -0.000001 -0.000001 -0.000003 -0.000003 -0.000002 -0.000005 -0.000020 -0.000007 -0.000002 -0.000004 -0.000007 -0.000011 -0.000011 -0.004367 -0.124809 0.009759 0.029768 0.011398 -0.043821 -0.033795 -0.064340 -0.211734 -0.133181 0.000007 0.000005 0.000005 0.000002 0.000006 0.000031 0.000003 0.000002 0.000005 0.000007 0.000065 -0.000000 0.000004 0.000004 0.000021 0.000007
0.000002 0.000001 -0.000000 -0.000001 -0.000002 -0.000006 -0.000023 -0.000010 -0.000011 -0.000004 -0.000003 -0.000007 -0.000007 -0.000009 -0.021646 -0.000000 -0.000000 -0.000000 -0.000001 -0.000002 -0.000002 -0.000005 -0.000002 -0.000004 -0.000009 -0.000022 -0.000007 -0.000015 -0.000014 -0.000006 -0.000003 -0.000007 -0.000014 -0.000031 -0.091259 -0.241442 -0.120198 0.024553 0.015508 0.011340 -0.033186 -0.041785 -0.065123 -0.098340 0.002402 0.000007 0.000006 0.000004 0.000003 0.000005 0.000032 0.000003 0.000002 0.000003 0.000007 0.000034 0.000001 0.000001 0.000004 0.000027 0.000010
0.000000 0.000000 -0.000002 -0.000005 -0.000006 -0.000026 -0.000016 -0.000009 -0.000009 -0.000005 -0.000002 -0.000005 -0.000008 -0.026065 -0.009869 0.006011 -0.000521 -0.000005 -0.000004 -0.000008 -0.000005 -0.000003 -0.000005 -0.000021 -0.051465 -0.030747 -0.083969 -0.000268 -0.000013 -0.000007 -0.000003 -0.000272 -0.062837 -0.175492 -0.316020 -0.184285 0.010614 0.000007 0.000003 0.000006 0.000011 0.000375 0.014981 0.001942 0.000007 0.000006 0.000015 0.000009 0.000008 0.000004 0.000007 0.000031 0.000005 0.000005 0.000010 0.000019 0.000002 0.000001 0.000004 0.000009 0.000052
-0.000001 -0.000003 -0.000009 -0.000007 -0.000011 -0.000043 -0.000012 -0.000005 -0.000023 -0.000010 -0.000006 -0.000003 -0.000608 -0.095638 -0.026863 0.052983 0.096212 0.057344 -0.010316 -0.000075 -0.000004 -0.000007 -0.079933 -0.065100 -0.012947 0.007195 0.004127 0.017004 -0.032476 -0.076528 -0.077517 -0.106638 -0.206736 -0.186522 -0.037840 0.001575 0.000003 0.000002 0.000001 0.000003 0.000014 0.000006 0.000007 0.000036 0.000003 0.000004 0.000006 0.000006 0.000014 0.000010 0.000004 0.000027 0.000007 0.000005 0.000008 0.000002 0.000008 0.000000 0.000004 0.000004 0.000035
-0.000006 -0.000008 -0.013890 -0.045499 -0.098290 -0.061826 -0.047292 -0.112492 -0.103368 -0.099049 -0.074762 -0.064338 -0.097045 -0.140712 -0.031764 0.029256 0.055455 0.097415 0.126740 0.052787 -0.010907 -0.051429 -0.090522 -0.055697 -0.008653 0.006825 0.010016 0.008644 -0.025035 -0.041913 -0.028516 -0.020931 0.004592 0.002942 0.000002 0.000000 0.000000 0.000000 0.000000 0.000001 0.000011 0.000002 0.000007 0.000044 0.000000 0.000000 0.000001 0.000004 0.000014 0.000011 0.000005 0.000030 0.000010 0.000004 0.000007 0.000003 0.000014 0.000000 0.000000 0.000003 0.000011
-0.097190 -0.052808 -0.022580 -0.017097 -0.021702 0.001658 -0.004611 -0.023236 -0.008388 -0.005333 -0.021644 -0.057461 -0.084330 -0.077033 0.005435 0.002431 0.003488 0.010427 0.088596 0.033201 -0.003618 -0.030167 -0.037491 -0.006994 0.020346 0.029970 0.036205 0.035994 0.010778 0.000179 0.000028 0.000002 0.000001 0.000002 -0.000000 -0.000000 -0.000003 -0.000002 -0.000001 0.000000 0.000004 0.000003 0.000009 0.000039 0.000006 -0.000000 0.000000 0.000000 0.000005 0.000007 0.000005 0.000049 0.000012 0.000003 0.000003 0.000003 0.000022 0.000000 0.000002 0.000002 0.000009
-0.099203 -0.041661 -0.010895 0.010225 0.029409 0.054830 0.057013 0.054101 0.031521 -0.005669 -0.014727 -0.023744 0.008871 0.005399 0.000009 0.000006 0.000006 0.000003 0.000005 0.000009 0.018034 0.013586 0.000088 0.000006 0.000013 0.000006 0.000002 0.000006 0.000012 0.000053 0.000012 0.000000 0.000000 0.000001 0.000008 0.000022 -0.000014 -0.000004 -0.000003 0.000003 0.000006 0.000004 0.000008 0.000033 0.000003 0.000042 -0.000001 -0.000000 0.000000 0.000000 0.000003 0.000043 0.000010 0.000003 0.000000 0.000004 0.000013 0.000000 0.000001 0.000000 0.000004
-0.032564 0.007237 0.000021 0.000008 0.000013 0.000011 0.000003 0.000007 0.000009 0.000352 0.001714 0.000035 0.000010 0.000015 0.000010 0.000007 0.000004 0.000004 0.000003 0.000005 0.000007 0.000037 0.000009 0.000008 0.000009 0.000005 0.000002 0.000007 0.000020 0.000005 0.000032 0.000016 0.000002 0.000003 0.000003 0.000002 0.000025 -0.000002 0.000004 0.000003 0.000003 0.000004 0.000008 0.000033 0.000005 0.000049 0.000007 0.000026 0.000011 -0.000000 0.000004 0.000023 0.000007 0.000004 0.000012 0.000013 0.000039 -0.000001 -0.000000 -0.000000 0.000000
0.000047 0.000006 0.000007 0.000006 0.000005 0.000014 0.000003 0.000005 0.000008 0.000010 0.000041 0.000007 0.000014 0.000016 0.000014 0.000008 0.000005 0.000003 0.000004 0.000002 0.000005 0.000027 0.000006 0.000014 0.000006 0.000005 0.000003 0.000008 0.000032 0.000003 0.000005 0.000026 0.000004 0.000004 0.000004 0.000002 0.000014 0.000003 0.000001 0.000002 0.000000 0.000003 0.000003 0.000008 0.000012 0.000029 0.000009 0.000017 0.000015 0.000012 0.000006 0.000004 0.000002 0.000006 0.000009 0.000013 0.000044 0.000002 -0.000003 -0.000004 -0.000004
0.000022 0.000005 0.000000 0.000001 0.000001 0.000012 0.000005 0.000002 0.000007 0.000010 0.000040 0.000008 0.000003 0.000023 0.000016 0.000007 0.000015 0.000006 0.000004 0.000002 0.000005 0.000023 0.000004 0.000008 0.000010 0.000006 0.000004 0.000007 0.000016 0.000004 0.000006 0.000034 0.000009 0.000008 0.000006 0.000003 0.000006 0.000015 0.000000 0.000000 0.000000 0.000000 0.000000 0.000002 0.000009 0.000029 0.000036 0.000014 0.000007 0.000007 0.000002 0.000001 0.000002 0.000004 0.000010 0.000018 0.000020 0.000080 -0.000002 -0.000006 -0.000007
