001_floodsim/sample_code/hipims_case/output/hUy_3600.asc
ncols 269
nrows 269
xllcorner 0.000000
yllcorner 0.000000
cellsize 10.000000
NODATA_value -9999.000000
[rows 216 to 242 of 269, columns 122 to 182 of 269]
0.000007 0.000004 0.000044 -0.000013 -0.000005 0.000002 0.000004 0.000010 0.000009 0.000006 0.000010 0.000017 0.000021 0.000194 0.000013 0.000017 0.000018 0.000018 0.000030 0.000005 0.000491 -0.000001 0.000007 0.000008 0.000004 0.000003 0.000002 0.000004 0.000000 0.000000 0.000003 0.000007 0.000008 0.000011 0.000003 0.000005 -0.000002 0.000706 0.000918 0.000010 0.000003 0.000016 0.000326 0.000029 0.000022 0.000010 0.000023 0.000178 0.000017 -0.000001 0.000000 0.000001 0.000001 0.000000 0.000000 -9999.000000 -9999.000000 -9999.000000 -9999.000000 -9999.000000 -9999.000000
0.000011 0.000005 0.000011 0.000032 -0.000001 0.000000 0.000000 0.000003 0.000003 0.000005 0.000004 0.000012 0.000018 0.000229 0.000018 0.000005 0.000007 0.000022 0.000012 0.000005 0.000014 0.000154 0.000028 0.000014 0.000004 0.000000 0.000000 0.000000 -0.000001 -0.000006 -0.000000 0.000000 0.000006 0.000006 0.000002 0.000001 0.000000 0.000430 0.000057 0.000007 0.000004 0.000028 0.000244 0.000026 0.000025 0.000014 0.000023 0.000104 0.000052 0.000042 0.000004 0.000000 0.000000 -9999.000000 -9999.000000 -9999.000000 -9999.000000 -9999.000000 -9999.000000 -9999.000000 -9999.000000
0.000012 0.000005 0.000012 0.000084 0.000005 -0.000000 0.000000 0.000000 0.000000 0.000000 0.000002 0.000006 0.000013 0.000151 0.000045 0.000000 0.000001 0.000010 0.000008 0.000003 0.000008 0.000088 0.000025 0.000017 0.000004 0.000000 -0.000001 -0.000001 -0.000004 -0.000009 -0.000008 0.000000 0.000005 0.000003 0.000000 0.000000 0.000003 0.000499 0.000078 0.000005 0.000004 0.000045 0.000111 0.000030 0.000042 0.000026 0.000016 0.000010 0.000016 0.000037 0.000002 -9999.000000 -9999.000000 -9999.000000 -9999.000000 -9999.000000 -9999.000000 -9999.000000 -9999.000000 -9999.000000 -9999.000000
0.000009 0.000004 0.000011 0.000064 0.000035 0.000007 0.000017 0.000004 -0.000000 -0.000000 0.000000 0.000001 0.000007 0.000016 0.000156 0.000014 0.000000 0.000004 0.000003 0.000000 0.000001 0.000024 0.000008 0.000003 0.000001 -0.000000 -0.000001 -0.000005 -0.000009 -0.000132 -0.000013 0.000005 0.000006 0.000000 0.000000 0.000007 0.000011 0.000356 0.000220 0.000001 0.000002 0.000059 0.000026 0.000028 0.000028 0.000019 0.000016 0.000005 0.000008 0.000006 0.000000 -9999.000000 -9999.000000 -9999.000000 -9999.000000 -9999.000000 -9999.000000 -9999.000000 -9999.000000 -9999.000000 -9999.000000
0.000004 0.000002 0.000006 0.000011 0.000045 0.000010 0.000008 0.000002 -0.000000 -0.000002 -0.000001 0.000000 0.000001 0.000007 0.000061 0.000017 0.000014 0.000007 0.000001 -0.000000 0.000000 0.000000 0.000000 -0.000000 -0.000000 -0.000001 -0.000006 -0.000011 -0.000231 -0.000047 0.000010 0.000010 0.000006 -0.000001 -0.000000 0.000002 0.000003 0.000020 0.000680 0.000000 0.000000 0.000010 0.000015 0.000014 0.000011 0.000006 0.000012 0.000004 0.000002 0.000000 -0.000000 -9999.000000 -9999.000000 -9999.000000 -9999.000000 -9999.000000 -9999.000000 -9999.000000 -9999.000000 -9999.000000 -9999.000000
0.000000 0.000000 0.000000 0.000003 0.000016 0.000006 0.000003 -0.000000 -0.000000 -0.000005 -0.000003 -0.000000 0.000000 0.000000 0.000000 0.000002 0.000005 0.000003 0.000000 -0.000021 -0.000006 -0.000002 -0.000000 -0.000002 -0.000015 -0.000004 -0.000011 -0.000305 -0.000028 0.000009 0.000012 0.000010 0.000005 -0.000002 -0.000002 -0.000000 -0.000000 0.000033 0.000512 0.000055 -0.000001 0.000000 0.000010 0.000005 0.000003 0.000002 0.000004 0.000001 0.000000 -9999.000000 -9999.000000 -9999.000000 -9999.000000 -9999.000000 -9999.000000 -9999.000000 -9999.000000 -9999.000000 -9999.000000 -9999.000000 -9999.000000
-0.000000 -0.000001 0.000000 0.000000 0.000000 0.000000 0.000000 -0.000001 -0.000024 -0.000012 -0.000010 -0.000009 -0.000007 -0.000009 -0.000000 0.000000 0.000000 0.000000 -0.000004 -0.000070 -0.000013 -0.000006 -0.000002 -0.000007 -0.000627 -0.016694 0.000935 0.000133 0.000005 0.000010 0.000003 0.000003 0.000001 0.000000 -0.000002 0.000030 0.000168 0.000072 0.000050 0.000300 -0.000001 0.000007 0.000006 0.000001 0.000000 0.000000 0.000000 0.000000 -9999.000000 -9999.000000 -9999.000000 -9999.000000 -9999.000000 -9999.000000 -9999.000000 -9999.000000 -9999.000000 -9999.000000 -9999.000000 -9999.000000 -9999.000000
-0.000003 -0.000005 -0.000002 -0.000005 -0.000016 -0.000003 -0.000007 -0.000010 -0.000068 -0.000020 -0.000018 -0.000014 -0.000029 -0.000020 -0.000013 -0.000011 -0.000009 -0.000004 -0.033790 -0.000089 -0.000199 -0.000009 -0.000005 -0.000651 0.000092 0.000023 0.000026 0.000041 0.000007 0.000003 0.000000 0.000000 0.000000 -0.000007 0.000000 0.000010 0.000018 0.000010 0.000020 0.000216 0.000009 0.000005 0.000002 -0.000000 -0.000001 -0.000004 -0.000006 -9999.000000 -9999.000000 -9999.000000 -9999.000000 -9999.000000 -9999.000000 -9999.000000 -9999.000000 -9999.000000 -9999.000000 -9999.000000 -9999.000000 -9999.000000 -9999.000000
-0.000008 -0.000005 -0.000009 -0.000013 -0.000038 -0.000004 -0.060793 -0.205088 -0.000923 -0.000148 -0.000749 -0.000740 -0.001454 -0.000735 -0.000513 -0.000884 -0.000444 -0.000271 0.001227 0.000010 0.001290 0.192887 -0.000422 0.000217 0.000019 0.000019 0.000017 0.000046 0.000013 0.000001 -0.000003 -0.000005 -0.000002 -0.000075 0.000005 0.000008 0.000003 0.000004 0.000010 0.000180 0.000011 0.000003 0.000000 -0.000002 -0.000002 -0.000008 -0.000013 -9999.000000 -9999.000000 -9999.000000 -9999.000000 -9999.000000 -9999.000000 -9999.000000 -9999.000000 -9999.000000 -9999.000000 -9999.000000 -9999.000000 -9999.000000 -9999.000000
-0.000011 -0.000013 -0.000015 -0.000073 -0.000055 0.000005 0.000007 0.000005 0.000011 0.000004 0.000003 0.000002 0.000028 0.000025 0.000028 0.000050 0.000034 0.000032 0.000022 0.000016 0.000006 0.000019 0.000142 0.000017 0.000015 0.000010 0.000003 0.000023 0.000005 0.000000 -0.000103 -0.000044 -0.000036 0.000023 0.000005 0.000006 0.000002 0.000000 0.000007 0.000113 0.000006 0.000000 -0.000000 -0.000003 -0.000007 -0.000012 -0.000020 -9999.000000 -9999.000000 -9999.000000 -9999.000000 -9999.000000 -9999.000000 -9999.000000 -9999.000000 -9999.000000 -9999.000000 -9999.000000 -9999.000000 -9999.000000 -9999.000000
-0.000012 -0.000014 -0.000069 0.000006 0.000003 0.000004 0.000002 0.000000 0.000000 0.000000 0.000000 0.000000 0.000000 0.000023 0.000029 0.000026 0.000020 0.000033 0.000015 0.000011 0.000004 0.000015 0.000092 0.000016 0.000006 0.000004 0.000000 0.000000 0.000000 -0.000002 -0.000125 -0.000033 -0.000012 0.000005 0.000004 0.000003 0.000000 0.000000 0.000018 0.000050 0.000001 -0.000000 -0.000003 -0.000004 -0.000011 -0.000018 -0.000025 -9999.000000 -9999.000000 -9999.000000 -9999.000000 -9999.000000 -9999.000000 -9999.000000 -9999.000000 -9999.000000 -9999.000000 -9999.000000 -9999.000000 -9999.000000 -9999.000000
-0.000199 -0.000017 0.000028 0.000004 0.000001 -0.000000 -0.000000 -0.000000 -0.000000 -0.000002 -0.000038 0.000038 0.000027 0.000016 0.000017 0.000016 0.000012 0.000021 0.000008 0.000004 0.000002 0.000009 0.000033 0.000007 0.000000 0.000000 -0.000000 -0.000000 -0.000002 -0.000006 -0.000174 -0.000010 0.000000 0.000009 0.000004 0.000003 0.000008 0.000008 0.000015 0.000007 0.000000 -0.000004 -0.000005 -0.000010 -0.000018 -0.000063 -0.000010 -9999.000000 -9999.000000 -9999.000000 -9999.000000 -9999.000000 -9999.000000 -9999.000000 -9999.000000 -9999.000000 -9999.000000 -9999.000000 -9999.000000 -9999.000000 -9999.000000
0.000005 0.000004 0.000003 -0.000000 -0.000000 -0.000004 -0.000005 -0.000004 -0.000142 -0.000028 0.000021 0.000006 0.000005 0.000004 0.000004 0.000005 0.000003 0.000006 0.000002 0.000000 0.000000 0.000002 0.000002 0.000000 -0.000002 -0.000006 -0.000015 -0.000009 -0.000013 -0.000014 -0.008377 0.000003 0.000008 0.000005 0.000003 0.000001 0.000004 0.000004 0.000004 0.000000 -0.000006 -0.000005 -0.000011 -0.000017 -0.000023 -0.000109 -0.000004 0.000000 -9999.000000 -9999.000000 -9999.000000 -9999.000000 -9999.000000 -9999.000000 -9999.000000 -9999.000000 -9999.000000 -9999.000000 -9999.000000 -9999.000000 -9999.000000
0.000003 0.000001 -0.000000 -0.000000 -0.000006 -0.000005 -0.000225 -0.000211 -0.000092 0.000001 0.000003 0.000001 0.000000 0.000000 -0.000000 -0.000000 -0.000000 -0.000000 -0.000000 -0.000001 -0.000001 -0.000000 -0.000000 -0.000002 -0.000007 -0.000014 -0.000061 -0.000018 -0.000009 -0.000373 0.000087 0.000001 0.000002 0.000001 0.000000 0.000000 0.000000 0.000000 0.000000 -0.000002 -0.000028 -0.000019 -0.000025 -0.000026 -0.000190 -0.000029 0.000000 -9999.000000 -9999.000000 -9999.000000 -9999.000000 -9999.000000 -9999.000000 -9999.000000 -9999.000000 -9999.000000 -9999.000000 -9999.000000 -9999.000000 -9999.000000 -9999.000000
-0.000000 -0.000000 -0.000002 -0.000008 -0.000041 -0.000059 -0.000141 0.000000 0.000000 0.000000 -0.000000 -0.000000 -0.000001 -0.000000 -0.000001 -0.000001 -0.000003 -0.000007 -0.000007 -0.000019 -0.000011 -0.000006 -0.000003 -0.000009 -0.000013 -0.000022 -0.000279 -0.000186 -0.000269 -0.000075 0.000002 -0.000000 -0.000000 -0.000000 -0.000000 -0.000001 -0.000004 -0.000004 -0.000007 -0.000013 -0.000058 -0.000031 -0.000039 -0.000311 0.000015 0.000001 0.000000 -9999.000000 -9999.000000 -9999.000000 -9999.000000 -9999.000000 -9999.000000 -9999.000000 -9999.000000 -9999.000000 -9999.000000 -9999.000000 -9999.000000 -9999.000000 -9999.000000
-0.000003 -0.000004 -0.000008 -0.000006 -0.000103 -0.000061 -0.000045 -0.000000 -0.000000 -0.000000 -0.000004 -0.000011 -0.000021 -0.000011 -0.000009 -0.000014 -0.000019 -0.000021 -0.000020 -0.000046 -0.000020 -0.000013 -0.000005 -0.000014 -0.000022 -0.000025 -0.000501 -0.000139 -0.000127 0.000000 -0.000000 -0.000000 -0.000002 -0.000002 -0.000003 -0.000003 -0.000008 -0.000010 -0.000018 -0.000022 -0.000048 -0.000052 -0.000458 -0.001719 0.000002 0.000000 -9999.000000 -9999.000000 -9999.000000 -9999.000000 -9999.000000 -9999.000000 -9999.000000 -9999.000000 -9999.000000 -9999.000000 -9999.000000 -9999.000000 -9999.000000 -9999.000000 -9999.000000
-0.000003 -0.000020 -0.000012 -0.000004 -0.000043 -0.000167 -0.000021 -0.000004 -0.000004 -0.000006 -0.000014 -0.000010 -0.000084 -0.000026 -0.000024 -0.000024 -0.000014 -0.000029 -0.000034 -0.000118 -0.000025 -0.000019 -0.000006 -0.000018 -0.000033 -0.000928 -0.000277 -0.000025 -0.000059 -0.000000 -0.000005 -0.000017 -0.000014 -0.000010 -0.000018 -0.000010 -0.000006 -0.000013 -0.000016 -0.000018 -0.000043 -0.080618 -0.000251 0.000000 0.000000 -9999.000000 -9999.000000 -9999.000000 -9999.000000 -9999.000000 -9999.000000 -9999.000000 -9999.000000 -9999.000000 -9999.000000 -9999.000000 -9999.000000 -9999.000000 -9999.000000 -9999.000000 -9999.000000
-0.000004 -0.000050 -0.000019 -0.000027 -0.000080 -0.000054 -0.000022 -0.000013 -0.000012 -0.000016 -0.000018 -0.000008 -0.000164 -0.000035 -0.000033 -0.000027 -0.000010 -0.000029 -0.000151 -0.000071 -0.000024 -0.000023 -0.000007 -0.000021 -0.000648 -0.000416 0.000000 0.000017 -0.000136 -0.000010 -0.000009 -0.000069 -0.000020 -0.000010 -0.000063 -0.000017 -0.000007 -0.000020 -0.000025 -0.000025 -0.054502 0.000331 0.000000 -9999.000000 -9999.000000 -9999.000000 -9999.000000 -9999.000000 -9999.000000 -9999.000000 -9999.000000 -9999.000000 -9999.000000 -9999.000000 -9999.000000 -9999.000000 -9999.000000 -9999.000000 -9999.000000 -9999.000000 -9999.000000
-0.000004 -0.000021 -0.000054 -0.000033 -0.000050 -0.000022 -0.000015 -0.000020 -0.000020 -0.000019 -0.000010 -0.000015 -0.000242 -0.000040 -0.000036 -0.000027 -0.000009 -0.000172 -0.000117 -0.000045 -0.000024 -0.000011 -0.000016 -0.000025 -0.001125 -0.000132 -0.000000 -0.000000 -0.000000 -0.000008 -0.000017 -0.000124 -0.000023 -0.000009 -0.000111 -0.000021 -0.000008 -0.000025 -0.000031 -0.005763 0.000004 0.000002 -9999.000000 -9999.000000 -9999.000000 -9999.000000 -9999.000000 -9999.000000 -9999.000000 -9999.000000 -9999.000000 -9999.000000 -9999.000000 -9999.000000 -9999.000000 -9999.000000 -9999.000000 -9999.000000 -9999.000000 -9999.000000 -9999.000000
-0.000002 -0.000009 -0.578651 -0.106760 0.164814 0.605750 -0.000010 -0.000012 -0.000021 -0.000033 -0.000011 -0.000011 -0.000246 -0.000045 -0.000045 -0.000052 -0.000060 -0.000151 -0.000076 -0.000035 -0.000025 -0.000009 -0.000021 -0.000677 -0.000214 -0.000048 -0.000009 -0.000006 -0.000012 -0.000006 -0.000017 -0.000181 -0.000026 -0.000009 -0.000151 -0.000024 -0.000008 -0.000022 -0.013165 0.000002 0.000000 0.000000 -9999.000000 -9999.000000 -9999.000000 -9999.000000 -9999.000000 -9999.000000 -9999.000000 -9999.000000 -9999.000000 -9999.000000 -9999.000000 -9999.000000 -9999.000000 -9999.000000 -9999.000000 -9999.000000 -9999.000000 -9999.000000 -9999.000000
-0.085802 -0.330031 -0.662947 -0.162479 0.106043 0.669791 0.541202 0.703041 1.249617 -0.000034 -0.000055 -0.000072 -0.000212 -0.000042 -0.000051 -0.000048 -0.000092 -0.000125 -0.000044 -0.000027 -0.000019 -0.000008 -0.000017 -0.001078 -0.000096 -0.000039 -0.000016 -0.000027 -0.000017 -0.000007 -0.000019 -0.000109 -0.000169 -0.000042 -0.000141 -0.000052 -0.000064 -0.000017 0.000000 0.000000 -9999.000000 -9999.000000 -9999.000000 -9999.000000 -9999.000000 -9999.000000 -9999.000000 -9999.000000 -9999.000000 -9999.000000 -9999.000000 -9999.000000 -9999.000000 -9999.000000 -9999.000000 -9999.000000 -9999.000000 -9999.000000 -9999.000000 -9999.000000 -9999.000000
-0.062537 -0.301264 -0.335535 -0.002336 0.253656 0.811735 0.501084 0.608135 1.315278 0.928018 1.693227 -0.000061 -0.000137 -0.000024 -0.000073 -0.000064 -0.000085 -0.000078 -0.000039 -0.000048 -0.000022 -0.000006 -0.000582 -0.000669 -0.000099 -0.000045 -0.000023 -0.000047 -0.000021 -0.000007 -0.000020 -0.000101 -0.152934 -0.000479 -0.000038 -0.000003 0.000000 0.000000 -9999.000000 -9999.000000 -9999.000000 -9999.000000 -9999.000000 -9999.000000 -9999.000000 -9999.000000 -9999.000000 -9999.000000 -9999.000000 -9999.000000 -9999.000000 -9999.000000 -9999.000000 -9999.000000 -9999.000000 -9999.000000 -9999.000000 -9999.000000 -9999.000000 -9999.000000 -9999.000000
-0.063623 -0.319852 -0.206946 0.080976 0.373485 1.029282 0.557966 0.743227 1.303972 0.912236 1.655611 1.059831 1.512830 -0.000041 -0.000041 -0.000088 -0.000063 -0.000057 -0.000051 -0.000044 -0.000023 -0.000006 -0.000921 -0.000292 -0.000086 -0.000034 -0.000050 -0.000037 -0.000014 -0.000014 -0.000181 -0.000062 0.000002 0.000000 -9999.000000 -9999.000000 -9999.000000 -9999.000000 -9999.000000 -9999.000000 -9999.000000 -9999.000000 -9999.000000 -9999.000000 -9999.000000 -9999.000000 -9999.000000 -9999.000000 -9999.000000 -9999.000000 -9999.000000 -9999.000000 -9999.000000 -9999.000000 -9999.000000 -9999.000000 -9999.000000 -9999.000000 -9999.000000 -9999.000000 -9999.000000
-0.076696 -0.308932 0.000002 0.000001 0.000001 0.915482 0.549994 0.770267 1.440564 0.896192 1.689345 1.138455 1.574346 1.894013 -0.000053 -0.000116 -0.000053 -0.000049 -0.000052 -0.000077 -0.000132 -0.000253 -0.000770 -0.000183 -0.000091 -0.000032 -0.000056 -0.000032 -0.000011 -0.000009 -0.000113 0.000000 0.000000 -9999.000000 -9999.000000 -9999.000000 -9999.000000 -9999.000000 -9999.000000 -9999.000000 -9999.000000 -9999.000000 -9999.000000 -9999.000000 -9999.000000 -9999.000000 -9999.000000 -9999.000000 -9999.000000 -9999.000000 -9999.000000 -9999.000000 -9999.000000 -9999.000000 -9999.000000 -9999.000000 -9999.000000 -9999.000000 -9999.000000 -9999.000000 -9999.000000
0.000008 0.000016 0.000004 0.000000 0.000000 0.000005 0.000002 0.000001 1.224920 0.873808 1.741970 1.326802 1.555647 2.026198 1.871168 -0.000073 -0.000049 -0.000032 -0.000091 -0.000114 -0.000190 -0.000279 -0.000487 -0.000125 -0.000101 -0.000033 -0.000059 -0.000021 -0.000007 -9999.000000 -9999.000000 -9999.000000 -9999.000000 -9999.000000 -9999.000000 -9999.000000 -9999.000000 -9999.000000 -9999.000000 -9999.000000 -9999.000000 -9999.000000 -9999.000000 -9999.000000 -9999.000000 -9999.000000 -9999.000000 -9999.000000 -9999.000000 -9999.000000 -9999.000000 -9999.000000 -9999.000000 -9999.000000 -9999.000000 -9999.000000 -9999.000000 -9999.000000 -9999.000000 -9999.000000 -9999.000000
0.000010 0.000008 0.000020 0.000006 0.000005 0.000004 0.000001 0.000000 0.000000 0.000001 1.672398 1.344764 1.284016 1.975828 1.744982 0.971754 1.666887 -0.000076 -0.000047 -0.000185 -0.000194 -0.000218 -0.000237 -0.000088 -0.000059 -0.000067 -0.000039 -0.000017 -0.000004 -9999.000000 -9999.000000 -9999.000000 -9999.000000 -9999.000000 -9999.000000 -9999.000000 -9999.000000 -9999.000000 -9999.000000 -9999.000000 -9999.000000 -9999.000000 -9999.000000 -9999.000000 -9999.000000 -9999.000000 -9999.000000 -9999.000000 -9999.000000 -9999.000000 -9999.000000 -9999.000000 -9999.000000 -9999.000000 -9999.000000 -9999.000000 -9999.000000 -9999.000000 -9999.000000 -9999.000000 -9999.000000
0.000006 0.000008 0.000006 0.000021 0.000004 0.000005 0.000003 0.000001 0.000004 0.000003 0.000000 1.289539 1.163345 1.998322 1.734722 1.065044 1.736598 1.579132 -0.000035 -0.000169 -0.000122 -0.000263 -0.000212 -0.000069 -0.000046 -0.000079 -0.000045 -0.000010 -9999.000000 -9999.000000 -9999.000000 -9999.000000 -9999.000000 -9999.000000 -9999.000000 -9999.000000 -9999.000000 -9999.000000 -9999.000000 -9999.000000 -9999.000000 -9999.000000 -9999.000000 -9999.000000 -9999.000000 -9999.000000 -9999.000000 -9999.000000 -9999.000000 -9999.000000 -9999.000000 -9999.000000 -9999.000000 -9999.000000 -9999.000000 -9999.000000 -9999.000000 -9999.000000 -9999.000000 -9999.000000 -9999.000000
