001_floodsim/sample_code/hipims_case/output/hUy_3600.asc
ncols 269
nrows 269
xllcorner 0.000000
yllcorner 0.000000
cellsize 10.000000
NODATA_value -9999.000000
[rows 162 to 188 of 269, columns 0 to 60 of 269]
-9999.000000 -9999.000000 -9999.000000 -9999.000000 -9999.000000 -9999.000000 -9999.000000 -9999.000000 -9999.000000 -9999.000000 -9999.000000 -9999.000000 -9999.000000 -9999.000000 -9999.000000 -9999.000000 -9999.000000 0.000001 0.000010 0.000006 0.000009 1.277109 1.186389 2.385178 2.381067 1.789231 0.633958 0.148432 -0.276406 -0.802741 -1.865929 -1.435324 -0.295981 0.111397 0.657765 1.605656 1.107327 1.142959 1.042661 -0.000006 -0.000010 -0.000007 -0.000003 -0.000007 -1.038593 -0.625862 -0.608290 -0.689709 -0.232901 -0.113806 0.236977 0.700427 0.993414 0.643640 0.612396 -0.000000 -0.000000 -0.000001 -0.000006 -0.000003 -0.000001
-9999.000000 -9999.000000 -9999.000000 -9999.000000 -9999.000000 -9999.000000 -9999.000000 -9999.000000 -9999.000000 -9999.000000 -9999.000000 -9999.000000 -9999.000000 -9999.000000 -9999.000000 -9999.000000 -9999.000000 0.000000 0.000009 0.000004 0.000012 0.000014 0.000009 1.881260 2.169869 1.704990 0.676106 0.220538 -0.476972 -1.111152 -2.030033 -1.495414 -0.200451 0.233040 0.868660 1.958424 1.558825 1.326219 1.308185 0.383613 0.010528 -0.161746 -0.373623 -0.737485 -1.534738 -0.770687 -0.703199 -0.408441 -0.198851 -0.140705 0.124825 0.835642 1.407357 1.093066 1.522947 1.157343 -0.000006 -0.000006 -0.000016 -0.000007 -0.000003
-9999.000000 -9999.000000 -9999.000000 -9999.000000 -9999.000000 -9999.000000 -9999.000000 -9999.000000 -9999.000000 -9999.000000 -9999.000000 -9999.000000 -9999.000000 -9999.000000 -9999.000000 -9999.000000 -9999.000000 -9999.000000 0.000005 0.000003 0.000014 0.000009 0.000014 0.000016 1.798714 1.704559 0.584169 0.217212 -0.314461 -0.854717 -1.683997 -1.653048 0.000012 0.000009 0.000004 1.826138 1.666141 1.114784 1.331103 0.500975 0.080499 -0.174435 -0.388371 -0.669903 -1.260171 -0.807563 -0.850359 -0.302524 -0.156853 -0.037170 0.293557 0.824246 1.778678 1.369366 2.050216 1.740497 0.900369 0.800425 -0.000008 -0.986018 -0.802610
-9999.000000 -9999.000000 -9999.000000 -9999.000000 -9999.000000 -9999.000000 -9999.000000 -9999.000000 -9999.000000 -9999.000000 -9999.000000 -9999.000000 -9999.000000 -9999.000000 -9999.000000 -9999.000000 -9999.000000 -9999.000000 0.000000 0.000004 0.000006 0.000006 0.000008 0.000012 0.000014 1.368607 0.427767 0.078973 -0.296212 -0.777356 -1.578876 0.000012 0.000017 0.000010 0.000004 0.000008 1.134984 0.886855 1.435140 0.514281 0.213442 -0.075173 -0.237065 -0.383197 -1.157000 -0.875846 -1.017008 0.000004 0.000008 0.000021 0.000006 0.000004 1.540366 1.292033 2.284569 1.845609 1.002895 0.613077 -0.388785 -1.200554 -0.919579
-9999.000000 -9999.000000 -9999.000000 -9999.000000 -9999.000000 -9999.000000 -9999.000000 -9999.000000 -9999.000000 -9999.000000 -9999.000000 -9999.000000 -9999.000000 -9999.000000 -9999.000000 -9999.000000 -9999.000000 -9999.000000 -9999.000000 0.000004 0.000003 0.000001 0.000003 0.000005 0.000007 0.000012 0.000009 0.000508 0.000009 0.000010 0.000006 0.000016 0.000013 0.000008 0.000003 0.000007 0.000013 0.000011 0.971455 0.365057 0.144052 -0.114586 -0.289544 -0.481146 -0.942622 0.000014 0.000012 0.000008 0.000009 0.000017 0.000008 0.000010 0.000012 0.000011 2.015323 1.891683 1.055624 0.523584 -0.262794 -0.989744 -0.726456
-9999.000000 -9999.000000 -9999.000000 -9999.000000 -9999.000000 -9999.000000 -9999.000000 -9999.000000 -9999.000000 -9999.000000 -9999.000000 -9999.000000 -9999.000000 -9999.000000 -9999.000000 -9999.000000 -9999.000000 -9999.000000 -9999.000000 0.000001 0.000001 0.000000 0.000001 0.000001 0.000001 0.000001 0.000008 0.000004 0.000004 0.000022 0.000009 0.000011 0.000011 0.000007 0.000003 0.000006 0.000017 0.000008 0.000011 0.000012 0.080150 -0.083025 0.000011 0.000011 0.000018 0.000016 0.000009 0.000003 0.000023 0.000005 0.000006 0.000008 0.000011 0.000020 0.000010 1.445520 1.059646 0.333103 -0.180212 -0.892174 -0.771165
-9999.000000 -9999.000000 -9999.000000 -9999.000000 -9999.000000 -9999.000000 -9999.000000 -9999.000000 -9999.000000 -9999.000000 -9999.000000 -9999.000000 -9999.000000 -9999.000000 -9999.000000 -9999.000000 -9999.000000 -9999.000000 -9999.000000 0.000000 0.000001 0.000000 0.000000 0.000000 0.000000 0.000000 0.000001 0.000000 0.000000 0.000029 0.000008 0.000007 0.000006 0.000006 0.000006 0.000003 0.000008 0.000006 0.000008 0.000009 0.000011 0.000036 0.000008 0.000016 0.000007 0.000014 0.000006 0.000003 0.000017 0.000009 0.000002 0.000004 0.000004 0.000041 0.000010 0.000004 0.599237 0.127539 -0.216774 -0.657594 0.000007
-9999.000000 -9999.000000 -9999.000000 -9999.000000 -9999.000000 -9999.000000 -9999.000000 -9999.000000 -9999.000000 -9999.000000 -9999.000000 -9999.000000 -9999.000000 -9999.000000 -9999.000000 -9999.000000 -9999.000000 -9999.000000 -9999.000000 -9999.000000 0.000000 -0.000001 -0.000002 -0.000001 0.000000 -0.000000 -0.000000 -0.000002 0.000042 0.000009 0.000004 0.000003 0.000004 0.000008 0.000006 0.000006 0.000003 0.000005 0.000007 0.000005 0.000013 0.000026 0.000007 0.000014 0.000005 0.000008 0.000003 0.000005 0.000009 0.000013 0.000002 0.000001 0.000000 0.000028 0.000007 0.000005 0.000007 0.000002 0.000012 0.000018 0.000003
-9999.000000 -9999.000000 -9999.000000 -9999.000000 -9999.000000 -9999.000000 -9999.000000 -9999.000000 -9999.000000 -9999.000000 -9999.000000 -9999.000000 -9999.000000 -9999.000000 -9999.000000 -9999.000000 -9999.000000 -9999.000000 -9999.000000 -9999.000000 -0.000000 -0.000002 -0.000005 -0.000006 -0.000000 -0.000003 0.000003 0.000073 0.000008 0.000012 0.000001 0.000001 0.000005 0.000012 0.000005 0.000004 0.000004 0.000002 0.000005 0.000005 0.000033 0.000008 0.000006 0.000011 0.000005 0.000002 0.000005 0.000007 0.000020 0.000003 0.000000 0.000000 0.000000 0.000026 0.000004 0.000004 0.000001 0.000002 0.000021 0.000004 0.000002
-9999.000000 -9999.000000 -9999.000000 -9999.000000 -9999.000000 -9999.000000 -9999.000000 -9999.000000 -9999.000000 -9999.000000 -9999.000000 -9999.000000 -9999.000000 -9999.000000 -9999.000000 -9999.000000 -9999.000000 -9999.000000 -9999.000000 -9999.000000 -9999.000000 0.000000 0.000000 0.000000 -0.000002 -0.000046 0.000006 0.000007 0.000003 0.000028 0.000000 0.000001 0.000002 0.000004 0.000001 0.000000 0.000002 0.000001 0.000001 0.000004 0.000034 0.000006 0.000006 0.000005 0.000004 0.000002 0.000004 0.000005 0.000008 0.000004 0.000005 0.000003 0.000000 0.000024 0.000001 0.000001 0.000000 0.000011 0.000003 0.000001 0.000001
-9999.000000 -9999.000000 -9999.000000 -9999.000000 -9999.000000 -9999.000000 -9999.000000 -9999.000000 -9999.000000 -9999.000000 -9999.000000 -9999.000000 -9999.000000 -9999.000000 -9999.000000 -9999.000000 -9999.000000 -9999.000000 -9999.000000 -9999.000000 -9999.000000 -0.000000 0.000002 0.000001 -0.000007 0.000004 0.000005 0.000005 0.000003 0.000044 0.000016 0.000001 0.000001 0.000000 0.000000 0.000000 0.000000 0.000000 0.000000 0.000001 0.000008 0.000002 0.000002 0.000002 0.000001 0.000003 0.000004 0.000006 0.000008 0.000011 0.000004 0.000001 0.000000 0.000015 0.000000 0.000000 0.000000 0.000006 0.000000 0.000000 0.000000
-9999.000000 -9999.000000 -9999.000000 -9999.000000 -9999.000000 -9999.000000 -9999.000000 -9999.000000 -9999.000000 -9999.000000 -9999.000000 -9999.000000 -9999.000000 -9999.000000 -9999.000000 -9999.000000 -9999.000000 -9999.000000 -9999.000000 -9999.000000 -9999.000000 -9999.000000 0.000001 0.000000 -0.000004 0.000000 0.000001 0.000002 0.000002 0.000005 0.000015 0.000002 0.000000 0.000000 -0.000002 -0.000007 -0.000002 -0.000001 -0.000008 0.000000 0.000000 0.000000 0.000000 0.000001 0.000000 0.000001 0.000002 0.000005 0.000009 0.000004 0.000003 0.000000 0.000004 0.000027 0.000000 0.000000 0.000001 0.000004 0.000000 -0.000001 0.000004
-9999.000000 -9999.000000 -9999.000000 -9999.000000 -9999.000000 -9999.000000 -9999.000000 -9999.000000 -9999.000000 -9999.000000 -9999.000000 -9999.000000 -9999.000000 -9999.000000 -9999.000000 -9999.000000 -9999.000000 -9999.000000 -9999.000000 -9999.000000 -9999.000000 -9999.000000 0.000000 0.000000 0.000000 0.000005 0.000000 0.000000 0.000001 0.000001 0.000001 0.000010 -0.000000 -0.000001 -0.000003 -0.000022 -0.000006 -0.000009 -0.000007 -0.000001 -0.000002 -0.000000 0.000000 0.000000 0.000000 0.000000 0.000001 0.000002 0.000005 0.000002 0.000002 0.000005 0.000008 0.000027 0.000001 0.000000 0.000002 0.000008 0.000002 0.000007 0.000024
-9999.000000 -9999.000000 -9999.000000 -9999.000000 -9999.000000 -9999.000000 -9999.000000 -9999.000000 -9999.000000 -9999.000000 -9999.000000 -9999.000000 -9999.000000 -9999.000000 -9999.000000 -9999.000000 -9999.000000 -9999.000000 -9999.000000 -9999.000000 -9999.000000 -9999.000000 -0.000000 -0.000001 0.000006 0.000010 -0.000000 0.000000 0.000000 0.000000 0.000000 0.000005 -0.000002 -0.000001 -0.000002 -0.000004 -0.000008 -0.000016 -0.000004 -0.000004 -0.000004 -0.000002 -0.000001 -0.000002 -0.000002 -0.000001 -0.000000 0.000000 0.000001 0.000001 0.000004 0.000007 0.000005 0.000026 0.000007 0.000006 0.000004 0.000005 0.000002 0.000005 0.000024
-9999.000000 -9999.000000 -9999.000000 -9999.000000 -9999.000000 -9999.000000 -9999.000000 -9999.000000 -9999.000000 -9999.000000 -9999.000000 -9999.000000 -9999.000000 -9999.000000 -9999.000000 -9999.000000 -9999.000000 -9999.000000 -9999.000000 -9999.000000 -9999.000000 -9999.000000 -0.000000 0.000005 0.000005 0.000019 -0.000002 -0.000003 -0.000006 -0.000003 0.000000 0.000000 0.000000 0.000000 -0.000001 -0.000003 -0.000041 0.000005 0.000004 0.000002 -0.000006 -0.000004 -0.000004 -0.000003 -0.000005 -0.000003 -0.000001 0.000000 0.000000 0.000000 0.000015 0.000001 0.000005 0.000026 0.000006 0.000011 0.000006 0.000006 0.000002 0.000006 0.000024
-9999.000000 -9999.000000 -9999.000000 -9999.000000 -9999.000000 -9999.000000 -9999.000000 -9999.000000 -9999.000000 -9999.000000 -9999.000000 -9999.000000 -9999.000000 -9999.000000 -9999.000000 -9999.000000 -9999.000000 -9999.000000 -9999.000000 -9999.000000 -9999.000000 -9999.000000 -9999.000000 0.000004 0.000002 0.000007 0.000014 -0.000008 -0.000009 -0.000005 -0.000003 -0.000001 -0.000003 -0.000002 0.000036 0.000005 0.000006 0.000003 0.000001 0.000015 0.000008 0.000007 -0.000002 -0.000003 -0.000006 -0.000003 -0.000004 -0.000001 -0.000000 0.000003 0.000027 0.000002 0.000010 0.000033 0.000006 0.000013 0.000007 0.000006 0.000003 0.000006 0.000030
-9999.000000 -9999.000000 -9999.000000 -9999.000000 -9999.000000 -9999.000000 -9999.000000 -9999.000000 -9999.000000 -9999.000000 -9999.000000 -9999.000000 -9999.000000 -9999.000000 -9999.000000 -9999.000000 -9999.000000 -9999.000000 -9999.000000 -9999.000000 -9999.000000 -9999.000000 -9999.000000 0.000002 0.000002 0.000005 0.000008 0.000016 0.000006 0.000043 -0.000010 -0.000003 -0.000007 -0.000003 0.000003 0.000003 0.000008 0.000003 0.000002 0.000006 0.000004 0.000004 0.000002 0.000001 0.000035 -0.000002 -0.000001 0.000001 0.000002 0.000007 0.000016 0.000003 0.000020 0.000008 0.000006 0.000013 0.000007 0.000006 0.000003 0.000006 0.000043
-9999.000000 -9999.000000 -9999.000000 -9999.000000 -9999.000000 -9999.000000 -9999.000000 -9999.000000 -9999.000000 -9999.000000 -9999.000000 -9999.000000 -9999.000000 -9999.000000 -9999.000000 -9999.000000 -9999.000000 -9999.000000 -9999.000000 -9999.000000 -9999.000000 -9999.000000 -9999.000000 0.000000 0.000001 0.000003 0.000005 0.000011 0.000005 0.000007 0.000041 0.000001 0.000002 0.000001 0.000001 0.000001 0.000010 0.000004 0.000002 0.000001 0.000001 0.000001 0.000000 0.000002 0.000009 0.000005 0.000004 0.000004 0.000002 0.000015 0.000006 0.000003 0.000017 0.000010 0.000006 0.000016 0.000006 0.000007 0.000003 0.000008 0.000032
-9999.000000 -9999.000000 -9999.000000 -9999.000000 -9999.000000 -9999.000000 -9999.000000 -9999.000000 -9999.000000 -9999.000000 -9999.000000 -9999.000000 -9999.000000 -9999.000000 -9999.000000 -9999.000000 -9999.000000 -9999.000000 -9999.000000 -9999.000000 -9999.000000 -9999.000000 -9999.000000 -9999.000000 0.000002 0.000001 0.000002 0.000005 0.000003 0.000005 0.000014 0.000000 0.000000 0.000000 0.000000 0.000001 0.000003 0.000002 0.000001 0.000000 0.000000 0.000000 0.000000 0.000001 0.000001 0.000004 0.000003 0.000004 0.000004 0.000010 0.000007 0.000006 0.000006 0.000014 0.000009 0.000019 0.000009 0.000011 0.000006 0.000014 0.000041
-9999.000000 -9999.000000 -9999.000000 -9999.000000 -9999.000000 -9999.000000 -9999.000000 -9999.000000 -9999.000000 -9999.000000 -9999.000000 -9999.000000 -9999.000000 -9999.000000 -9999.000000 -9999.000000 -9999.000000 -9999.000000 -9999.000000 -9999.000000 -9999.000000 -9999.000000 -9999.000000 -9999.000000 0.000001 0.000000 0.000000 0.000001 0.000002 0.000004 0.000007 0.000001 0.000000 0.000000 0.000001 0.000001 0.000000 0.000000 -0.000000 -0.000001 -0.000001 -0.000003 -0.000000 0.000000 0.000000 0.000000 0.000000 0.000001 0.000001 0.000006 0.000005 0.000005 0.000005 0.000017 0.000010 0.000017 0.000009 0.000010 0.000006 0.000015 0.000042
-9999.000000 -9999.000000 -9999.000000 -9999.000000 -9999.000000 -9999.000000 -9999.000000 -9999.000000 -9999.000000 -9999.000000 -9999.000000 -9999.000000 -9999.000000 -9999.000000 -9999.000000 -9999.000000 -9999.000000 -9999.000000 -9999.000000 -9999.000000 -9999.000000 -9999.000000 -9999.000000 -9999.000000 -0.000000 -0.000000 -0.000000 0.000000 0.000001 0.000003 0.000004 0.000004 0.000000 0.000000 0.000001 0.000001 0.000000 -0.000000 -0.000000 -0.000001 -0.000003 -0.000010 -0.000001 0.000001 -0.000000 -0.000000 0.000000 0.000000 0.000000 0.000004 0.000004 0.000006 0.000008 0.000017 0.000010 0.000014 0.000018 0.000015 0.000006 0.000013 0.000024
-9999.000000 -9999.000000 -9999.000000 -9999.000000 -9999.000000 -9999.000000 -9999.000000 -9999.000000 -9999.000000 -9999.000000 -9999.000000 -9999.000000 -9999.000000 -9999.000000 -9999.000000 -9999.000000 -9999.000000 -9999.000000 -9999.000000 -9999.000000 -9999.000000 -9999.000000 -9999.000000 -9999.000000 -9999.000000 -0.000000 -0.000001 -0.000000 0.000000 0.000001 0.000005 0.000011 -0.000000 0.000000 0.000000 0.000000 -0.000000 -0.000000 -0.000001 0.000000 -0.000003 -0.000015 -0.000002 0.000004 0.000024 0.000012 0.000006 0.000012 0.000003 0.000004 0.000005 0.000004 0.000013 0.000011 0.000016 0.000016 0.000026 0.000014 0.000005 0.000009 0.000013
-9999.000000 -9999.000000 -9999.000000 -9999.000000 -9999.000000 -9999.000000 -9999.000000 -9999.000000 -9999.000000 -9999.000000 -9999.000000 -9999.000000 -9999.000000 -9999.000000 -9999.000000 -9999.000000 -9999.000000 -9999.000000 -9999.000000 -9999.000000 -9999.000000 -9999.000000 -9999.000000 -9999.000000 -9999.000000 -0.000000 -0.000001 -0.000000 -0.000000 0.000002 0.000006 0.000016 -0.000002 -0.000000 0.000000 0.000000 -0.000001 -0.000003 -0.000006 -0.000002 -0.000005 -0.000000 0.000000 0.000002 0.000007 0.000005 0.000003 0.000005 0.000007 0.000003 0.000002 0.000002 0.000007 0.000011 0.000015 0.000011 0.000021 0.000014 0.000011 0.000005 0.000009
-9999.000000 -9999.000000 -9999.000000 -9999.000000 -9999.000000 -9999.000000 -9999.000000 -9999.000000 -9999.000000 -9999.000000 -9999.000000 -9999.000000 -9999.000000 -9999.000000 -9999.000000 -9999.000000 -9999.000000 -9999.000000 -9999.000000 -9999.000000 -9999.000000 -9999.000000 -9999.000000 -9999.000000 -9999.000000 -9999.000000 -0.000001 0.000001 0.000003 0.000003 0.000005 0.000006 -0.000009 -0.000002 -0.000001 -0.000003 -0.000003 -0.000000 0.000052 0.000016 0.000022 0.000006 -0.000001 0.000000 0.000002 0.000002 0.000002 0.000003 0.000007 0.000004 0.000001 0.000002 0.000006 0.000008 0.000006 0.000004 0.000011 0.000011 0.000009 0.000005 0.000005
-9999.000000 -9999.000000 -9999.000000 -9999.000000 -9999.000000 -9999.000000 -9999.000000 -9999.000000 -9999.000000 -9999.000000 -9999.000000 -9999.000000 -9999.000000 -9999.000000 -9999.000000 -9999.000000 -9999.000000 -9999.000000 -9999.000000 -9999.000000 -9999.000000 -9999.000000 -9999.000000 -9999.000000 -9999.000000 -9999.000000 -0.000000 0.000002 0.000001 0.000001 0.000001 0.000003 0.000060 -0.000017 0.000000 0.000001 0.000000 0.000003 0.000007 0.000005 0.000002 0.000011 -0.000001 0.000000 0.000000 0.000000 0.000000 0.000000 0.000002 0.000009 0.000004 0.000001 0.000003 0.000002 0.000000 0.000000 0.000002 0.000003 0.000002 0.000003 0.000000
-9999.000000 -9999.000000 -9999.000000 -9999.000000 -9999.000000 -9999.000000 -9999.000000 -9999.000000 -9999.000000 -9999.000000 -9999.000000 -9999.000000 -9999.000000 -9999.000000 -9999.000000 -9999.000000 -9999.000000 -9999.000000 -9999.000000 -9999.000000 -9999.000000 -9999.000000 -9999.000000 -9999.000000 -9999.000000 -9999.000000 0.000000 0.000001 0.000001 0.000001 0.000000 0.000001 0.000005 0.000014 0.000002 0.000006 0.000003 0.000002 0.000007 0.000004 0.000002 0.000004 0.000037 -0.000001 -0.000001 -0.000000 -0.000001 0.000000 0.000000 0.000005 0.000008 0.000001 -0.000000 -0.000000 -0.000000 0.000000 0.000000 0.000000 0.000000 0.000000 -0.000001
-9999.000000 -9999.000000 -9999.000000 -9999.000000 -9999.000000 -9999.000000 -9999.000000 -9999.000000 -9999.000000 -9999.000000 -9999.000000 -9999.000000 -9999.000000 -9999.000000 -9999.000000 -9999.000000 -9999.000000 -9999.000000 -9999.000000 -9999.000000 -9999.000000 -9999.000000 -9999.000000 -9999.000000 -9999.000000 -9999.000000 -9999.000000 0.000001 0.000002 0.000002 0.000002 0.000005 0.000004 0.000016 0.000000 0.000000 0.000000 0.000004 0.000004 0.000004 0.000003 0.000004 0.000006 0.000072 -0.000008 -0.000003 -0.000001 0.000001 0.000003 0.000005 0.000006 0.000019 0.000023 0.000005 0.000016 0.000017 0.000010 0.000007 -0.000001 -0.000000 0.000002
