hipims_case/output/h_4500.asc
ncols 269
nrows 269
xllcorner 0.000000
yllcorner 0.000000
cellsize 10.000000
NODATA_value -9999.000000
[rows 140 to 167 of 269, columns 0 to 61 of 269]
-9999.000000 -9999.000000 -9999.000000 -9999.000000 -9999.000000 -9999.000000 4.999216 0.055476 0.089277 0.098165 0.000209 0.000194 0.125583 0.050092 0.036100 0.018298 0.190231 0.006546 0.000964 0.000826 0.000790 0.001248 0.000959 0.000671 0.000996 0.000249 0.004473 0.001599 0.001434 0.001213 0.000809 0.000627 0.000620 0.000364 0.000257 0.000195 0.000140 0.000782 0.000415 0.000329 0.000210 0.000475 0.000585 0.000593 0.000814 0.002036 0.000783 0.000657 0.000866 0.000393 0.000373 0.000544 0.021323 0.001632 0.001974 0.003629 0.002057 0.001021 0.001264 0.001522 0.000517 0.000221
-9999.000000 -9999.000000 -9999.000000 -9999.000000 -9999.000000 -9999.000000 4.991864 0.167409 0.181302 0.169821 0.065829 0.000140 0.083113 0.025644 0.031841 0.060119 0.017519 0.008168 0.001105 0.000746 0.000610 0.000269 0.000237 0.000443 0.000196 0.008080 0.012751 0.000649 0.000437 0.000445 0.000437 0.000414 0.000346 0.000357 0.000403 0.000324 0.000195 0.000619 0.000637 0.000540 0.000472 0.000473 0.000600 0.000668 0.000844 0.008606 0.000865 0.000754 0.000707 0.000295 0.000431 0.000574 0.023333 0.002058 0.001876 0.001545 0.001503 0.001488 0.000246 0.000287 0.000379 0.000538
-9999.000000 -9999.000000 -9999.000000 -9999.000000 -9999.000000 -9999.000000 4.972375 0.285622 0.251765 0.189255 0.098826 0.078751 0.344558 0.199053 0.115138 0.049696 0.030274 0.013583 0.001410 0.000760 0.001367 0.002137 0.000737 0.001460 0.000140 0.006133 0.024368 0.000221 0.000219 0.000226 0.000231 0.000248 0.000296 0.000414 0.000580 0.000257 0.000347 0.000579 0.000679 0.000675 0.000822 0.000559 0.000653 0.000744 0.001668 0.040912 0.020138 0.004368 0.007899 0.000252 0.002261 0.002219 0.001128 0.001200 0.000941 0.001450 0.001416 0.000864 0.001622 0.002304 0.003000 0.000645
-9999.000000 -9999.000000 -9999.000000 -9999.000000 -9999.000000 -9999.000000 4.955136 0.313540 0.293039 0.301584 0.332303 0.402750 0.455068 0.294221 0.126799 0.065943 0.044041 0.022932 0.001932 0.000853 0.000833 0.000911 0.001779 0.000643 0.001878 0.001929 0.009114 0.002251 0.000418 0.000416 0.000403 0.000364 0.000246 0.000435 0.000773 0.000496 0.000937 0.000697 0.001271 0.000893 0.001136 0.000920 0.000862 0.002844 0.002216 0.000583 0.000291 0.000511 0.014316 0.010474 0.010670 0.001468 0.001747 0.001407 0.000743 0.000964 0.001882 0.002387 0.001992 0.000829 0.001582 0.001938
-9999.000000 -9999.000000 -9999.000000 -9999.000000 -9999.000000 -9999.000000 4.947113 0.294945 0.301251 0.391183 0.545972 0.626884 0.473566 0.145437 0.124248 0.095113 0.064489 0.035571 0.002439 0.001237 0.000400 0.000456 0.000140 0.001218 0.001178 0.001859 0.001076 0.002356 0.000552 0.000520 0.000479 0.000402 0.000228 0.000442 0.001129 0.000262 0.000693 0.000478 0.000937 0.000604 0.000738 0.000892 0.008079 0.014304 0.000823 0.000651 0.000396 0.000508 0.000631 0.002152 0.000928 0.001081 0.001505 0.003163 0.000218 0.000214 0.000196 0.000263 0.000228 0.000238 0.000270 0.000347
-9999.000000 -9999.000000 -9999.000000 -9999.000000 -9999.000000 -9999.000000 4.954447 0.271449 0.284185 0.354433 0.460657 0.485704 0.221589 0.166812 0.172785 0.127352 0.086488 0.103636 0.002777 0.000435 0.000371 0.000651 0.000197 0.002898 0.000673 0.000731 0.000294 0.003001 0.002878 0.000602 0.000525 0.000418 0.000222 0.000445 0.001406 0.000236 0.000600 0.000621 0.001432 0.000387 0.000660 0.000854 0.037827 0.001050 0.000883 0.000757 0.000649 0.000445 0.000593 0.001463 0.000670 0.000562 0.000250 0.003836 0.004540 0.001857 0.002703 0.005642 0.003920 0.003825 0.000514 0.000590
-9999.000000 -9999.000000 -9999.000000 -9999.000000 -9999.000000 -9999.000000 4.979257 0.165747 0.227236 0.150240 0.168105 0.279461 0.178668 0.186243 0.223189 0.178536 0.182065 0.144047 0.006272 0.000296 0.000415 0.000140 0.000600 0.004143 0.000782 0.000467 0.000286 0.000572 0.004259 0.014619 0.000575 0.000439 0.000223 0.000454 0.001835 0.000589 0.000744 0.000762 0.000784 0.000661 0.000720 0.003268 0.002174 0.001075 0.000889 0.000765 0.000678 0.000721 0.000575 0.000865 0.000624 0.000631 0.000295 0.000378 0.003996 0.041832 0.003847 0.000573 0.000433 0.003858 0.003886 0.003782
-9999.000000 -9999.000000 -9999.000000 -9999.000000 -9999.000000 -9999.000000 4.984100 0.158883 0.118833 0.094781 0.123432 0.261021 0.223962 0.231664 0.259240 0.220584 0.212840 0.164156 0.036669 0.000362 0.000197 0.000309 0.000253 0.001057 0.000487 0.000434 0.000385 0.000627 0.001053 0.002942 0.025409 0.026929 0.022649 0.007298 0.013619 0.000958 0.000457 0.002838 0.002089 0.014565 0.015223 0.003896 0.001322 0.001100 0.001420 0.001328 0.000995 0.001121 0.000560 0.000564 0.000471 0.000731 0.000405 0.000249 0.000672 0.000775 0.002060 0.000874 0.000700 0.000528 0.000509 0.000763
-9999.000000 -9999.000000 -9999.000000 -9999.000000 -9999.000000 -9999.000000 4.972466 0.175034 0.123775 0.077806 0.093951 0.144721 0.244919 0.266181 0.271454 0.233893 0.203562 0.167760 0.073286 0.000813 0.000305 0.006077 0.016876 0.000607 0.000352 0.000276 0.000591 0.000688 0.001274 0.001387 0.004640 0.019677 0.012255 0.003079 0.013786 0.009934 0.006803 0.009001 0.016331 0.006538 0.001188 0.001477 0.001420 0.001170 0.001434 0.000952 0.000795 0.000689 0.000683 0.000488 0.000406 0.000567 0.000347 0.000303 0.000826 0.000754 0.001325 0.000620 0.001118 0.000658 0.000469 0.000367
-9999.000000 -9999.000000 -9999.000000 -9999.000000 -9999.000000 -9999.000000 4.913585 0.434811 0.898630 1.084986 0.680137 0.432111 0.338302 0.318755 0.306833 0.296058 0.245513 0.117636 0.017887 0.000140 0.000316 0.000974 0.001233 0.000413 0.000218 0.000497 0.000971 0.000624 0.001624 0.001362 0.001117 0.000977 0.001230 0.000814 0.000958 0.002652 0.003747 0.000819 0.000708 0.000652 0.000675 0.001376 0.001439 0.000805 0.000730 0.000949 0.000729 0.000563 0.000475 0.000390 0.000354 0.000309 0.000140 0.000445 0.001643 0.000543 0.000490 0.000406 0.000578 0.000412 0.000386 0.000192
-9999.000000 -9999.000000 -9999.000000 -9999.000000 -9999.000000 -9999.000000 4.693889 1.353296 1.832888 1.763092 0.809564 0.417108 0.375355 0.388652 0.417753 0.438350 0.349856 0.095002 0.000404 0.000196 0.000213 0.001874 0.000517 0.000396 0.000217 0.000404 0.000552 0.000902 0.002232 0.001019 0.000732 0.000685 0.000796 0.000883 0.000945 0.000997 0.004166 0.000777 0.000608 0.000449 0.000230 0.000716 0.002548 0.000704 0.000715 0.000705 0.001138 0.000486 0.000384 0.000195 0.000140 0.000197 0.000310 0.000494 0.000443 0.000422 0.000386 0.000306 0.000273 0.000211 0.000343 0.000418
-9999.000000 -9999.000000 -9999.000000 -9999.000000 -9999.000000 -9999.000000 -9999.000000 0.000140 2.249668 1.874368 0.572519 0.430165 0.433504 0.505085 0.629255 3.683832 3.478229 0.000140 0.000705 0.004201 0.013916 0.000584 0.000469 0.000381 0.000212 0.000378 0.000538 0.000801 0.002365 0.000473 0.000236 0.000518 0.000773 0.000797 0.000849 0.000891 0.003508 0.000774 0.000609 0.000450 0.000244 0.000496 0.001558 0.000564 0.000559 0.000532 0.000849 0.000763 0.000660 0.000327 0.000196 0.000455 0.002448 0.001225 0.000223 0.000223 0.000227 0.000236 0.000463 0.000217 0.000910 0.000549
-9999.000000 -9999.000000 -9999.000000 -9999.000000 -9999.000000 -9999.000000 -9999.000000 -9999.000000 0.000140 1.680291 0.378333 0.563380 0.577185 0.688570 3.931311 3.701611 3.378194 1.070600 0.000140 0.000466 0.002908 0.000526 0.000425 0.000327 0.000196 0.000325 0.000538 0.000889 0.002848 0.000478 0.000261 0.000576 0.000830 0.001023 0.001144 0.001231 0.004386 0.001219 0.000624 0.000445 0.000285 0.000362 0.001050 0.000433 0.000427 0.000421 0.000416 0.000350 0.000508 0.000389 0.000213 0.002264 0.004003 0.000845 0.001828 0.000772 0.000438 0.000225 0.000629 0.000473 0.001734 0.002158
-9999.000000 -9999.000000 -9999.000000 -9999.000000 -9999.000000 -9999.000000 -9999.000000 -9999.000000 -9999.000000 0.000170 0.000170 0.843412 0.629110 0.675519 3.734189 3.597660 0.964351 1.084107 1.136724 0.000519 0.000638 0.000473 0.000350 0.000196 0.000140 0.000196 0.000553 0.001051 0.001341 0.000477 0.000327 0.000658 0.001348 0.000805 0.000771 0.000764 0.001958 0.001239 0.000640 0.000422 0.000392 0.000218 0.000607 0.000218 0.000211 0.000189 0.000256 0.000196 0.000140 0.000397 0.002106 0.001907 0.000479 0.000495 0.000515 0.000223 0.000229 0.000351 0.001001 0.000490 0.000934 0.001836
-9999.000000 -9999.000000 -9999.000000 -9999.000000 -9999.000000 -9999.000000 -9999.000000 -9999.000000 -9999.000000 -9999.000000 -9999.000000 0.000140 0.834637 0.709815 0.832719 0.902169 1.030707 1.132027 0.996915 0.000450 0.000454 0.000435 0.000259 0.000327 0.000196 0.000664 0.001040 0.001327 0.000228 0.000422 0.000470 0.000748 0.000946 0.000708 0.000591 0.000606 0.000781 0.001556 0.001093 0.000262 0.000338 0.000213 0.000216 0.000773 0.000470 0.000540 0.000697 0.000959 0.001452 0.008451 0.004152 0.000847 0.000212 0.000190 0.000265 0.000222 0.000352 0.000454 0.000619 0.000897 0.000752 0.002276
-9999.000000 -9999.000000 -9999.000000 -9999.000000 -9999.000000 -9999.000000 -9999.000000 -9999.000000 -9999.000000 -9999.000000 -9999.000000 -9999.000000 0.000140 0.777708 0.727794 0.970708 1.124500 1.105164 0.858694 0.000245 0.000298 0.000421 0.001012 0.001152 0.000815 0.000303 0.000901 0.000423 0.000241 0.000385 0.000602 0.000764 0.001911 0.000243 0.000319 0.000473 0.000336 0.000726 0.001251 0.001063 0.000211 0.000196 0.000574 0.005326 0.019219 0.002605 0.003823 0.002442 0.001974 0.001094 0.008526 0.000692 0.000339 0.000210 0.000359 0.000403 0.000641 0.000464 0.000633 0.000836 0.000859 0.002680
-9999.000000 -9999.000000 -9999.000000 -9999.000000 -9999.000000 -9999.000000 -9999.000000 -9999.000000 -9999.000000 -9999.000000 -9999.000000 -9999.000000 -9999.000000 0.000335 0.000190 0.951445 1.197539 1.199532 1.046843 0.891706 0.000690 0.000848 0.001219 0.000305 0.000438 0.000442 0.000407 0.000384 0.000279 0.000299 0.000370 0.000381 0.000801 0.000285 0.000140 0.000196 0.000213 0.000333 0.000365 0.000822 0.000311 0.000140 0.000194 0.002057 0.011989 0.000346 0.000194 0.000601 0.000209 0.000337 0.001115 0.000585 0.000263 0.000358 0.000588 0.001010 0.000650 0.000641 0.000709 0.023493 0.015238 0.003017
-9999.000000 -9999.000000 -9999.000000 -9999.000000 -9999.000000 -9999.000000 -9999.000000 -9999.000000 -9999.000000 -9999.000000 -9999.000000 -9999.000000 -9999.000000 0.000239 0.000270 0.000326 1.436835 1.296752 1.190962 0.987872 0.537860 0.000612 0.000622 0.000368 0.000189 0.000253 0.000188 0.000255 0.000188 0.000257 0.000197 0.000140 0.000292 0.000140 0.000285 0.000357 0.000681 0.000195 0.000140 0.000300 0.000758 0.000308 0.000211 0.000418 0.000351 0.000284 0.000140 0.000237 0.000184 0.000210 0.000759 0.001179 0.000236 0.000413 0.000462 0.000637 0.000898 0.000639 0.011323 0.001955 0.000331 0.000259
-9999.000000 -9999.000000 -9999.000000 -9999.000000 -9999.000000 -9999.000000 -9999.000000 -9999.000000 -9999.000000 -9999.000000 -9999.000000 -9999.000000 -9999.000000 -9999.000000 0.000232 0.000251 1.226009 1.315544 1.265583 1.229231 0.965762 0.499333 0.000616 0.000469 0.000399 0.000368 0.000524 0.000368 0.000513 0.000359 0.000213 0.000301 0.000391 0.000661 0.000239 0.000526 0.011607 0.000321 0.000196 0.000411 0.001141 0.001377 0.007031 0.017309 0.000192 0.000140 0.000286 0.000497 0.000337 0.000394 0.000637 0.001171 0.000576 0.000982 0.000321 0.000591 0.000825 0.011840 0.001354 0.000195 0.000140 0.000324
-9999.000000 -9999.000000 -9999.000000 -9999.000000 -9999.000000 -9999.000000 -9999.000000 -9999.000000 -9999.000000 -9999.000000 -9999.000000 -9999.000000 -9999.000000 -9999.000000 -9999.000000 0.000194 0.000313 1.341359 1.348488 1.385502 1.392158 1.411391 1.435495 1.079532 0.000566 0.000584 0.000995 0.000690 0.000597 0.000271 0.000346 0.000409 0.001002 0.000628 0.000448 0.000479 0.000463 0.001064 0.000397 0.000140 0.000232 0.000186 0.000300 0.000948 0.000594 0.000194 0.000361 0.000889 0.000262 0.000435 0.000602 0.001151 0.000708 0.003659 0.003343 0.003266 0.008666 0.001860 0.000673 0.000382 0.000323 0.000234
-9999.000000 -9999.000000 -9999.000000 -9999.000000 -9999.000000 -9999.000000 -9999.000000 -9999.000000 -9999.000000 -9999.000000 -9999.000000 -9999.000000 -9999.000000 -9999.000000 -9999.000000 0.000140 0.000353 0.000414 1.395116 1.404407 1.415028 1.543647 1.589606 1.695964 1.565738 0.000660 0.000630 0.000438 0.000284 0.000382 0.000436 1.906862 1.905972 1.903276 1.721732 1.121705 0.000444 0.000217 0.000385 0.000194 0.001078 0.000300 0.000140 0.000196 0.000264 0.000282 0.000894 0.000893 0.000389 0.000302 0.000539 0.000916 0.037463 0.003778 0.000195 0.001151 0.000570 0.000612 0.000786 0.001686 0.000583 0.000323
-9999.000000 -9999.000000 -9999.000000 -9999.000000 -9999.000000 -9999.000000 -9999.000000 -9999.000000 -9999.000000 -9999.000000 -9999.000000 -9999.000000 -9999.000000 -9999.000000 -9999.000000 -9999.000000 0.000140 0.000295 0.000517 1.142477 1.011405 1.266581 1.346973 1.457018 1.494700 1.354460 0.000627 0.000449 0.000244 0.000411 1.697912 2.019387 2.016365 2.002732 1.919567 1.664820 1.391449 0.868514 0.000417 0.000211 0.000550 0.001501 0.000385 0.000242 0.000357 0.000557 0.000684 1.346494 1.142332 1.031965 1.164419 1.164343 0.000211 0.000195 0.000140 0.000665 0.000332 0.000196 0.000140 0.000422 0.000421 0.000380
-9999.000000 -9999.000000 -9999.000000 -9999.000000 -9999.000000 -9999.000000 -9999.000000 -9999.000000 -9999.000000 -9999.000000 -9999.000000 -9999.000000 -9999.000000 -9999.000000 -9999.000000 -9999.000000 -9999.000000 0.000194 0.000549 0.000411 0.000595 1.207311 1.128820 1.578197 1.772373 1.712963 1.508303 0.929604 0.631068 1.032912 1.892263 1.967972 1.975614 1.957788 1.923855 1.925336 1.801797 1.560332 1.138625 0.000454 0.000871 0.000741 0.000228 0.000305 1.534126 1.749273 1.790643 1.796085 1.654584 1.620226 1.798584 1.710532 1.573532 1.034445 0.662436 0.000220 0.000218 0.000212 0.000787 0.000521 0.000431 0.000557
-9999.000000 -9999.000000 -9999.000000 -9999.000000 -9999.000000 -9999.000000 -9999.000000 -9999.000000 -9999.000000 -9999.000000 -9999.000000 -9999.000000 -9999.000000 -9999.000000 -9999.000000 -9999.000000 -9999.000000 0.000140 0.000422 0.000360 0.000566 0.000698 0.000539 1.460296 1.779602 1.785270 1.771920 1.664365 1.607050 1.668737 1.919479 1.889344 1.920227 1.836498 1.768122 1.920200 1.999135 1.955010 1.779677 1.406480 1.161572 1.236598 1.326750 1.443840 1.780118 1.944611 1.981104 2.023381 1.962699 1.959427 1.980897 1.950863 2.125159 1.920271 1.671969 1.321143 0.000463 0.000510 0.001033 0.000499 0.000297 0.923729
-9999.000000 -9999.000000 -9999.000000 -9999.000000 -9999.000000 -9999.000000 -9999.000000 -9999.000000 -9999.000000 -9999.000000 -9999.000000 -9999.000000 -9999.000000 -9999.000000 -9999.000000 -9999.000000 -9999.000000 -9999.000000 0.000451 0.000321 0.000829 0.000644 0.000771 0.000667 1.705407 1.848673 1.860235 1.864396 1.877238 1.890058 1.839479 1.670322 0.000738 0.000440 0.000206 1.867658 1.971135 2.018075 2.044559 1.970841 1.924485 1.911531 1.937246 1.831828 1.782610 1.779300 1.782090 1.947947 1.920501 1.832712 1.708787 1.620715 1.958735 2.098473 2.209747 2.108014 1.946181 1.551147 0.000468 1.789451 1.658393 1.538359
-9999.000000 -9999.000000 -9999.000000 -9999.000000 -9999.000000 -9999.000000 -9999.000000 -9999.000000 -9999.000000 -9999.000000 -9999.000000 -9999.000000 -9999.000000 -9999.000000 -9999.000000 -9999.000000 -9999.000000 -9999.000000 0.000140 0.000471 0.000545 0.000482 0.000510 0.000663 0.000644 1.836685 1.864492 1.933296 1.960923 1.986528 1.774134 0.000771 0.001158 0.000623 0.000269 0.000471 1.590078 1.748614 1.988868 2.006882 1.989026 1.973784 1.973371 1.945856 1.867431 1.852436 1.490637 0.000466 0.000814 0.001711 0.000617 0.000417 1.891071 1.888089 2.195740 2.216757 2.172301 1.923614 1.858704 2.048633 2.234400 2.207698
-9999.000000 -9999.000000 -9999.000000 -9999.000000 -9999.000000 -9999.000000 -9999.000000 -9999.000000 -9999.000000 -9999.000000 -9999.000000 -9999.000000 -9999.000000 -9999.000000 -9999.000000 -9999.000000 -9999.000000 -9999.000000 -9999.000000 0.000539 0.000459 0.000212 0.000383 0.000465 0.000511 0.000651 0.000639 1.759900 0.001085 0.002102 0.000828 0.001073 0.000775 0.000585 0.000274 0.000464 0.000629 0.000643 1.707722 1.822331 1.957239 1.959467 1.853190 1.758047 1.563311 0.000728 0.000761 0.001030 0.001319 0.001703 0.000925 0.000917 0.000730 0.003759 2.115234 2.219171 2.269416 2.206137 2.209068 2.252095 2.242768 2.166653
-9999.000000 -9999.000000 -9999.000000 -9999.000000 -9999.000000 -9999.000000 -9999.000000 -9999.000000 -9999.000000 -9999.000000 -9999.000000 -9999.000000 -9999.000000 -9999.000000 -9999.000000 -9999.000000 -9999.000000 -9999.000000 -9999.000000 0.000438 0.000474 0.000196 0.000326 0.000387 0.000416 0.000429 0.000756 0.000454 0.000443 0.002395 0.000775 0.000872 0.000900 0.000681 0.000358 0.000443 0.000893 0.000535 0.000601 0.000660 1.295709 1.387829 0.000756 0.000787 0.000971 0.000852 0.000552 0.000264 0.002225 0.000632 0.000537 0.000521 0.000674 0.005583 0.002366 1.980722 2.139458 2.195601 2.212020 2.192691 2.187717 1.944973
