hipims_case/output/h_4500.asc
ncols 269
nrows 269
xllcorner 0.000000
yllcorner 0.000000
cellsize 10.000000
NODATA_value -9999.000000
[rows 196 to 223 of 269, columns 62 to 123 of 269]
0.000858 0.000844 0.000561 0.000357 0.000451 0.000664 0.000436 0.004440 0.000569 0.000386 0.000195 0.000210 0.000213 0.000240 0.000334 0.000393 0.000475 0.004170 0.006324 0.004144 0.004818 0.000278 0.000794 0.000501 0.000331 0.000553 0.001449 0.001425 0.000982 0.001432 1.525364 1.691149 1.958104 2.123704 2.297597 1.814967 0.000569 0.000690 0.000950 0.000973 0.000581 0.000310 0.000140 0.000197 0.000490 0.000352 0.000479 0.000579 0.055683 0.000396 0.000222 0.000352 0.001465 0.001055 0.000576 0.000340 0.001208 0.000504 0.000385 0.000317 0.000566 0.036372
0.000572 0.000362 0.000277 0.000402 0.000497 0.000502 0.003499 0.003991 0.000444 0.000352 0.000140 0.000301 0.000352 0.000386 0.000524 0.000483 0.003713 0.003884 0.000249 0.000536 0.006721 0.000538 0.000203 0.000465 0.000697 0.000987 0.001065 0.000725 0.001565 0.002497 0.000224 1.407088 1.698761 1.909688 2.277070 2.087491 0.002224 0.001915 0.001410 0.000710 0.000441 0.000408 0.000310 0.000212 0.000342 0.000205 0.000405 0.000517 0.028937 0.070363 0.023231 0.071343 0.074556 0.063750 0.065575 0.070010 0.071859 0.056473 0.062989 0.060662 0.050238 0.030654
0.000223 0.000386 0.001212 0.001692 0.002431 0.002318 0.003543 0.000579 0.000537 0.000472 0.000378 0.000418 0.000452 0.000506 0.002924 0.003338 0.003388 0.000451 0.000423 0.000894 0.004160 0.000468 0.000259 0.000472 0.000562 0.000809 0.000636 0.001139 0.001565 0.000275 0.000238 0.000226 1.804250 1.907444 2.254381 1.952456 0.000272 0.000360 0.000562 0.001423 0.000853 0.000702 0.000495 0.000811 0.000845 0.000309 0.000376 0.000464 0.000550 0.001584 0.001139 0.000969 0.001846 0.001098 0.000421 0.000221 0.000615 0.001462 0.001937 0.000651 0.000538 0.000311
0.000353 0.001157 0.001040 0.000712 0.000616 0.000532 0.001435 0.000464 0.000364 0.000217 0.000335 0.000569 0.000785 0.002487 0.002570 0.000453 0.000663 0.000271 0.000561 0.000881 0.003729 0.000444 0.000228 0.000448 0.000493 0.000621 0.001071 0.001021 0.000584 0.000376 0.000508 0.000381 1.819668 2.033807 2.251162 1.995368 1.696109 0.000582 0.000610 0.000923 0.000618 0.000624 0.001121 0.001123 0.000405 0.000343 0.000219 0.000383 0.000466 0.000543 0.001124 0.000334 0.002191 0.001010 0.000390 0.000220 0.000453 0.002035 0.000653 0.000577 0.000552 0.000432
0.000761 0.000805 0.000485 0.000461 0.000314 0.000258 0.000892 0.000415 0.000318 0.000215 0.000215 0.000360 0.002179 0.002371 0.000547 0.000411 0.000509 0.000333 0.000591 0.000996 0.003340 0.000427 0.000237 0.000417 0.000741 0.001014 0.000950 0.000388 0.000284 0.002233 0.003363 0.006351 0.002996 1.985947 2.243279 2.109270 1.876386 1.981227 1.767726 0.000761 0.000387 0.001396 0.000820 0.000196 0.000253 0.000218 0.000220 0.000339 0.000381 0.000435 0.000660 0.000491 0.002383 0.001343 0.000344 0.000225 0.000463 0.001623 0.000836 0.000681 0.000479 0.000417
0.000275 0.000448 0.000251 0.000235 0.000369 0.021654 0.000457 0.000354 0.000195 0.000212 0.000324 0.000423 0.026910 0.000615 0.000517 0.000413 0.000251 0.000487 0.000693 0.001245 0.002573 0.000416 0.000263 0.000529 0.000571 0.000714 0.000330 0.000459 0.002694 0.002140 0.001810 0.001970 0.001010 0.000962 2.282732 2.230666 2.223259 2.197765 2.172540 1.983340 0.001761 0.003639 0.001620 0.000402 0.000571 0.000461 0.000219 0.000217 0.000211 0.000305 0.000391 0.000475 0.000540 0.002613 0.000223 0.000233 0.000488 0.001028 0.000603 0.000476 0.000514 0.000363
0.000140 0.000309 0.000629 0.000549 0.002344 0.002591 0.000385 0.000302 0.000140 0.000301 0.000499 0.001066 0.002080 0.000568 0.000478 0.000367 0.000300 0.000509 0.000855 0.001566 0.001689 0.000379 0.000309 0.000483 0.000474 0.000477 0.000512 0.002683 0.002489 0.001261 0.001277 0.001313 0.000783 0.000856 1.941605 1.980815 2.188580 2.203940 2.289587 2.225535 2.071250 0.000455 0.001024 0.001065 0.001077 0.000383 0.000346 0.000416 0.000194 0.000140 0.000276 0.000601 0.000453 0.001583 0.001180 0.000260 0.000530 0.000281 0.000580 0.000481 0.000342 0.000298
0.000292 0.000241 0.000224 0.001226 0.016409 0.000387 0.000302 0.000210 0.000306 0.000396 0.000421 0.000650 0.001295 0.000539 0.000431 0.000226 0.000391 0.000501 0.001671 0.002297 0.000505 0.000235 0.000551 0.000510 0.000337 0.000267 0.002375 0.002276 0.001040 0.000850 0.001138 0.000684 0.000733 0.000847 0.001108 0.000994 1.915860 1.868704 2.150135 2.334991 2.038280 1.647063 0.000459 0.000427 0.000713 0.000516 0.000442 0.000595 0.000353 0.000278 0.000140 0.000277 0.000346 0.000476 0.000910 0.000327 0.000351 0.000372 0.000219 0.000208 0.000192 0.000140
0.000140 0.000317 0.000371 0.000963 0.001189 0.000309 0.000140 0.000193 0.000353 0.000459 0.000534 0.000728 0.000587 0.000528 0.000430 0.000238 0.000481 0.000662 0.001913 0.000389 0.000498 0.000332 0.000514 0.000328 0.002110 0.002457 0.002003 0.000892 0.000921 0.001004 0.001412 0.000998 0.001127 0.000844 0.000780 0.001180 0.001009 0.000408 2.084068 2.344325 2.078006 1.477866 0.000284 0.000140 0.001185 0.000612 0.000528 0.000752 0.000465 0.000385 0.000279 0.000140 0.000393 0.000419 0.000303 0.000424 0.000485 0.000997 0.000398 0.000357 0.000311 0.000190
0.000194 0.000464 0.000978 0.001285 0.000240 0.000224 0.000312 0.000362 0.000438 0.000523 0.001287 0.000685 0.000500 0.000497 0.000426 0.000272 0.000379 0.000504 0.001448 0.000468 0.000219 0.000422 0.000492 0.001622 0.002009 0.000362 0.000267 0.000404 0.000469 0.000551 0.001061 0.000645 0.000632 0.000891 0.001106 0.002117 0.000290 1.951390 2.122321 2.347133 2.021837 0.000194 0.000140 0.000286 0.001767 0.000885 0.000978 0.001200 0.001041 0.000611 0.000349 0.000195 0.000209 0.000217 0.000376 0.000667 0.000620 0.002492 0.000661 0.000492 0.000292 0.000349
0.000211 0.000328 0.000525 0.000390 0.000289 0.000603 0.000561 0.000567 0.000584 0.000638 0.001865 0.000566 0.000302 0.000420 0.000406 0.000372 0.000278 0.000473 0.001064 0.000426 0.000219 0.000378 0.000646 0.001320 0.000487 0.000269 0.000355 0.000379 0.000388 0.000466 0.000619 0.000422 0.000441 0.000448 0.000625 0.000381 0.000406 1.946878 2.269168 2.334443 1.960401 0.000317 0.000194 0.000360 0.002347 0.000972 0.000889 0.000626 0.000323 0.000431 0.000395 0.000211 0.000330 0.000389 0.000478 0.000831 0.001764 0.001234 0.000432 0.000277 0.000346 0.000452
0.000217 0.000382 0.000325 0.000211 0.000359 0.000413 0.000439 0.001137 0.001276 0.001703 0.019282 0.000653 0.000361 0.000222 0.000228 0.000234 0.000383 0.000489 0.000632 0.000414 0.000218 0.000455 0.000570 0.000722 0.000513 0.000376 0.000234 0.000230 0.000223 0.000361 0.000317 0.000228 0.000226 0.000224 0.000332 0.000140 0.000195 2.065557 2.354698 2.432121 2.178091 2.005567 0.002209 0.002977 0.011802 0.003062 0.002413 0.001836 0.001476 0.001174 0.000788 0.000269 0.000525 0.000415 0.000541 0.000577 0.003565 0.000673 0.000630 0.004076 0.005496 0.058275
0.000218 0.000705 0.000256 0.000338 0.000516 0.000450 0.000542 0.000357 0.000276 0.000243 0.003934 0.000486 0.000425 0.000332 0.000219 0.000824 0.000519 0.000473 0.000464 0.000383 0.000217 0.000369 0.000533 0.000455 0.000473 0.000507 0.000579 0.000418 0.000425 0.000299 0.000407 0.000532 0.000396 0.000433 0.004316 0.002003 0.001315 2.230033 2.285610 2.360439 2.313000 2.110762 0.001756 0.003023 0.000418 0.000638 0.000535 0.000582 0.000427 0.000323 0.000197 0.000295 0.000639 0.000746 0.000560 0.009227 0.115246 0.065089 0.053691 0.024135 0.023043 0.006316
0.000840 0.000663 0.000231 0.000375 0.000624 0.000484 0.000580 0.000530 0.000486 0.000464 0.003952 0.000586 0.000518 0.000474 0.000716 0.000736 0.000482 0.000283 0.000387 0.000332 0.000211 0.000310 0.000359 0.000437 0.000603 0.000968 0.000874 0.000761 0.000690 0.000609 0.000600 0.002777 0.003736 0.006072 0.002958 0.011176 0.048436 0.000213 1.964831 2.133109 2.308110 2.316017 2.258920 0.001366 0.000199 0.000266 0.000238 0.000262 0.000329 0.000196 0.000140 0.000349 0.000452 0.000682 0.052648 0.019145 0.003702 0.001135 0.000593 0.000687 0.000934 0.002072
0.000830 0.000340 0.000384 0.000446 0.000661 0.001064 0.000374 0.000521 0.000655 0.000508 0.004130 0.000918 0.001013 0.001663 0.002098 0.001679 0.001264 0.000837 0.000216 0.000212 0.000196 0.000140 0.000193 0.000346 0.000380 0.000285 0.001317 0.001956 0.002611 0.003170 0.005317 0.002423 0.001650 0.001364 0.000751 0.002087 0.000383 0.000194 0.000415 1.988763 2.136725 2.243700 2.233862 0.001001 0.000388 0.000551 0.000408 0.000354 0.000216 0.000212 0.000304 0.000417 0.000528 0.010678 0.000347 0.000197 0.000280 0.000261 0.000333 0.000211 0.000308 0.000422
0.000551 0.000273 0.000417 0.000494 0.000593 0.001123 0.000618 0.000637 0.000910 0.000623 0.003194 0.003723 0.001274 0.001347 0.000278 0.000356 0.000530 0.000606 0.000732 0.000425 0.000212 0.000312 0.000367 0.000274 0.000519 0.000897 0.000808 0.000627 0.000629 0.000734 0.000497 0.000494 0.000602 0.000402 0.000431 0.001516 0.000583 0.000236 0.000639 1.640639 1.835449 2.073138 2.258942 2.263127 0.000506 0.000734 0.000479 0.000386 0.000216 0.000332 0.000410 0.008384 0.003617 0.000234 0.000258 0.000531 0.000425 0.000355 0.000212 0.000196 0.000140 0.000327
0.000363 0.000398 0.000479 0.000554 0.000662 0.001215 0.000763 0.001437 0.000766 0.000333 0.001703 0.004898 0.001108 0.000740 0.000427 0.000380 0.000220 0.000224 0.000239 0.000281 0.000280 0.000397 0.000460 0.000462 0.000318 0.000456 0.000398 0.000432 0.000438 0.000436 0.000319 0.000266 0.000278 0.000202 0.000216 0.001915 0.000478 0.000309 0.000598 0.000695 1.696953 1.932626 2.189084 2.155130 0.000518 0.034736 0.007194 0.000414 0.000219 0.000394 0.032060 0.004971 0.003812 0.006463 0.011830 0.038793 0.003849 0.000477 0.000406 0.000380 0.000333 0.000255
0.000278 0.000565 0.000462 0.000591 0.000705 0.001780 0.000485 0.002810 0.000666 0.000273 0.001246 0.005818 0.001045 0.000777 0.000668 0.000472 0.000408 0.000388 0.000356 0.000242 0.000368 0.000465 0.000533 0.000685 0.000465 0.000320 0.000258 0.000235 0.000242 0.000209 0.000377 0.000437 0.000462 0.000448 0.001027 0.000532 0.000452 0.000342 0.000699 0.000667 1.540430 1.821485 2.173892 2.034779 0.000276 0.001086 0.002889 0.009799 0.001785 0.001323 0.000687 0.000535 0.000528 0.000351 0.013167 0.005539 0.003834 0.007781 0.004534 0.000497 0.000408 0.000461
0.001124 0.001624 0.003289 0.002078 0.001565 0.002811 0.000338 0.002464 0.000965 0.000732 0.000761 0.008557 0.004538 0.000922 0.000631 0.000757 0.000627 0.000498 0.000300 0.000374 0.000452 0.000530 0.001141 0.000613 0.000312 0.000810 0.000640 0.000550 0.000511 0.000560 0.000508 0.000565 0.002280 0.036604 0.001364 0.000427 0.000368 0.000518 0.001429 0.001004 1.460965 1.771637 2.142751 1.857441 0.000369 0.001499 0.000754 0.000693 0.000633 0.000591 0.000671 0.000366 0.000294 0.000525 0.002883 0.002153 0.001557 0.002065 0.004471 0.004934 0.007297 0.004512
0.000358 0.000398 0.000302 0.001091 0.002251 0.006009 0.000267 0.002881 0.000728 0.000489 0.000340 0.003869 0.004425 0.000663 0.000619 0.000475 0.000410 0.000272 0.000342 0.000440 0.000528 0.001410 0.000978 0.000589 0.000366 0.000390 0.000947 0.001351 0.001318 0.002112 0.001728 0.001529 0.001943 0.000485 0.000368 0.000301 0.000568 0.000828 0.000957 0.000617 1.456175 1.916648 2.072329 1.726729 0.000600 0.000950 0.000686 0.000620 0.000523 0.000718 0.000423 0.000213 0.000404 0.000541 0.001405 0.003604 0.001716 0.002040 0.001734 0.000508 0.000405 0.011310
0.000211 0.000219 0.000371 0.000330 0.000220 0.002722 0.001969 0.008658 0.000542 0.000480 0.000262 0.002544 0.005787 0.000924 0.000620 0.000514 0.000431 0.000245 0.000409 0.000503 0.003070 0.002799 0.001652 0.000493 0.000140 0.000196 0.000320 0.000372 0.000405 0.000302 0.000765 0.036274 0.000572 0.000434 0.000218 0.000425 0.000986 0.000598 0.000570 0.000526 1.508516 2.009985 2.011839 1.697597 0.000458 0.000732 0.000627 0.000564 0.000540 0.000493 0.000403 0.000193 0.000349 0.000505 0.001149 0.001657 0.000380 0.002235 0.001545 0.000737 0.000454 0.000225
0.000355 0.000400 0.000492 0.000535 0.000502 0.003811 0.029047 0.025890 0.002724 0.000463 0.000234 0.009340 0.020638 0.000641 0.000624 0.000520 0.000427 0.000229 0.000426 0.003530 0.003394 0.000539 0.000808 0.000926 0.000308 0.000212 0.000213 0.000215 0.000217 0.000358 0.000830 0.007700 0.000560 0.000431 0.000212 0.000395 0.000537 0.000530 0.000343 0.000267 1.539134 2.010237 1.910967 1.643335 0.000580 0.000404 0.000544 0.000431 0.000419 0.000400 0.000376 0.000258 0.000460 0.000461 0.001480 0.000743 0.000587 0.001332 0.001826 0.000564 0.000428 0.000221
0.000454 0.000532 -9999.000000 -9999.000000 -9999.000000 0.002306 0.000335 0.000211 0.000518 0.017089 0.003584 0.005190 0.000568 0.000721 0.000627 0.000529 0.000428 0.000223 0.003698 0.003832 0.000449 0.000378 0.000215 0.000397 0.000570 0.000355 0.000379 0.000392 0.000401 0.000594 0.000595 0.003410 0.000530 0.000416 0.000189 0.000335 0.000497 0.000325 0.000434 1.513803 1.672114 2.087763 1.910794 0.000656 0.000197 0.000258 0.000220 0.000218 0.000212 0.000191 0.000266 0.000227 0.000239 0.000543 0.002365 0.000872 0.000393 0.002299 0.000641 0.000521 0.000406 0.000218
-9999.000000 -9999.000000 -9999.000000 -9999.000000 -9999.000000 -9999.000000 0.000213 0.000193 0.000366 0.000702 0.057825 0.051829 0.000732 0.000768 0.000653 0.000546 0.000436 0.000222 0.004198 0.000460 0.000359 0.000330 0.000210 0.000361 0.000545 0.000630 0.000467 0.000496 0.000504 0.000496 0.007453 0.006634 0.000482 0.000403 0.000255 0.000473 0.000462 0.000828 0.000891 1.730415 1.926719 2.114721 1.867626 0.000884 0.001608 0.002021 0.000439 0.000428 0.000410 0.000365 0.000545 0.000369 0.000279 0.000378 0.000920 0.000786 0.000495 0.001278 0.000593 0.000494 0.000390 0.000215
-9999.000000 -9999.000000 -9999.000000 -9999.000000 -9999.000000 -9999.000000 -9999.000000 0.000140 0.000290 0.000429 0.000533 0.018620 0.013063 0.001041 0.001713 0.001974 0.002901 0.005145 0.003776 0.000422 0.000426 0.000212 0.000195 0.000311 0.000607 0.000773 0.000608 0.000629 0.000637 0.000653 0.069490 0.000569 0.000385 0.000327 0.000196 0.000213 0.000218 0.000220 0.000463 1.740310 1.838672 2.049072 1.830208 0.000820 0.000625 0.001537 0.001564 0.001366 0.000574 0.000562 0.000577 0.000516 0.000723 0.000618 0.000635 0.000870 0.000847 0.000679 0.000561 0.000484 0.000375 0.000214
-9999.000000 -9999.000000 -9999.000000 -9999.000000 -9999.000000 -9999.000000 -9999.000000 -9999.000000 0.000189 0.000359 0.000434 0.000548 0.008781 0.006659 0.002055 0.002248 0.002066 0.000371 0.000223 0.000228 0.000249 0.000311 0.000140 0.000190 0.000375 0.000781 0.000793 0.000948 0.000725 0.000779 0.050780 0.000581 0.000212 0.000196 0.000140 0.000316 0.000381 0.000535 0.000801 1.457361 1.611111 2.011390 2.050365 1.985744 0.000602 0.000475 0.000683 0.001321 0.010707 0.032332 0.003066 0.004504 0.002259 0.001617 0.000985 0.000819 0.000864 0.000612 0.000470 0.000451 0.000347 0.000215
-9999.000000 -9999.000000 -9999.000000 -9999.000000 -9999.000000 -9999.000000 -9999.000000 -9999.000000 0.000140 0.000296 0.000560 0.000784 0.009034 0.008960 0.005727 0.002949 0.001384 0.000313 0.000424 0.000407 0.000390 0.000357 0.000191 0.000299 0.000418 0.000532 0.000933 0.001326 0.001150 0.007397 0.024515 0.001187 0.000999 0.000329 0.000196 0.000372 0.000471 0.028130 0.000251 0.000508 1.556445 1.791872 1.882935 1.999135 0.000498 0.000221 0.000222 0.000230 0.000245 0.001176 0.000662 0.000632 0.000611 0.000604 0.000607 0.000633 0.000675 0.000948 0.000620 0.000381 0.000260 0.000327
-9999.000000 -9999.000000 -9999.000000 -9999.000000 -9999.000000 -9999.000000 -9999.000000 -9999.000000 -9999.000000 0.000212 0.000407 0.000654 0.000751 0.004429 0.003333 0.004363 0.001043 0.000514 0.000512 0.000479 0.000449 0.000385 0.000206 0.000374 0.000455 0.000571 0.000661 0.001678 0.000937 0.007362 0.007524 0.000813 0.000668 0.000496 0.001160 0.001768 0.003738 0.002446 0.000465 0.000879 1.359781 1.511635 1.654556 2.045772 1.918403 0.000429 0.000415 0.000381 0.000291 0.000607 0.000515 0.000472 0.000438 0.000449 0.000429 0.000394 0.000548 0.000457 0.000407 0.000295 0.000409 0.000370
