hipims_case/output/h_4500.asc
ncols 269
nrows 269
xllcorner 0.000000
yllcorner 0.000000
cellsize 10.000000
NODATA_value -9999.000000
[rows 112 to 139 of 269, columns 0 to 61 of 269]
-9999.000000 -9999.000000 -9999.000000 -9999.000000 -9999.000000 -9999.000000 4.999980 0.000197 0.000264 0.000268 0.000353 0.000618 0.000388 0.000437 0.000607 0.001081 0.001490 0.001984 0.000622 0.000478 0.000314 0.000193 0.000482 0.001764 0.001002 0.001390 0.003119 0.000140 0.008640 0.016853 0.000851 0.000950 0.001265 0.002774 0.001449 0.000416 0.000382 0.000266 0.000345 0.000221 0.000396 0.000735 0.000617 0.000683 0.043044 0.042548 0.001251 0.000652 0.000541 0.000566 0.000526 0.000445 0.000583 0.000360 0.000196 0.000420 0.000613 0.000706 0.000489 0.000556 0.009312 0.379075
-9999.000000 -9999.000000 -9999.000000 -9999.000000 -9999.000000 -9999.000000 4.999978 0.000369 0.000328 0.000140 0.000196 0.000212 0.000473 0.001524 0.001323 0.001047 0.001325 0.002952 0.000638 0.000512 0.000449 0.000442 0.000492 0.001012 0.000574 0.000658 0.003140 0.011786 0.000140 0.004763 0.004256 0.002652 0.001577 0.002559 0.001314 0.000633 0.000683 0.000548 0.000398 0.000221 0.000419 0.000820 0.000500 0.003135 0.003123 0.000928 0.001606 0.001137 0.000308 0.000438 0.000425 0.000401 0.000361 0.000288 0.000140 0.000196 0.000371 0.001053 0.001670 0.001277 0.126951 0.417376
-9999.000000 -9999.000000 -9999.000000 -9999.000000 -9999.000000 -9999.000000 4.999976 0.000550 0.000702 0.000351 0.000330 0.000217 0.000218 0.000255 0.000195 0.000777 0.001102 0.003842 0.000729 0.000614 0.000589 0.000631 0.000711 0.000817 0.000520 0.000451 0.000140 0.001611 0.002162 0.000140 0.002470 0.001242 0.001822 0.001868 0.000804 0.000630 0.000486 0.000446 0.000436 0.000261 0.000558 0.000913 0.003479 0.003338 0.000673 0.000767 0.001319 0.001240 0.001213 0.000220 0.000218 0.000212 0.000196 0.000140 0.000287 0.000364 0.000467 0.000317 0.000839 0.002057 0.103260 0.415878
-9999.000000 -9999.000000 -9999.000000 -9999.000000 -9999.000000 -9999.000000 4.999973 0.000516 0.000520 0.000803 0.000430 0.000338 0.000217 0.000353 0.000390 0.001096 0.001781 0.004499 0.005185 0.000742 0.000652 0.000795 0.000738 0.000702 0.000510 0.000406 0.000195 0.001121 0.001229 0.004104 0.003895 0.007305 0.007590 0.001477 0.000854 0.000731 0.000697 0.000735 0.000548 0.000194 0.000370 0.000578 0.036525 0.000663 0.000388 0.000635 0.000688 0.001089 0.000997 0.001124 0.000755 0.000385 0.000326 0.000195 0.000494 0.000391 0.000521 0.002161 0.001139 0.000935 0.000918 0.278311
-9999.000000 -9999.000000 -9999.000000 -9999.000000 -9999.000000 -9999.000000 4.999970 0.000634 0.000603 0.000541 0.000347 0.001049 0.000219 0.000397 0.000477 0.000319 0.000399 0.000487 0.068383 0.000859 0.000787 0.000801 0.000675 0.000791 0.000539 0.000459 0.000384 0.000407 0.001282 0.035315 0.000140 0.002935 0.002025 0.004330 0.001176 0.000846 0.000818 0.000473 0.000378 0.000213 0.000401 0.001425 0.000861 0.000773 0.001889 0.000889 0.001107 0.000532 0.000685 0.000470 0.000297 0.000433 0.000259 0.000499 0.000445 0.000511 0.001076 0.001313 0.000283 0.000437 0.000655 0.170038
-9999.000000 -9999.000000 -9999.000000 -9999.000000 -9999.000000 -9999.000000 4.999966 0.000714 0.000660 0.000597 0.000222 0.000615 0.000833 0.000497 0.000561 0.000613 0.000293 0.000362 0.005350 0.016507 0.001091 0.000823 0.000704 0.000931 0.000637 0.000510 0.000445 0.000373 0.000140 0.000459 0.000473 0.000536 0.000561 0.001492 0.001692 0.000772 0.000538 0.000473 0.000283 0.000361 0.001795 0.021294 0.001440 0.002112 0.000655 0.000579 0.000538 0.000505 0.000453 0.000454 0.000443 0.000371 0.000549 0.000760 0.000881 0.009746 0.000341 0.000218 0.000386 0.000413 0.000417 0.000425
-9999.000000 -9999.000000 -9999.000000 -9999.000000 -9999.000000 -9999.000000 4.999962 0.001419 0.001008 0.000410 0.000224 0.000551 0.000770 0.000526 0.000698 0.001194 0.000288 0.000413 0.000627 0.044801 0.004082 0.000802 0.001118 0.000868 0.000631 0.000666 0.000576 0.000592 0.000693 0.000957 0.001875 0.000774 0.000584 0.000426 0.000990 0.000954 0.000573 0.000462 0.000243 0.000416 0.017142 0.000638 0.000604 0.000703 0.000581 0.000874 0.000442 0.000368 0.000231 0.000250 0.000304 0.000352 0.000426 0.000526 0.001204 0.000220 0.000217 0.000213 0.000315 0.000253 0.000231 0.000222
-9999.000000 -9999.000000 -9999.000000 -9999.000000 -9999.000000 -9999.000000 4.999956 0.000228 0.000247 0.000304 0.000432 0.000571 0.000754 0.001084 0.000360 0.002096 0.000278 0.000140 0.000337 0.067921 0.106897 0.004729 0.002105 0.000875 0.000721 0.000596 0.000793 0.000699 0.000733 0.000680 0.000332 0.000374 0.000597 0.000430 0.000472 0.000615 0.000531 0.000317 0.002346 0.001079 0.000559 0.000524 0.000442 0.000566 0.000442 0.000400 0.000239 0.000270 0.000353 0.000230 0.000385 0.000624 0.000457 0.002161 0.001762 0.000793 0.000459 0.000196 0.000140 0.000602 0.000402 0.000426
-9999.000000 -9999.000000 -9999.000000 -9999.000000 -9999.000000 -9999.000000 4.999951 0.000420 0.000416 0.000389 0.000257 0.000520 0.030834 0.380618 0.134871 0.001047 0.000781 0.000193 0.000299 0.006489 0.124311 0.106839 0.045624 0.000913 0.000757 0.000974 0.000841 0.000739 0.000690 0.000559 0.000260 0.011717 0.000649 0.000960 0.000888 0.001078 0.001374 0.002641 0.001601 0.000444 0.000445 0.000428 0.000383 0.000238 0.000267 0.000339 0.000786 0.000471 0.000463 0.000375 0.000284 0.000714 0.025376 0.007690 0.000607 0.000264 0.000340 0.000256 0.000436 0.000446 0.000499 0.000539
-9999.000000 -9999.000000 -9999.000000 -9999.000000 -9999.000000 -9999.000000 4.999359 0.000707 0.000399 0.000514 0.000240 0.000726 1.281172 1.800198 1.351550 0.096035 0.000453 0.000436 0.000140 0.000301 0.076303 0.137913 0.119912 0.001759 0.000984 0.001053 0.000912 0.000787 0.000711 0.000636 0.000576 0.001089 0.001241 0.002463 0.002803 0.003954 0.002756 0.000222 0.000223 0.000225 0.000232 0.000250 0.000298 0.000410 0.000621 0.000506 0.000480 0.000366 0.001527 0.000503 0.000469 0.000408 0.000140 0.000479 0.000516 0.000900 0.000384 0.000188 0.000325 0.000470 0.000560 0.000630
-9999.000000 -9999.000000 -9999.000000 -9999.000000 -9999.000000 -9999.000000 5.011790 0.477763 0.587679 0.383058 0.000686 0.723251 2.155538 2.398459 1.732133 0.849527 0.000641 0.000739 0.000194 0.000209 0.000679 0.081596 0.090820 0.007189 0.001566 0.001559 0.001718 0.002042 0.001584 0.001171 0.000628 0.000140 0.019247 0.005009 0.006094 0.001732 0.002218 0.002368 0.000399 0.000546 0.000473 0.000511 0.000553 0.000956 0.000951 0.000729 0.000469 0.000217 0.000767 0.000712 0.001120 0.000288 0.001225 0.000952 0.001177 0.000477 0.000556 0.000252 0.000393 0.000507 0.000616 0.000719
-9999.000000 -9999.000000 -9999.000000 -9999.000000 -9999.000000 -9999.000000 5.011643 1.624426 2.115873 1.919868 1.083581 1.583791 2.731952 2.616874 1.841094 1.025644 0.147309 0.000390 0.000350 0.000391 0.000363 0.008078 0.051446 0.008022 0.008844 0.003372 0.002025 0.000600 0.000491 0.000369 0.000459 0.000197 0.042480 0.000962 0.001021 0.000976 0.001902 0.002279 0.003330 0.004870 0.002908 0.001252 0.002294 0.001397 0.000577 0.000510 0.000474 0.000262 0.000804 0.001018 0.003466 0.002623 0.002223 0.001330 0.000608 0.000543 0.000360 0.000189 0.000395 0.000533 0.000668 0.001629
-9999.000000 -9999.000000 -9999.000000 -9999.000000 -9999.000000 -9999.000000 5.004765 3.149157 3.565247 3.331460 2.582065 2.878481 3.207778 2.696241 1.835377 1.011160 0.440139 0.000723 0.000221 0.000955 0.128003 0.083573 0.019072 0.000789 0.000733 0.000958 0.000667 0.000583 0.000475 0.000294 0.019445 0.001944 0.000869 0.001245 0.000274 0.000341 0.000702 0.000487 0.000319 0.000194 0.002188 0.001969 0.000271 0.000360 0.000574 0.000817 0.000570 0.000193 0.000454 0.000616 0.003952 0.000633 0.000522 0.000432 0.000303 0.000140 0.000386 0.000400 0.000477 0.000585 0.005295 0.002176
-9999.000000 -9999.000000 -9999.000000 -9999.000000 -9999.000000 -9999.000000 4.997447 4.315287 4.517874 4.221009 3.612639 3.343861 3.284227 2.699576 1.788748 0.964210 0.441179 0.072076 0.000224 0.120518 0.308355 0.190447 0.000410 0.000478 0.000744 0.000659 0.000609 0.000605 0.000512 0.000430 0.000756 0.001408 0.000927 0.002461 0.001605 0.001123 0.000588 0.000484 0.000194 0.000140 0.000277 0.001197 0.000566 0.000655 0.000741 0.000906 0.000385 0.000213 0.000445 0.004530 0.004120 0.000568 0.000415 0.000359 0.000196 0.000309 0.000545 0.000444 0.000553 0.000651 0.035261 0.000948
-9999.000000 -9999.000000 -9999.000000 -9999.000000 -9999.000000 -9999.000000 4.993627 4.702771 4.686861 4.314488 3.352046 2.801698 3.028197 2.508642 1.605082 0.800301 0.379539 0.163907 0.056771 0.007458 0.152987 0.256249 0.006296 0.000276 0.000345 0.000511 0.000542 0.000638 0.000855 0.001413 0.000632 0.001170 0.001660 0.001454 0.000677 0.000591 0.000541 0.000573 0.001033 0.001500 0.000285 0.000855 0.008463 0.000666 0.000526 0.000894 0.000287 0.000366 0.036273 0.018039 0.000523 0.000549 0.000517 0.000286 0.000140 0.000348 0.000827 0.000681 0.000721 0.036493 0.006244 0.001397
-9999.000000 -9999.000000 -9999.000000 -9999.000000 -9999.000000 -9999.000000 4.988707 4.405385 4.175450 3.787775 2.813208 2.150755 2.574563 2.096418 1.327566 0.673281 0.352886 0.273570 0.251234 0.100253 0.000140 0.126214 0.156874 0.003095 0.000941 0.000498 0.000338 0.000140 0.000197 0.001790 0.001580 0.001185 0.000822 0.001311 0.001108 0.000954 0.000318 0.000643 0.000375 0.000327 0.000260 0.000511 0.038693 0.001971 0.001368 0.000765 0.015549 0.001647 0.001664 0.000434 0.000293 0.000412 0.000304 0.000140 0.000280 0.000414 0.000543 0.000547 0.000718 0.013522 0.002589 0.003335
-9999.000000 -9999.000000 -9999.000000 -9999.000000 -9999.000000 -9999.000000 4.973625 3.272583 2.908611 2.559916 1.769156 1.463640 2.074273 1.676234 1.072167 0.598646 0.318497 0.226669 0.267877 0.325501 0.039217 0.000140 0.000468 0.036070 0.000493 0.000392 0.000302 0.000196 0.002724 0.002623 0.000309 0.000697 0.000714 0.001825 0.001470 0.000989 0.000465 0.000630 0.000193 0.000140 0.000328 0.000550 0.002230 0.000644 0.000583 0.000339 0.000480 0.000325 0.000197 0.000140 0.000718 0.000322 0.000195 0.000537 0.000798 0.000547 0.000636 0.000673 0.007425 0.001300 0.001562 0.002297
-9999.000000 -9999.000000 -9999.000000 -9999.000000 -9999.000000 -9999.000000 4.954999 1.958258 1.518324 1.138487 0.586220 0.902589 1.468429 1.196673 0.787289 0.478187 0.263931 0.001053 0.000305 0.151420 0.175980 0.000844 0.000542 0.000609 0.000433 0.000330 0.000140 0.000422 0.008751 0.001497 0.002896 0.004827 0.002428 0.001542 0.001116 0.001309 0.001686 0.001971 0.000422 0.000429 0.000470 0.000588 0.001715 0.000547 0.000641 0.000210 0.000195 0.000211 0.000327 0.001289 0.000967 0.000195 0.000140 0.000193 0.000450 0.000695 0.000615 0.000742 0.022208 0.000841 0.000848 0.000529
-9999.000000 -9999.000000 -9999.000000 -9999.000000 -9999.000000 -9999.000000 4.970676 1.329094 0.694027 0.198812 0.000694 0.537751 0.750891 0.585638 0.481286 0.294510 0.001871 0.000194 0.000210 0.133962 0.159526 0.002679 0.000750 0.000494 0.000396 0.000299 0.000197 0.000350 0.046586 0.004611 0.002419 0.002451 0.001150 0.000916 0.000748 0.000595 0.000556 0.000773 0.000520 0.000764 0.000661 0.000531 0.001964 0.000203 0.000818 0.000307 0.000140 0.000297 0.019556 0.001445 0.000307 0.000212 0.000309 0.000362 0.000598 0.000722 0.000750 0.003074 0.001055 0.000661 0.000667 0.000741
-9999.000000 -9999.000000 -9999.000000 -9999.000000 -9999.000000 -9999.000000 4.979564 1.341301 0.850972 0.194487 0.000140 0.000864 0.000595 0.147323 0.173299 0.002076 0.000299 0.000140 0.000425 0.099984 0.036405 0.000756 0.000542 0.000466 0.000339 0.000140 0.000307 0.000940 0.000514 0.000915 0.001714 0.001158 0.001237 0.000928 0.000740 0.000458 0.000488 0.000554 0.001310 0.001512 0.000662 0.001273 0.000965 0.000293 0.000906 0.010830 0.000316 0.008703 0.000585 0.000280 0.000140 0.004477 0.000304 0.000424 0.000468 0.000681 0.003536 0.010342 0.000545 0.000485 0.000426 0.000420
-9999.000000 -9999.000000 -9999.000000 -9999.000000 -9999.000000 -9999.000000 4.992612 1.171661 1.035190 0.632375 0.000521 0.000219 0.000476 0.001973 0.000606 0.000414 0.000195 0.000304 0.000348 0.019038 0.001067 0.000826 0.000703 0.000458 0.000306 0.000196 0.023169 0.014569 0.001878 0.000610 0.001547 0.001694 0.001389 0.001567 0.001336 0.000194 0.000140 0.019754 0.001738 0.000669 0.000775 0.000638 0.001313 0.000319 0.000837 0.000309 0.000193 0.000308 0.000662 0.000140 0.003359 0.000140 0.000281 0.000439 0.000551 0.014800 0.007736 0.002380 0.000419 0.000368 0.000221 0.000221
-9999.000000 -9999.000000 -9999.000000 -9999.000000 -9999.000000 -9999.000000 4.999148 0.099086 0.437784 0.453318 0.002132 0.000216 0.000325 0.000994 0.000612 0.000277 0.000140 0.000342 0.003382 0.008125 0.001132 0.000863 0.000700 0.000470 0.000140 0.008703 0.000928 0.002132 0.001426 0.003011 0.000715 0.001128 0.001010 0.001136 0.001908 0.001967 0.000886 0.000445 0.000426 0.000398 0.000303 0.000211 0.002410 0.000757 0.000402 0.000193 0.000140 0.000195 0.000325 0.001189 0.000140 0.000278 0.000380 0.000498 0.007439 0.040488 0.003241 0.003738 0.000253 0.000301 0.000422 0.000382
-9999.000000 -9999.000000 -9999.000000 -9999.000000 -9999.000000 -9999.000000 4.999797 0.000195 0.000140 0.001418 0.000322 0.000209 0.000371 0.000388 0.000691 0.000140 0.000282 0.002388 0.002999 0.001245 0.001281 0.000975 0.000848 0.000569 0.000626 0.000555 0.000140 0.003618 0.001508 0.001449 0.001032 0.000724 0.000715 0.000796 0.001592 0.000453 0.000439 0.000234 0.000251 0.000308 0.000140 0.000196 0.000976 0.000656 0.000739 0.001136 0.000305 0.000210 0.000215 0.000658 0.000396 0.000423 0.000483 0.000589 0.026754 0.002597 0.002581 0.005793 0.007974 0.007984 0.008107 0.007922
-9999.000000 -9999.000000 -9999.000000 -9999.000000 -9999.000000 -9999.000000 4.959149 0.049604 0.000298 0.000218 0.000210 0.000193 0.000140 0.000196 0.000290 0.000666 0.001503 0.002019 0.000843 0.001017 0.001504 0.001092 0.001056 0.001166 0.002063 0.000717 0.000862 0.000818 0.001314 0.000872 0.000769 0.000629 0.000505 0.000480 0.001799 0.000497 0.000307 0.007404 0.000346 0.000211 0.000196 0.005768 0.000354 0.000332 0.000219 0.000343 0.001057 0.000249 0.000452 0.001458 0.000827 0.000724 0.000692 0.009412 0.005264 0.000701 0.000633 0.000888 0.000699 0.000627 0.000406 0.005538
-9999.000000 -9999.000000 -9999.000000 -9999.000000 -9999.000000 -9999.000000 4.980993 0.077034 0.090466 0.104245 0.001314 0.001634 0.000331 0.000291 0.000140 0.000302 0.000941 0.000527 0.000640 0.000853 0.001484 0.001163 0.000861 0.000324 0.000496 0.000896 0.002447 0.000725 0.001042 0.000797 0.000743 0.000635 0.000356 0.000819 0.001416 0.000462 0.000318 0.000439 0.017535 0.000946 0.000644 0.000278 0.000140 0.000195 0.000212 0.000218 0.000605 0.000627 0.000383 0.000282 0.000851 0.001381 0.001163 0.027192 0.000706 0.000625 0.000626 0.000636 0.000653 0.000668 0.000652 0.001114
-9999.000000 -9999.000000 -9999.000000 -9999.000000 -9999.000000 -9999.000000 4.996855 0.025828 0.039828 0.261723 0.273956 0.341165 0.263435 0.000403 0.000319 0.000237 0.000382 0.000268 0.000350 0.000555 0.001321 0.001478 0.001987 0.002362 0.003423 0.000933 0.000864 0.001280 0.000725 0.000740 0.001119 0.000742 0.000553 0.001030 0.000709 0.000676 0.000468 0.000353 0.000877 0.000353 0.000282 0.000140 0.000281 0.000349 0.001068 0.000217 0.001023 0.000737 0.001175 0.000676 0.000613 0.000376 0.000869 0.002438 0.000648 0.000464 0.000471 0.000487 0.000516 0.000559 0.000586 0.000943
-9999.000000 -9999.000000 -9999.000000 -9999.000000 -9999.000000 -9999.000000 4.999294 0.000427 0.000344 0.088368 0.061347 0.176952 0.254788 0.000780 0.000459 0.000309 0.000140 0.000329 0.001709 0.001394 0.000665 0.000846 0.000598 0.000770 0.001629 0.002019 0.001569 0.000635 0.000535 0.000618 0.000720 0.000795 0.000749 0.000797 0.000591 0.000481 0.000403 0.000564 0.000360 0.000193 0.000140 0.000282 0.000379 0.000453 0.000999 0.000218 0.000921 0.000344 0.000807 0.000478 0.000624 0.000723 0.001266 0.020272 0.000691 0.000224 0.000227 0.000236 0.000263 0.000331 0.000482 0.000741
-9999.000000 -9999.000000 -9999.000000 -9999.000000 -9999.000000 -9999.000000 4.999669 0.000308 0.000506 0.000218 0.000217 0.003021 0.106928 0.000296 0.000562 0.000363 0.000190 0.210197 0.002345 0.000809 0.000659 0.000691 0.000209 0.000185 0.000236 0.000140 0.001878 0.000236 0.000258 0.000329 0.000481 0.000665 0.000615 0.000429 0.000541 0.000364 0.000279 0.000305 0.000292 0.000408 0.000193 0.000354 0.000552 0.000474 0.000871 0.001302 0.000745 0.000265 0.001127 0.000383 0.000596 0.000541 0.003260 0.010568 0.001590 0.000452 0.000446 0.000439 0.000401 0.000528 0.000314 0.000452
