hipims_case/output/h_4500.asc
ncols 269
nrows 269
xllcorner 0.000000
yllcorner 0.000000
cellsize 10.000000
NODATA_value -9999.000000
[rows 84 to 111 of 269, columns 186 to 247 of 269]
0.337155 0.305581 0.324089 0.359821 0.372153 0.316711 0.214627 0.084054 0.007116 0.000529 0.035867 0.234044 0.337221 0.311428 0.275932 0.259697 0.211214 0.200291 0.217016 0.218358 0.205113 0.059577 0.000671 0.000532 0.000306 0.000369 0.000474 0.001881 0.024961 0.000568 0.000440 0.000255 0.001068 0.016465 0.014888 0.014061 0.000391 0.000308 0.000218 0.000335 0.000422 0.000513 0.000611 0.011368 0.011716 0.000522 0.000555 0.000603 0.000547 0.000473 0.000563 0.000411 0.000368 0.000450 0.000216 0.000201 0.000286 0.000293 0.000201 0.000314 0.000340 0.000210
0.477455 0.487715 0.471656 0.425783 0.340867 0.241487 0.100470 0.000883 0.000417 0.000262 0.000353 0.001073 0.117806 0.275351 0.291308 0.307739 0.264248 0.235597 0.159099 0.162923 0.213724 0.181825 0.063528 0.000512 0.000257 0.001850 0.099038 0.141915 0.048057 0.004315 0.006848 0.010557 0.021184 0.015235 0.000526 0.000409 0.000281 0.000140 0.000310 0.000418 0.000506 0.003198 0.201828 0.077762 0.007424 0.000252 0.000288 0.000512 0.000447 0.000421 0.000373 0.000231 0.000247 0.000292 0.000402 0.000625 0.000570 0.000420 0.000341 0.000515 0.000261 0.000356
0.438199 0.422599 0.371008 0.301581 0.201763 0.086516 0.004358 0.000872 0.000384 0.000337 0.000220 0.000415 0.000569 0.038413 0.042144 0.137399 0.176888 0.026335 0.000421 0.000222 0.079380 0.204490 0.229104 0.208130 0.217556 0.263329 0.253956 0.234826 0.155209 0.021128 0.014645 0.010878 0.000622 0.000533 0.000453 0.000344 0.000140 0.000283 0.000393 0.000492 0.150283 0.412096 0.173158 0.014286 0.034054 0.018228 0.000360 0.000204 0.000258 0.000248 0.000292 0.000403 0.000358 0.000242 0.001543 0.000761 0.000488 0.000507 0.000415 0.000634 0.000234 0.000405
0.250911 0.268968 0.201868 0.081661 0.008239 0.002688 0.001207 0.001112 0.000218 0.000218 0.000220 0.000383 0.000523 0.002701 0.000230 0.000505 0.013747 0.001125 0.000381 0.000217 0.000377 0.001811 0.145032 0.184016 0.176866 0.169295 0.209189 0.228501 0.147535 0.000610 0.000592 0.000568 0.000532 0.000452 0.000622 0.000306 0.000194 0.000346 0.040560 0.439910 0.227340 0.000961 0.000484 0.000256 0.000422 0.018675 0.017424 0.000451 0.000465 0.000463 0.000476 0.000479 0.000399 0.000227 0.001390 0.000620 0.000617 0.000585 0.000501 0.000396 0.000418 0.000499
0.026751 0.026784 0.002246 0.001533 0.001307 0.001443 0.001070 0.001552 0.003184 0.000905 0.000356 0.000505 0.000703 0.002463 0.000245 0.000548 0.004291 0.001614 0.000331 0.000216 0.000326 0.000402 0.000491 0.001430 0.000451 0.000374 0.009023 0.225884 0.132992 0.000451 0.000451 0.000450 0.000431 0.000349 0.000280 0.000140 0.000294 0.063190 0.362692 0.015585 0.000686 0.000818 0.000481 0.000311 0.000371 0.000436 0.043443 0.000778 0.000583 0.000568 0.000516 0.000767 0.000614 0.000693 0.001460 0.000744 0.000705 0.000670 0.000338 0.000467 0.000531 0.001923
0.003880 0.000651 0.000644 0.001375 0.001668 0.000929 0.000571 0.000259 0.001750 0.000545 0.000428 0.000256 0.000537 0.002031 0.000274 0.000629 0.003425 0.002358 0.000217 0.000218 0.000210 0.000301 0.000401 0.001005 0.000336 0.000580 0.000718 0.169106 0.075010 0.000228 0.000237 0.000262 0.000327 0.000194 0.000140 0.000275 0.055014 0.495094 0.012225 0.000976 0.000735 0.001072 0.000676 0.000440 0.000198 0.000517 0.017513 0.003594 0.005874 0.009533 0.023134 0.013407 0.003422 0.005204 0.010816 0.000774 0.000657 0.000459 0.000267 0.000478 0.002712 0.002344
0.003337 0.000489 0.000244 0.000429 0.002963 0.000608 0.000467 0.000262 0.001374 0.000478 0.000372 0.000307 0.000564 0.002375 0.000493 0.000722 0.001782 0.004564 0.001777 0.000326 0.000194 0.000140 0.000312 0.000632 0.000512 0.000647 0.000758 0.015676 0.142679 0.000389 0.000480 0.000352 0.000215 0.000211 0.000297 0.043604 0.392014 0.001902 0.000685 0.001036 0.000999 0.000629 0.000553 0.000437 0.000248 0.000421 0.015634 0.193080 0.022933 0.011713 0.003669 0.058855 0.013599 0.011091 0.007572 0.015206 0.011204 0.000900 0.001165 0.002609 0.003139 0.000613
0.002803 0.000511 0.000281 0.000395 0.002014 0.000804 0.000625 0.000319 0.001019 0.000405 0.000219 0.000425 0.000835 0.001396 0.000697 0.001130 0.002356 0.001605 0.001554 0.003185 0.001167 0.000734 0.000206 0.000470 0.000543 0.000617 0.000727 0.000886 0.104968 0.076501 0.000524 0.000425 0.000330 0.000214 0.042903 0.047686 0.000590 0.000586 0.000591 0.000568 0.000875 0.000542 0.000514 0.000402 0.000211 0.000390 0.000507 0.001818 0.000555 0.000434 0.000220 0.000422 0.003177 0.002425 0.000374 0.000214 0.018125 0.010792 0.003777 0.004654 0.000681 0.000598
0.003210 0.000539 0.000369 0.000301 0.001553 0.000626 0.000552 0.000453 0.000647 0.000381 0.000218 0.000404 0.000810 0.000531 0.001561 0.001058 0.000836 0.001479 0.000373 0.001400 0.000543 0.000434 0.000281 0.000480 0.000785 0.000946 0.001072 0.000891 0.000787 0.105413 0.219475 0.072673 0.100562 0.117475 0.056005 0.000444 0.000455 0.000451 0.000460 0.000461 0.000749 0.000675 0.000459 0.000366 0.000194 0.000364 0.000456 0.001385 0.000519 0.000432 0.000221 0.000410 0.001512 0.004834 0.000514 0.000196 0.000431 0.008789 0.000472 0.001042 0.000607 0.000546
0.002040 0.000538 0.000415 0.000220 0.001187 0.000555 0.000493 0.000398 0.000487 0.000337 0.000217 0.000372 0.000678 0.000475 0.001875 0.000328 0.000446 0.000891 0.000564 0.000973 0.000479 0.000382 0.000276 0.000713 0.000642 0.000619 0.000717 0.000528 0.000523 0.004011 0.008703 0.000444 0.000223 0.028636 0.029126 0.000202 0.000253 0.000230 0.000245 0.000285 0.000372 0.000503 0.000375 0.000310 0.000140 0.000314 0.000379 0.000949 0.000452 0.000428 0.000220 0.000368 0.003003 0.002810 0.000392 0.000259 0.000410 0.012761 0.002732 0.001044 0.000494 0.000753
0.001462 0.000493 0.000385 0.000219 0.000807 0.000455 0.000408 0.000356 0.000220 0.000217 0.000212 0.000308 0.000512 0.000425 0.001589 0.000486 0.000376 0.000209 0.000443 0.000921 0.000408 0.000279 0.000513 0.000694 0.000439 0.000448 0.000441 0.000443 0.000313 0.006508 0.006640 0.000429 0.000222 0.000415 0.045456 0.010208 0.000440 0.000389 0.000489 0.000365 0.000220 0.000220 0.000218 0.000213 0.000197 0.000213 0.000219 0.000390 0.000292 0.000418 0.000216 0.000523 0.003967 0.000619 0.000524 0.000221 0.000564 0.007226 0.002168 0.002084 0.000228 0.000229
0.000981 0.000425 0.000329 0.000217 0.000294 0.000296 0.000234 0.000251 0.000480 0.000332 0.000195 0.000140 0.000283 0.000402 0.001225 0.000428 0.000320 0.000194 0.000459 0.000414 0.000338 0.000385 0.000409 0.000501 0.000266 0.000240 0.000228 0.000224 0.001588 0.013163 0.000668 0.000392 0.000223 0.000389 0.041890 0.522887 0.020796 0.000556 0.000552 0.000474 0.000409 0.000385 0.000336 0.000216 0.000330 0.000838 0.000482 0.000506 0.000435 0.000378 0.000200 0.000385 0.003028 0.000539 0.000391 0.000216 0.000443 0.006204 0.002003 0.002686 0.004331 0.000432
0.000477 0.000325 0.000196 0.000213 0.000372 0.000687 0.000755 0.000508 0.000546 0.000444 0.000358 0.000286 0.000140 0.000310 0.000804 0.000347 0.000195 0.000140 0.000195 0.000213 0.000260 0.000192 0.000213 0.000218 0.000354 0.000474 0.000380 0.000420 0.055929 0.008890 0.000663 0.000515 0.000224 0.000337 0.018480 0.036306 0.019321 0.026606 0.025334 0.000572 0.000510 0.000766 0.000703 0.000883 0.001217 0.002557 0.002728 0.001786 0.001123 0.000574 0.000274 0.000560 0.004069 0.000814 0.000549 0.000199 0.000664 0.005312 0.001876 0.001921 0.002930 0.005923
0.000213 0.000196 0.000140 0.000310 0.000437 0.000644 0.001424 0.000605 0.000529 0.000698 0.000468 0.000396 0.000304 0.000198 0.000275 0.000257 0.000325 0.000195 0.000323 0.000381 0.000533 0.000360 0.000401 0.000417 0.000468 0.000546 0.000555 0.077649 0.008796 0.000543 0.000658 0.000414 0.000219 0.000217 0.031092 0.000447 0.000354 0.000263 0.135686 0.005628 0.005068 0.006857 0.004538 0.004128 0.003515 0.002750 0.001357 0.000873 0.000540 0.000419 0.000254 0.000420 0.002243 0.000638 0.000465 0.000260 0.000655 0.004407 0.000770 0.000684 0.000290 0.002671
0.000379 0.000323 0.000195 0.000368 0.000484 0.000640 0.001960 0.000677 0.000593 0.000961 0.000678 0.000709 0.000584 0.000435 0.000451 0.000425 0.000384 0.000211 0.000384 0.000472 0.000582 0.000562 0.000566 0.000571 0.000594 0.000650 0.019903 0.007325 0.000785 0.000538 0.000447 0.000384 0.000331 0.000376 0.201737 0.000340 0.000219 0.000341 0.021481 0.000589 0.000590 0.000604 0.000594 0.000958 0.000699 0.000665 0.001084 0.001002 0.000870 0.000630 0.000302 0.000366 0.001806 0.000639 0.000458 0.000233 0.000802 0.003854 0.000698 0.000625 0.000388 0.000446
0.000465 0.000381 0.000211 0.000400 0.000520 0.000782 0.002639 0.000906 0.000991 0.001203 0.000869 0.000546 0.000507 0.000530 0.000469 0.000701 0.000468 0.000363 0.000285 0.000917 0.001445 0.001778 0.002027 0.002444 0.003250 0.009156 0.006671 0.000810 0.000868 0.000730 0.000515 0.000221 0.000405 0.000945 0.254211 0.000470 0.000219 0.000218 0.020188 0.000431 0.000432 0.000446 0.000450 0.000759 0.000591 0.000586 0.000556 0.000933 0.000616 0.000519 0.000415 0.000197 0.001365 0.000649 0.000444 0.000246 0.001031 0.004990 0.001037 0.000660 0.000612 0.000309
0.000519 0.000414 0.000217 0.000417 0.000546 0.000606 0.003711 0.001693 0.000964 0.000770 0.000588 0.000862 0.000713 0.000774 0.000887 0.001925 0.002185 0.001572 0.001087 0.000295 0.000394 0.000281 0.000241 0.000651 0.002164 0.004488 0.000719 0.000609 0.000858 0.000563 0.000415 0.000220 0.000354 0.000515 0.077086 0.000328 0.000215 0.000732 0.022725 0.000223 0.000229 0.000244 0.000275 0.000535 0.000469 0.000469 0.000460 0.000701 0.000554 0.000457 0.000386 0.000239 0.000924 0.000671 0.000633 0.000435 0.002049 0.002677 0.000929 0.000914 0.000676 0.000422
0.000654 0.000431 0.000219 0.000426 0.000564 0.009459 0.014821 0.007167 0.010356 0.006973 0.006505 0.009835 0.001202 0.001505 0.001934 0.003691 0.000771 0.000628 0.000735 0.000405 0.000256 0.000879 0.001303 0.001370 0.002551 0.003092 0.000631 0.000519 0.000702 0.000548 0.000392 0.000220 0.000473 0.000504 0.042175 0.000209 0.000201 0.000411 0.027658 0.001798 0.000432 0.000410 0.000359 0.000205 0.000285 0.000297 0.000414 0.000364 0.000507 0.000366 0.000314 0.000192 0.000315 0.000568 0.000430 0.000598 0.002445 0.000827 0.000773 0.000712 0.001064 0.000568
0.000476 0.000307 0.000373 0.000490 0.010837 0.099798 0.000670 0.000609 0.000560 0.000634 0.000285 0.005516 0.062095 0.004906 0.002697 0.000818 0.000737 0.000684 0.000562 0.000323 0.000473 0.000536 0.000624 0.000777 0.003283 0.000892 0.000886 0.000699 0.000457 0.000538 0.000341 0.000220 0.000332 0.000378 0.026366 0.000370 0.000313 0.000378 0.013430 0.001707 0.003283 0.002245 0.001878 0.001467 0.001666 0.000368 0.000216 0.000198 0.000249 0.000211 0.000194 0.000140 0.000196 0.000340 0.000411 0.000575 0.001801 0.000716 0.000653 0.000555 0.000775 0.000491
0.000488 0.000256 0.000429 0.035853 0.011475 0.000674 0.000578 0.000480 0.000641 0.000471 0.000381 0.000211 0.000409 0.002732 0.001047 0.000740 0.000634 0.000672 0.000601 0.000467 0.000231 0.000431 0.000552 0.000767 0.002612 0.000716 0.000623 0.000525 0.000434 0.000338 0.000220 0.000220 0.000218 0.000217 0.025486 0.002121 0.000343 0.000219 0.016479 0.000251 0.000292 0.000563 0.000511 0.000555 0.000930 0.000971 0.000577 0.000418 0.000385 0.000492 0.000371 0.000319 0.000441 0.000242 0.000286 0.000565 0.001214 0.000641 0.000600 0.000504 0.000631 0.000401
0.013279 0.012389 0.018596 0.012035 0.000478 0.000611 0.000504 0.000423 0.000407 0.000391 0.000321 0.000194 0.000375 0.002043 0.001156 0.001222 0.000830 0.000595 0.000580 0.000470 0.000244 0.000413 0.000514 0.000819 0.001996 0.000624 0.000548 0.000445 0.000340 0.000221 0.000220 0.000342 0.000386 0.002224 0.031222 0.120703 0.000215 0.000218 0.011010 0.192130 0.004988 0.000220 0.000218 0.000207 0.000301 0.000322 0.000476 0.000529 0.000473 0.000751 0.000547 0.000548 0.000576 0.000554 0.000408 0.000642 0.000534 0.000562 0.000542 0.000509 0.000457 0.000375
0.001408 0.000535 0.000443 0.000628 0.000405 0.000317 0.000415 0.000214 0.000193 0.000248 0.000195 0.000140 0.000326 0.001278 0.000903 0.001001 0.001097 0.000866 0.000525 0.000479 0.000283 0.000362 0.000454 0.000934 0.001344 0.000525 0.000476 0.000367 0.000226 0.000221 0.000379 0.002977 0.004236 0.002134 0.001484 0.022795 0.000333 0.000220 0.000222 0.007851 0.311289 0.009736 0.000613 0.000765 0.001006 0.002044 0.002628 0.004162 0.010015 0.004876 0.000817 0.000894 0.000710 0.000354 0.000210 0.000291 0.000312 0.000437 0.000426 0.000408 0.000378 0.000324
0.000953 0.000432 0.000338 0.000465 0.000283 0.000140 0.000196 0.000744 0.000424 0.000419 0.000379 0.000330 0.000247 0.000457 0.000654 0.000728 0.000697 0.000684 0.000743 0.000476 0.000384 0.000211 0.000376 0.001196 0.000456 0.000407 0.000408 0.000287 0.000242 0.000347 0.002363 0.103545 0.000394 0.000219 0.000376 0.021390 0.021145 0.000339 0.000228 0.000384 0.000514 0.009399 0.009930 0.009253 0.008170 0.007849 0.006735 0.008740 0.002571 0.004183 0.064131 0.000602 0.000511 0.000479 0.000393 0.000519 0.000374 0.000221 0.000220 0.000217 0.000211 0.000195
0.000390 0.000324 0.000184 0.000238 0.000140 0.000281 0.000350 0.000639 0.001211 0.000549 0.000506 0.000443 0.000593 0.000511 0.000390 0.000621 0.000550 0.000450 0.000559 0.000397 0.000324 0.000196 0.000325 0.000815 0.000325 0.000194 0.000323 0.000391 0.000976 0.001485 0.002086 0.000839 0.000350 0.000221 0.000332 0.000433 0.460088 0.000388 0.000245 0.000301 0.000457 0.000578 0.000433 0.002320 0.000605 0.000550 0.000352 0.001009 0.000366 0.000196 0.005653 0.026883 0.003275 0.000706 0.000576 0.000578 0.000490 0.000434 0.000426 0.000409 0.000366 0.000501
0.000219 0.000215 0.000209 0.000341 0.000359 0.000413 0.002770 0.002719 0.003880 0.005047 0.003138 0.002716 0.003690 0.000875 0.001025 0.000532 0.000475 0.000390 0.000312 0.000257 0.000195 0.000140 0.000196 0.000336 0.000196 0.000140 0.000196 0.000511 0.000604 0.000590 0.000608 0.001075 0.000242 0.000228 0.000221 0.000363 0.062254 0.001461 0.001022 0.000600 0.000410 0.000219 0.000424 0.001917 0.000805 0.000548 0.000532 0.000599 0.000459 0.000241 0.000408 0.003470 0.002992 0.004501 0.003978 0.003374 0.002867 0.002123 0.001197 0.001338 0.001791 0.002147
0.000333 0.000217 0.000330 0.000421 0.000473 0.002656 0.002482 0.001856 0.000311 0.000433 0.000607 0.000313 0.001825 0.001305 0.000492 0.000414 0.000367 0.000231 0.000244 0.000465 0.000271 0.000256 0.000343 0.000828 0.000365 0.000307 0.000212 0.000354 0.000523 0.000383 0.000471 0.000587 0.000287 0.000376 0.000412 0.000297 0.020592 0.000587 0.000520 0.000466 0.000383 0.000218 0.000403 0.001368 0.000628 0.000650 0.000886 0.000517 0.000312 0.000193 0.000358 0.001274 0.000587 0.000578 0.000945 0.000934 0.001236 0.001713 0.003254 0.001633 0.000474 0.000379
0.000383 0.000217 0.000375 0.000481 0.002989 0.002800 0.002553 0.001562 0.000423 0.000328 0.000485 0.000465 0.000651 0.000439 0.000385 0.000238 0.000272 0.000368 0.000591 0.000454 0.000237 0.000357 0.000442 0.001596 0.000966 0.001272 0.000853 0.000474 0.000211 0.000335 0.000387 0.000334 0.000349 0.000460 0.000518 0.019071 0.031696 0.000478 0.000411 0.000388 0.000338 0.000216 0.000372 0.000856 0.000407 0.000330 0.000467 0.000322 0.000194 0.000140 0.000303 0.000807 0.000416 0.000385 0.000536 0.000441 0.000411 0.000379 0.000554 0.000414 0.000363 0.000198
0.000283 0.000357 0.000456 0.003681 0.003535 0.002580 0.001140 0.000864 0.000460 0.000496 0.000280 0.000359 0.000452 0.000292 0.000317 0.000351 0.000236 0.000410 0.000981 0.000312 0.000381 0.000460 0.002838 0.002577 0.001375 0.000500 0.000378 0.000320 0.000196 0.000212 0.000216 0.000382 0.000558 0.000498 0.001813 0.123349 0.000426 0.000372 0.000220 0.000218 0.000216 0.000208 0.000314 0.000350 0.000285 0.000140 0.000196 0.000213 0.000660 0.000304 0.000196 0.000258 0.000220 0.000216 0.000198 0.000256 0.000215 0.000200 0.000269 0.000249 0.000292 0.000386
