hipims_case/output/h_900.asc
ncols 269
nrows 269
xllcorner 0.000000
yllcorner 0.000000
cellsize 10.000000
NODATA_value -9999.000000
[rows 28 to 55 of 269, columns 124 to 185 of 269]
0.000000 0.000000 0.000000 0.000001 0.000000 0.000000 0.000000 0.000004 0.000022 0.000038 0.000784 0.000927 0.022592 0.007839 0.001999 0.001988 0.002096 0.003551 0.004955 0.020143 0.003616 0.002859 0.001261 0.003338 0.001537 0.001002 0.001464 0.278110 0.004679 0.002650 0.001792 0.001101 0.001516 0.002273 0.007696 0.006179 0.003028 0.002934 0.002620 0.002060 0.001057 0.001926 0.003062 0.009929 0.002067 0.000935 0.011423 0.009011 0.002131 0.001382 0.001696 0.010984 0.005384 0.005214 0.004456 0.007639 0.009014 0.007155 0.004509 0.001515 0.000908 0.000651
0.000000 0.000000 0.000000 0.000000 0.000000 0.000000 0.000000 0.000000 0.000003 0.000010 0.001161 0.001544 0.023339 0.001019 0.000991 0.000976 0.000909 0.000651 0.000883 0.028274 0.003116 0.001718 0.001892 0.005012 0.001736 0.001000 0.024865 0.028525 0.002854 0.002736 0.002770 0.001757 0.002128 0.002570 0.011648 0.005359 0.003030 0.003748 0.002712 0.002085 0.001039 0.002004 0.002468 0.011386 0.001633 0.001795 0.014508 0.004839 0.002150 0.001156 0.023968 0.101848 0.016623 0.018935 0.010894 0.011414 0.001902 0.002258 0.001623 0.000999 0.000981 0.001405
0.000000 0.003365 0.010162 0.003613 0.000000 0.000000 0.000000 0.000000 0.000000 0.000001 0.001356 0.001905 0.027260 0.001904 0.001735 0.001546 0.000972 0.001387 0.001615 0.022428 0.019910 0.028186 0.044594 0.020381 0.036389 0.040775 0.025343 0.002869 0.002339 0.002001 0.001615 0.001199 0.004283 0.006482 0.014991 0.019143 0.004476 0.004551 0.003490 0.002492 0.001172 0.002093 0.012843 0.009002 0.001063 0.001941 0.014936 0.007127 0.009105 0.019735 0.025092 0.002559 0.002155 0.002688 0.002122 0.001639 0.001295 0.001283 0.001203 0.001551 0.001004 0.001696
0.000000 0.000000 0.018088 0.143161 0.107173 0.000000 0.000000 0.000000 0.000000 0.000000 0.003232 0.053327 0.015479 0.002276 0.001865 0.001198 0.001608 0.001899 0.002131 0.117395 0.074290 0.003782 0.002494 0.001007 0.001779 0.006594 0.003131 0.002870 0.001969 0.001484 0.000908 0.001530 0.002014 0.002335 0.002500 0.021843 0.021121 0.003042 0.002345 0.001361 0.001578 0.002271 0.011463 0.003910 0.002933 0.239893 0.326312 0.048994 0.024360 0.026557 0.002496 0.002133 0.001823 0.001580 0.001827 0.000898 0.000651 0.003673 0.002149 0.002210 0.001174 0.002340
0.000000 0.000000 0.000000 0.000000 0.100054 0.132625 0.074635 0.103566 0.119424 0.106738 0.111223 0.133565 0.080525 0.002626 0.002333 0.001075 0.001834 0.002291 0.097120 0.057830 0.002304 0.002029 0.001676 0.001000 0.001520 0.004065 0.002775 0.003178 0.001591 0.000906 0.000651 0.000908 0.001604 0.001842 0.001948 0.002012 0.028503 0.003021 0.002310 0.001177 0.001874 0.026964 0.029894 0.042630 0.063667 0.040256 0.007773 0.002827 0.002609 0.002368 0.002078 0.001653 0.001016 0.001013 0.001004 0.000985 0.001412 0.002959 0.004868 0.001703 0.000917 0.001686
0.000000 0.000000 0.000000 0.000000 0.000000 0.000000 0.000000 0.002467 0.002576 0.000890 0.001101 0.023780 0.103078 0.002543 0.001746 0.001050 0.001986 0.068756 0.044047 0.002127 0.001796 0.001711 0.001456 0.001010 0.000983 0.000904 0.001507 0.004051 0.001197 0.001520 0.000909 0.001519 0.001195 0.001085 0.001046 0.001029 0.014976 0.016209 0.001545 0.001835 0.182648 0.143852 0.029323 0.002789 0.002570 0.002295 0.003312 0.002320 0.002100 0.001923 0.001706 0.001331 0.001802 0.001538 0.000998 0.001505 0.001877 0.006195 0.004009 0.002205 0.000995 0.001883
0.000000 0.000000 0.000000 0.000000 0.000000 0.000000 0.000000 0.000000 0.000782 0.000765 0.001232 0.002722 0.112863 0.021419 0.019637 0.031633 0.066526 0.048008 0.002213 0.001614 0.000971 0.000903 0.000651 0.002916 0.001422 0.000651 0.000909 0.002133 0.002099 0.002020 0.001614 0.001191 0.001696 0.001882 0.001972 0.001996 0.011429 0.176758 0.109465 0.079556 0.045338 0.003704 0.002766 0.002391 0.002134 0.002003 0.002344 0.001763 0.001417 0.001209 0.001052 0.001119 0.001894 0.003398 0.001000 0.001741 0.006649 0.005586 0.003944 0.001754 0.001013 0.001973
0.000000 0.000000 0.000000 0.000000 0.000000 0.000000 0.000000 0.000000 0.000000 0.000000 0.001570 0.002372 0.096787 0.078151 0.031106 0.034903 0.004331 0.002152 0.001954 0.001285 0.001727 0.001471 0.000894 0.004352 0.001681 0.000893 0.003387 0.002164 0.001412 0.003714 0.001244 0.001734 0.002131 0.002337 0.002437 0.002600 0.123869 0.077118 0.002523 0.002460 0.002634 0.004051 0.004045 0.003492 0.002821 0.001693 0.001023 0.001025 0.001041 0.001081 0.001599 0.001785 0.002503 0.005907 0.001016 0.003858 0.009425 0.005457 0.002485 0.002794 0.001779 0.001593
0.000000 0.000000 0.000000 0.000000 0.000000 0.000000 0.000000 0.000000 0.000000 0.000000 0.001516 0.002320 0.046105 0.057249 0.001342 0.001777 0.002469 0.001297 0.001685 0.002100 0.002129 0.001733 0.000968 0.005653 0.002079 0.003501 0.003510 0.002989 0.002228 0.002205 0.002817 0.001933 0.002433 0.002657 0.002861 0.077488 0.049930 0.001997 0.001863 0.001407 0.001974 0.001794 0.002474 0.001885 0.001708 0.001317 0.001810 0.001568 0.001010 0.001560 0.001970 0.002242 0.002436 0.007854 0.004598 0.009921 0.008601 0.003126 0.001712 0.005027 0.002358 0.001042
0.000000 0.000000 0.000000 0.000000 0.000000 0.000000 0.000000 0.000000 0.000000 0.000000 0.001420 0.004147 0.011251 0.070546 0.002691 0.001021 0.001638 0.002074 0.002336 0.003930 0.002055 0.002624 0.001011 0.011381 0.008669 0.006895 0.003895 0.002164 0.001524 0.002310 0.002877 0.003536 0.002521 0.002938 0.008917 0.065377 0.001076 0.001135 0.001311 0.001734 0.001003 0.000919 0.001176 0.001029 0.001049 0.001119 0.001938 0.002146 0.002014 0.002161 0.002980 0.002322 0.009505 0.008714 0.006166 0.007273 0.004806 0.003499 0.005516 0.004747 0.001766 0.001048
0.000004 0.000210 0.001833 0.000000 0.000000 0.000000 0.000000 0.000000 0.000001 0.000000 0.001211 0.004291 0.004100 0.060825 0.037442 0.002015 0.003197 0.002718 0.002654 0.002220 0.002232 0.011735 0.010756 0.009614 0.001216 0.001551 0.002455 0.001526 0.001954 0.002535 0.003140 0.004764 0.004917 0.001896 0.042494 0.056432 0.001972 0.002799 0.002418 0.002599 0.002710 0.002230 0.002345 0.001564 0.001018 0.001588 0.002715 0.002182 0.002494 0.002629 0.003204 0.003213 0.013827 0.006368 0.005061 0.006104 0.003952 0.005024 0.003823 0.002900 0.001934 0.001031
0.000021 0.000570 0.005909 0.011298 0.000000 0.000000 0.000000 0.000001 0.000010 0.000117 0.006601 0.005803 0.003091 0.007239 0.126315 0.076802 0.054337 0.020191 0.005120 0.002257 0.001225 0.011046 0.006564 0.004664 0.001722 0.001190 0.003010 0.001953 0.002389 0.003495 0.026392 0.093310 0.106447 0.104851 0.170964 0.155103 0.038340 0.002795 0.003634 0.002672 0.002106 0.002028 0.002238 0.001212 0.001631 0.001989 0.003169 0.002462 0.002967 0.007122 0.085206 0.089981 0.059389 0.005998 0.004487 0.003299 0.003857 0.008276 0.003636 0.002629 0.001372 0.001682
0.000000 0.000000 0.000000 0.014307 0.090190 0.031557 0.023011 0.000015 0.000049 0.000156 0.006174 0.001416 0.001732 0.002487 0.003007 0.062660 0.130779 0.167377 0.207844 0.234882 0.130526 0.025844 0.005848 0.003629 0.001288 0.001741 0.005947 0.037323 0.113497 0.122366 0.087944 0.069435 0.019830 0.018155 0.017016 0.003308 0.033429 0.049010 0.005547 0.003005 0.002591 0.002464 0.002161 0.001089 0.001826 0.002321 0.006121 0.039155 0.130287 0.142072 0.136314 0.149179 0.161896 0.161171 0.083726 0.058910 0.086188 0.028870 0.011607 0.017487 0.036513 0.043400
0.000000 0.000000 0.000000 0.000000 0.000000 0.000000 0.018957 0.018425 0.000109 0.000233 0.005052 0.001856 0.001012 0.002365 0.002722 0.003591 0.007598 0.003178 0.013997 0.079819 0.183284 0.234664 0.164350 0.072409 0.088479 0.181465 0.193152 0.178011 0.180613 0.159913 0.039654 0.002270 0.002156 0.002044 0.001648 0.001226 0.002083 0.016638 0.063539 0.005762 0.002573 0.001634 0.002362 0.002181 0.006548 0.100179 0.162621 0.137895 0.109935 0.018322 0.007557 0.002914 0.001258 0.116170 0.228181 0.184236 0.152257 0.145870 0.270947 0.130094 0.019092 0.001420
0.000000 0.000000 0.000000 0.000000 0.000000 0.000000 0.000000 0.023781 0.000302 0.000475 0.003863 0.002308 0.000939 0.002501 0.003304 0.003459 0.004945 0.003730 0.006362 0.004408 0.043967 0.068882 0.039401 0.076739 0.044253 0.023283 0.054485 0.021069 0.025831 0.102593 0.030630 0.000970 0.001403 0.001560 0.000996 0.001532 0.001904 0.002339 0.016877 0.087445 0.078243 0.074869 0.090656 0.119002 0.160321 0.154322 0.064074 0.013308 0.008205 0.003726 0.003104 0.002455 0.001265 0.004076 0.006317 0.003039 0.002005 0.001080 0.002151 0.190372 0.017723 0.001723
0.000000 0.000000 0.000000 0.000000 0.000000 0.000000 0.000000 0.018997 0.015841 0.001006 0.002045 0.001969 0.001181 0.003796 0.002432 0.002897 0.003220 0.006030 0.005538 0.004099 0.038630 0.003759 0.001359 0.004578 0.001642 0.001377 0.004194 0.014862 0.000923 0.059427 0.083804 0.002679 0.001725 0.001007 0.000998 0.000981 0.001394 0.001972 0.002143 0.002373 0.009673 0.015809 0.007821 0.008374 0.008666 0.004838 0.003958 0.004023 0.004503 0.003583 0.003088 0.002615 0.001598 0.005104 0.002402 0.003073 0.001854 0.001131 0.002136 0.073950 0.381778 0.077315
0.000000 0.000000 0.000000 0.000000 0.000000 0.000000 0.000000 0.000000 0.016291 0.001099 0.001289 0.001796 0.001120 0.002939 0.002073 0.002686 0.002968 0.004571 0.004353 0.004552 0.051250 0.002555 0.002371 0.002728 0.001325 0.002569 0.005399 0.019838 0.001263 0.009431 0.099820 0.058150 0.049003 0.005911 0.001470 0.000909 0.000651 0.001750 0.001403 0.001706 0.003119 0.012836 0.007299 0.001669 0.002514 0.001943 0.003245 0.002882 0.004734 0.003519 0.002837 0.002589 0.002199 0.003273 0.002616 0.002047 0.001609 0.001297 0.002188 0.002814 0.009063 0.200933
0.000000 0.000000 0.000000 0.000000 0.000000 0.000000 0.000000 0.000000 0.018312 0.014810 0.009953 0.002671 0.001236 0.002304 0.001957 0.002594 0.002913 0.004110 0.005005 0.006114 0.044368 0.003316 0.002157 0.001646 0.001341 0.002153 0.009684 0.012493 0.001134 0.006821 0.054555 0.006387 0.028372 0.085441 0.049820 0.026965 0.001355 0.000902 0.000651 0.000907 0.003968 0.008969 0.011461 0.000908 0.001228 0.001064 0.001810 0.002327 0.003802 0.003578 0.003491 0.003070 0.002651 0.002016 0.002535 0.001712 0.000967 0.001774 0.002257 0.002625 0.004073 0.002771
0.000000 0.000000 0.000000 0.000000 0.000000 0.000000 0.000000 0.000000 0.000000 0.008944 0.009722 0.002214 0.002279 0.000932 0.002055 0.002539 0.002651 0.007543 0.007693 0.004142 0.027149 0.002441 0.001884 0.000986 0.001858 0.002210 0.011546 0.001664 0.001290 0.002464 0.076703 0.003321 0.001613 0.002604 0.016790 0.155063 0.153991 0.060094 0.001816 0.001893 0.003224 0.000651 0.019061 0.027432 0.057567 0.032023 0.004132 0.001404 0.001923 0.002832 0.002360 0.002141 0.001914 0.001869 0.001757 0.001510 0.000911 0.001586 0.002072 0.003075 0.003439 0.002379
0.000000 0.000000 0.000000 0.000000 0.000000 0.000000 0.000000 0.000000 0.000000 0.000000 0.021293 0.001297 0.001810 0.001168 0.002048 0.002299 0.004030 0.011747 0.000889 0.000972 0.037300 0.002328 0.001872 0.000909 0.001696 0.003293 0.012802 0.001030 0.001686 0.004289 0.091177 0.002754 0.002392 0.001430 0.001742 0.002319 0.041132 0.033851 0.219838 0.050643 0.050205 0.079923 0.041973 0.048356 0.017718 0.029316 0.329294 0.002511 0.002491 0.002838 0.001839 0.001638 0.001020 0.001013 0.000986 0.000909 0.000651 0.001133 0.001794 0.002823 0.001820 0.002154
0.000000 0.000000 0.000000 0.000000 0.000000 0.000000 0.000000 0.000000 0.000000 0.000003 0.013548 0.008628 0.002413 0.001041 0.001812 0.003158 0.003592 0.006273 0.000651 0.001386 0.023665 0.002224 0.001832 0.001204 0.002399 0.002718 0.008809 0.001046 0.002382 0.004591 0.090864 0.002416 0.002510 0.002037 0.001088 0.002081 0.004794 0.001102 0.005727 0.004719 0.001010 0.010763 0.010234 0.002069 0.001883 0.001017 0.043146 0.042342 0.001031 0.001051 0.001100 0.001227 0.001577 0.001010 0.003340 0.001955 0.001957 0.002084 0.001988 0.001787 0.001315 0.001677
0.000000 0.000000 0.000000 0.000000 0.000000 0.000000 0.000000 0.000000 0.000001 0.000025 0.007872 0.007448 0.002024 0.001038 0.002333 0.002561 0.003431 0.003783 0.006743 0.009068 0.030133 0.003557 0.002491 0.001010 0.001724 0.002194 0.006937 0.001068 0.001857 0.005975 0.115201 0.003003 0.002285 0.001967 0.001194 0.002076 0.003317 0.001227 0.002218 0.007607 0.000944 0.001963 0.019478 0.002484 0.001761 0.001019 0.001838 0.043948 0.001912 0.001821 0.001616 0.001076 0.001797 0.001882 0.007873 0.005317 0.007134 0.004975 0.002979 0.002421 0.001788 0.001006
0.000000 0.000000 0.000000 0.000000 0.000000 0.000000 0.000000 0.000003 0.000016 0.000077 0.001738 0.010585 0.002117 0.001615 0.001817 0.002065 0.002463 0.007105 0.004231 0.003627 0.018332 0.002639 0.001809 0.000929 0.002259 0.003017 0.008641 0.001798 0.003145 0.012374 0.056966 0.001956 0.001898 0.001842 0.001521 0.002027 0.001008 0.001573 0.002227 0.005035 0.001154 0.001826 0.013676 0.001774 0.001550 0.001017 0.001717 0.043950 0.338035 0.028059 0.010450 0.017196 0.099587 0.027034 0.047791 0.020098 0.002777 0.001715 0.001089 0.001205 0.001545 0.000974
0.000000 0.000000 0.000000 0.000000 0.000000 0.000000 0.000005 0.000021 0.000059 0.000188 0.001498 0.008918 0.003228 0.001991 0.001027 0.002361 0.003323 0.006286 0.001739 0.002109 0.016343 0.002732 0.002472 0.001179 0.001725 0.002060 0.003273 0.002460 0.002469 0.015727 0.051342 0.000997 0.000921 0.001171 0.001025 0.001026 0.001035 0.001069 0.002073 0.004251 0.001044 0.002184 0.017294 0.001003 0.001004 0.000999 0.002384 0.024798 0.011954 0.018053 0.039834 0.019803 0.002412 0.001402 0.001717 0.018047 0.005644 0.001316 0.001672 0.001986 0.000965 0.000855
0.000000 0.000000 0.000000 0.000000 0.000000 0.000003 0.000021 0.000071 0.000119 0.000267 0.001440 0.006828 0.002419 0.001882 0.001019 0.001881 0.002425 0.003560 0.002781 0.001788 0.014401 0.002379 0.001927 0.001021 0.002124 0.002918 0.004838 0.002127 0.001449 0.024406 0.100501 0.002000 0.001985 0.002003 0.001874 0.001644 0.002070 0.001172 0.002174 0.001598 0.001081 0.001639 0.011854 0.010819 0.001513 0.000917 0.001938 0.028427 0.003939 0.001470 0.006359 0.005639 0.002585 0.001973 0.001006 0.014603 0.007272 0.008526 0.009890 0.005208 0.003127 0.001102
0.000000 0.000000 0.000000 0.000003 0.000037 0.000129 0.000214 0.000215 0.000173 0.000390 0.001321 0.005361 0.002167 0.001761 0.001014 0.001783 0.002239 0.002699 0.002785 0.012469 0.015682 0.002055 0.001792 0.001010 0.001504 0.001801 0.002405 0.002219 0.002291 0.052447 0.023948 0.054027 0.035739 0.027716 0.028654 0.002102 0.002641 0.001608 0.001028 0.001071 0.001181 0.001816 0.002175 0.010007 0.004324 0.001243 0.001891 0.017143 0.007669 0.002193 0.000895 0.007482 0.002476 0.001803 0.000932 0.010760 0.003129 0.002554 0.003022 0.001991 0.001401 0.000651
0.000000 0.000000 0.000000 0.000003 0.000026 0.000079 0.000148 0.000236 0.000369 0.000590 0.000949 0.003757 0.001796 0.001566 0.001015 0.001571 0.001993 0.002500 0.003656 0.011067 0.002757 0.002287 0.001548 0.001007 0.000992 0.001128 0.000937 0.002036 0.013310 0.024482 0.003302 0.001684 0.012547 0.013215 0.021858 0.363790 0.002646 0.002721 0.002188 0.002314 0.001473 0.000893 0.001721 0.006694 0.002628 0.001102 0.002595 0.013106 0.009142 0.002491 0.000651 0.005845 0.003657 0.002550 0.001225 0.008891 0.002707 0.002359 0.002243 0.001683 0.000902 0.001421
0.000000 0.000000 0.000000 0.000000 0.000000 0.000000 0.000000 0.000000 0.000000 0.000000 0.000789 0.001575 0.001020 0.001021 0.001026 0.001025 0.001566 0.002343 0.002879 0.007923 0.002017 0.001521 0.001008 0.001011 0.001530 0.001818 0.016155 0.023769 0.011671 0.016621 0.005813 0.002620 0.002003 0.001036 0.002014 0.059651 0.029863 0.008151 0.006420 0.001503 0.000893 0.000651 0.001574 0.004695 0.002967 0.001188 0.001996 0.005964 0.018414 0.004831 0.004533 0.004889 0.002734 0.001951 0.001132 0.010584 0.003355 0.002849 0.001996 0.001406 0.000651 0.001591
