hipims_case/output/h_900.asc
ncols 269
nrows 269
xllcorner 0.000000
yllcorner 0.000000
cellsize 10.000000
NODATA_value -9999.000000
[rows 168 to 195 of 269, columns 186 to 247 of 269]
0.000461 0.000554 0.010506 0.000725 0.000590 0.000463 0.000234 0.000435 0.011583 0.001178 0.001208 0.001439 0.000429 0.000383 0.000417 0.000339 0.000215 0.000212 0.000212 0.000316 0.000380 0.000450 0.000528 0.002392 0.002305 0.000399 0.000311 0.002742 0.002664 0.000736 0.000316 0.000371 0.000484 0.006989 0.000368 0.000266 0.000140 -9999.000000 -9999.000000 -9999.000000 -9999.000000 -9999.000000 -9999.000000 -9999.000000 -9999.000000 -9999.000000 -9999.000000 -9999.000000 -9999.000000 -9999.000000 -9999.000000 -9999.000000 -9999.000000 -9999.000000 -9999.000000 -9999.000000 -9999.000000 -9999.000000 -9999.000000 -9999.000000 -9999.000000 -9999.000000
0.000559 0.010837 0.000735 0.000657 0.000545 0.000464 0.000248 0.000397 0.000496 0.015981 0.000667 0.000220 0.000222 0.000226 0.000237 0.000252 0.000421 0.000323 0.000215 0.000403 0.000525 0.000504 0.001120 0.005069 0.004777 0.001977 0.003873 0.002822 0.000350 0.000322 0.000416 0.000493 0.006754 0.000370 0.000270 0.000140 -9999.000000 -9999.000000 -9999.000000 -9999.000000 -9999.000000 -9999.000000 -9999.000000 -9999.000000 -9999.000000 -9999.000000 -9999.000000 -9999.000000 -9999.000000 -9999.000000 -9999.000000 -9999.000000 -9999.000000 -9999.000000 -9999.000000 -9999.000000 -9999.000000 -9999.000000 -9999.000000 -9999.000000 -9999.000000 -9999.000000
0.013625 0.000742 0.000681 0.000829 0.000686 0.000437 0.000290 0.000351 0.000434 0.001138 0.000614 0.000410 0.000411 0.000418 0.000399 0.000557 0.000536 0.000427 0.000239 0.000380 0.000535 0.000822 0.000532 0.000496 0.038078 0.001552 0.000315 0.000192 0.000140 0.000348 0.000943 0.000529 0.000344 0.000272 0.000140 -9999.000000 -9999.000000 -9999.000000 -9999.000000 -9999.000000 -9999.000000 -9999.000000 -9999.000000 -9999.000000 -9999.000000 -9999.000000 -9999.000000 -9999.000000 -9999.000000 -9999.000000 -9999.000000 -9999.000000 -9999.000000 -9999.000000 -9999.000000 -9999.000000 -9999.000000 -9999.000000 -9999.000000 -9999.000000 -9999.000000 -9999.000000
0.002048 0.000610 0.000589 0.000541 0.000646 0.000523 0.000392 0.000214 0.000393 0.000495 0.008936 0.000465 0.000409 0.000288 0.000907 0.000589 0.000453 0.000371 0.000205 0.000409 0.001151 0.000384 0.000277 0.000236 0.000698 0.000820 0.000210 0.000210 0.000298 0.000410 0.001592 0.000750 0.000190 0.000140 -9999.000000 -9999.000000 -9999.000000 -9999.000000 -9999.000000 -9999.000000 -9999.000000 -9999.000000 -9999.000000 -9999.000000 -9999.000000 -9999.000000 -9999.000000 -9999.000000 -9999.000000 -9999.000000 -9999.000000 -9999.000000 -9999.000000 -9999.000000 -9999.000000 -9999.000000 -9999.000000 -9999.000000 -9999.000000 -9999.000000 -9999.000000 -9999.000000
0.000642 0.000516 0.000489 0.000471 0.000526 0.000434 0.000369 0.000210 0.000389 0.000474 0.000575 0.009627 0.000589 0.000588 0.000887 0.000559 0.000509 0.000413 0.000218 0.000421 0.001179 0.000289 0.000376 0.000395 0.000596 0.001262 0.000318 0.000212 0.000361 0.013976 0.001814 0.000212 -9999.000000 -9999.000000 -9999.000000 -9999.000000 -9999.000000 -9999.000000 -9999.000000 -9999.000000 -9999.000000 -9999.000000 -9999.000000 -9999.000000 -9999.000000 -9999.000000 -9999.000000 -9999.000000 -9999.000000 -9999.000000 -9999.000000 -9999.000000 -9999.000000 -9999.000000 -9999.000000 -9999.000000 -9999.000000 -9999.000000 -9999.000000 -9999.000000 -9999.000000 -9999.000000
0.000595 0.000389 0.000301 0.000412 0.000393 0.000370 0.000323 0.000196 0.000359 0.000432 0.000540 0.000613 0.026877 0.003090 0.002442 0.000606 0.000491 0.000302 0.000351 0.001130 0.000918 0.000241 0.000401 0.000460 0.001303 0.000908 0.000374 0.000216 0.000794 0.000369 0.000308 0.000194 -9999.000000 -9999.000000 -9999.000000 -9999.000000 -9999.000000 -9999.000000 -9999.000000 -9999.000000 -9999.000000 -9999.000000 -9999.000000 -9999.000000 -9999.000000 -9999.000000 -9999.000000 -9999.000000 -9999.000000 -9999.000000 -9999.000000 -9999.000000 -9999.000000 -9999.000000 -9999.000000 -9999.000000 -9999.000000 -9999.000000 -9999.000000 -9999.000000 -9999.000000 -9999.000000
0.001042 0.000281 0.000355 0.000215 0.000215 0.000211 0.000195 0.000140 0.000306 0.000351 0.000522 0.000537 0.000586 0.000683 0.001764 0.001401 0.000493 0.000258 0.002382 0.002636 0.001785 0.001143 0.000301 0.035200 0.004866 0.000758 0.000479 0.000702 0.000642 0.000208 0.000191 0.000140 -9999.000000 -9999.000000 -9999.000000 -9999.000000 -9999.000000 -9999.000000 -9999.000000 -9999.000000 -9999.000000 -9999.000000 -9999.000000 -9999.000000 -9999.000000 -9999.000000 -9999.000000 -9999.000000 -9999.000000 -9999.000000 -9999.000000 -9999.000000 -9999.000000 -9999.000000 -9999.000000 -9999.000000 -9999.000000 -9999.000000 -9999.000000 -9999.000000 -9999.000000 -9999.000000
0.001251 0.001589 0.001255 0.000936 0.000694 0.000383 0.000324 0.000397 0.000209 0.000193 0.000551 0.000445 0.000505 0.000626 0.000527 0.000639 0.001438 0.028583 0.003117 0.000365 0.000261 0.000778 0.004913 0.000239 0.004046 0.004088 0.002709 0.002850 0.001537 0.000367 0.000307 0.000194 -9999.000000 -9999.000000 -9999.000000 -9999.000000 -9999.000000 -9999.000000 -9999.000000 -9999.000000 -9999.000000 -9999.000000 -9999.000000 -9999.000000 -9999.000000 -9999.000000 -9999.000000 -9999.000000 -9999.000000 -9999.000000 -9999.000000 -9999.000000 -9999.000000 -9999.000000 -9999.000000 -9999.000000 -9999.000000 -9999.000000 -9999.000000 -9999.000000 -9999.000000 -9999.000000
0.000615 0.000511 0.000459 0.000383 0.000300 0.000443 0.000621 0.000444 0.000303 0.000140 0.000530 0.000398 0.000401 0.000461 0.000514 0.000561 0.000619 0.000599 0.001047 0.000272 0.000358 0.000568 0.000484 0.000261 0.000440 0.001776 0.000963 0.000928 0.001128 0.001915 0.000783 0.000316 -9999.000000 -9999.000000 -9999.000000 -9999.000000 -9999.000000 -9999.000000 -9999.000000 -9999.000000 -9999.000000 -9999.000000 -9999.000000 -9999.000000 -9999.000000 -9999.000000 -9999.000000 -9999.000000 -9999.000000 -9999.000000 -9999.000000 -9999.000000 -9999.000000 -9999.000000 -9999.000000 -9999.000000 -9999.000000 -9999.000000 -9999.000000 -9999.000000 -9999.000000 -9999.000000
0.000463 0.000410 0.000378 0.000286 0.000406 0.000304 0.001070 0.000522 0.000444 0.000402 0.000411 0.000373 0.000210 0.000379 0.000452 0.000516 0.000572 0.000438 0.000497 0.017493 0.001124 0.000528 0.000516 0.000328 0.000416 0.001156 0.000862 0.000522 0.000487 0.000935 0.000372 0.000140 -9999.000000 -9999.000000 -9999.000000 -9999.000000 -9999.000000 -9999.000000 -9999.000000 -9999.000000 -9999.000000 -9999.000000 -9999.000000 -9999.000000 -9999.000000 -9999.000000 -9999.000000 -9999.000000 -9999.000000 -9999.000000 -9999.000000 -9999.000000 -9999.000000 -9999.000000 -9999.000000 -9999.000000 -9999.000000 -9999.000000 -9999.000000 -9999.000000 -9999.000000 -9999.000000
0.000346 0.000239 0.000276 0.000384 0.000279 0.001164 0.000933 0.000594 0.000512 0.000421 0.000255 0.000318 0.000195 0.000326 0.000375 0.000478 0.000381 0.000290 0.000382 0.001679 0.000771 0.000777 0.000532 0.000483 0.000326 0.000460 0.000999 0.000411 0.000252 0.000945 0.000323 -9999.000000 -9999.000000 -9999.000000 -9999.000000 -9999.000000 -9999.000000 -9999.000000 -9999.000000 -9999.000000 -9999.000000 -9999.000000 -9999.000000 -9999.000000 -9999.000000 -9999.000000 -9999.000000 -9999.000000 -9999.000000 -9999.000000 -9999.000000 -9999.000000 -9999.000000 -9999.000000 -9999.000000 -9999.000000 -9999.000000 -9999.000000 -9999.000000 -9999.000000 -9999.000000 -9999.000000
0.000236 0.000390 0.000232 0.000401 0.003069 0.002927 0.002186 0.001658 0.001220 0.001127 0.000341 0.000194 0.000140 0.000195 0.000211 0.000217 0.000219 0.000358 0.000278 0.001062 0.000617 0.000600 0.000767 0.000451 0.000482 0.000419 0.000586 0.000379 0.000298 0.000625 0.000562 -9999.000000 -9999.000000 -9999.000000 -9999.000000 -9999.000000 -9999.000000 -9999.000000 -9999.000000 -9999.000000 -9999.000000 -9999.000000 -9999.000000 -9999.000000 -9999.000000 -9999.000000 -9999.000000 -9999.000000 -9999.000000 -9999.000000 -9999.000000 -9999.000000 -9999.000000 -9999.000000 -9999.000000 -9999.000000 -9999.000000 -9999.000000 -9999.000000 -9999.000000 -9999.000000 -9999.000000
0.000221 0.002166 0.002409 0.004752 0.003168 0.000477 0.000442 0.000404 0.000378 0.000491 0.000443 0.000364 0.000306 0.000210 0.000331 0.000491 0.000580 0.000556 0.040324 0.000449 0.000440 0.000423 0.000542 0.000515 0.000406 0.000392 0.000357 0.000266 0.000385 0.000865 0.000216 -9999.000000 -9999.000000 -9999.000000 -9999.000000 -9999.000000 -9999.000000 -9999.000000 -9999.000000 -9999.000000 -9999.000000 -9999.000000 -9999.000000 -9999.000000 -9999.000000 -9999.000000 -9999.000000 -9999.000000 -9999.000000 -9999.000000 -9999.000000 -9999.000000 -9999.000000 -9999.000000 -9999.000000 -9999.000000 -9999.000000 -9999.000000 -9999.000000 -9999.000000 -9999.000000 -9999.000000
0.000218 0.003785 0.002614 0.000491 0.000447 0.000370 0.000325 0.000210 0.000195 0.000140 0.000407 0.000857 0.000412 0.000343 0.000259 0.000354 0.000403 0.001178 0.006904 0.000223 0.000219 0.000204 0.000242 0.000220 0.000221 0.000225 0.000227 0.000361 0.000465 0.000359 0.000207 -9999.000000 -9999.000000 -9999.000000 -9999.000000 -9999.000000 -9999.000000 -9999.000000 -9999.000000 -9999.000000 -9999.000000 -9999.000000 -9999.000000 -9999.000000 -9999.000000 -9999.000000 -9999.000000 -9999.000000 -9999.000000 -9999.000000 -9999.000000 -9999.000000 -9999.000000 -9999.000000 -9999.000000 -9999.000000 -9999.000000 -9999.000000 -9999.000000 -9999.000000 -9999.000000 -9999.000000
0.002745 0.003663 0.000408 0.000365 0.000374 0.000215 0.000214 0.000217 0.000317 0.000334 0.001313 0.001053 0.001075 0.000709 0.000274 0.000514 0.000954 0.000802 0.006481 0.006066 0.002175 0.000426 0.000399 0.000474 0.000415 0.000390 0.000513 0.000408 0.000253 0.000314 0.000191 -9999.000000 -9999.000000 -9999.000000 -9999.000000 -9999.000000 -9999.000000 -9999.000000 -9999.000000 -9999.000000 -9999.000000 -9999.000000 -9999.000000 -9999.000000 -9999.000000 -9999.000000 -9999.000000 -9999.000000 -9999.000000 -9999.000000 -9999.000000 -9999.000000 -9999.000000 -9999.000000 -9999.000000 -9999.000000 -9999.000000 -9999.000000 -9999.000000 -9999.000000 -9999.000000 -9999.000000
0.001980 0.000222 0.000226 0.000236 0.000260 0.000330 0.000213 0.000322 0.000393 0.002351 0.002185 0.001282 0.000328 0.000211 0.000200 0.000367 0.000426 0.000470 0.000559 0.005928 0.002395 0.004003 0.003313 0.003064 0.002547 0.002653 0.000569 0.000457 0.000328 0.000190 0.000140 -9999.000000 -9999.000000 -9999.000000 -9999.000000 -9999.000000 -9999.000000 -9999.000000 -9999.000000 -9999.000000 -9999.000000 -9999.000000 -9999.000000 -9999.000000 -9999.000000 -9999.000000 -9999.000000 -9999.000000 -9999.000000 -9999.000000 -9999.000000 -9999.000000 -9999.000000 -9999.000000 -9999.000000 -9999.000000 -9999.000000 -9999.000000 -9999.000000 -9999.000000 -9999.000000 -9999.000000
0.000883 0.000414 0.000401 0.000358 0.000461 0.000355 0.000213 0.000361 0.002642 0.002484 0.000350 0.000305 0.000218 0.000217 0.000332 0.000450 0.000305 0.000340 0.000442 0.004640 0.000554 0.000623 0.000728 0.000831 0.001001 0.001877 0.002156 0.001679 0.001242 0.000883 0.000428 -9999.000000 -9999.000000 -9999.000000 -9999.000000 -9999.000000 -9999.000000 -9999.000000 -9999.000000 -9999.000000 -9999.000000 -9999.000000 -9999.000000 -9999.000000 -9999.000000 -9999.000000 -9999.000000 -9999.000000 -9999.000000 -9999.000000 -9999.000000 -9999.000000 -9999.000000 -9999.000000 -9999.000000 -9999.000000 -9999.000000 -9999.000000 -9999.000000 -9999.000000 -9999.000000 -9999.000000
0.001511 0.000504 0.000440 0.000598 0.000490 0.000382 0.000215 0.002278 0.002157 0.000206 0.000190 0.000140 0.000307 0.000361 0.000430 0.000935 0.000391 0.000277 0.000528 0.006869 0.000279 0.000364 0.000554 0.000536 0.000492 0.000712 0.000567 0.000558 0.000519 0.000547 0.000420 0.000268 -9999.000000 -9999.000000 -9999.000000 -9999.000000 -9999.000000 -9999.000000 -9999.000000 -9999.000000 -9999.000000 -9999.000000 -9999.000000 -9999.000000 -9999.000000 -9999.000000 -9999.000000 -9999.000000 -9999.000000 -9999.000000 -9999.000000 -9999.000000 -9999.000000 -9999.000000 -9999.000000 -9999.000000 -9999.000000 -9999.000000 -9999.000000 -9999.000000 -9999.000000 -9999.000000
0.000850 0.001132 0.000565 0.031836 0.002806 0.002334 0.003082 0.001839 0.000940 0.000357 0.000304 0.000190 0.000352 0.000435 0.001764 0.001491 0.000784 0.000228 0.000414 0.004585 0.001899 0.000832 0.000430 0.000423 0.000401 0.000497 0.000421 0.000404 0.000495 0.000416 0.000404 0.000352 0.000252 0.000140 -9999.000000 -9999.000000 -9999.000000 -9999.000000 -9999.000000 -9999.000000 -9999.000000 -9999.000000 -9999.000000 -9999.000000 -9999.000000 -9999.000000 -9999.000000 -9999.000000 -9999.000000 -9999.000000 -9999.000000 -9999.000000 -9999.000000 -9999.000000 -9999.000000 -9999.000000 -9999.000000 -9999.000000 -9999.000000 -9999.000000 -9999.000000 -9999.000000
0.000482 0.000308 0.000365 0.002470 0.000682 0.000331 0.000381 0.024854 0.002352 0.000412 0.000346 0.000206 0.000388 0.001585 0.001274 0.000273 0.000367 0.000237 0.000365 0.003676 0.001764 0.000365 0.000218 0.000203 0.000244 0.000217 0.000202 0.000248 0.000219 0.000203 0.000251 0.000236 0.000268 0.000194 -9999.000000 -9999.000000 -9999.000000 -9999.000000 -9999.000000 -9999.000000 -9999.000000 -9999.000000 -9999.000000 -9999.000000 -9999.000000 -9999.000000 -9999.000000 -9999.000000 -9999.000000 -9999.000000 -9999.000000 -9999.000000 -9999.000000 -9999.000000 -9999.000000 -9999.000000 -9999.000000 -9999.000000 -9999.000000 -9999.000000 -9999.000000 -9999.000000
0.000466 0.000427 0.000221 0.002226 0.000809 0.000468 0.000234 0.000595 0.001958 0.001713 0.001381 0.002203 0.004946 0.003094 0.001919 0.000985 0.000571 0.000256 0.000403 0.002750 0.002768 0.000309 0.000431 0.000421 0.000394 0.000492 0.000393 0.000504 0.000424 0.000413 0.000403 0.000348 0.000233 0.000331 -9999.000000 -9999.000000 -9999.000000 -9999.000000 -9999.000000 -9999.000000 -9999.000000 -9999.000000 -9999.000000 -9999.000000 -9999.000000 -9999.000000 -9999.000000 -9999.000000 -9999.000000 -9999.000000 -9999.000000 -9999.000000 -9999.000000 -9999.000000 -9999.000000 -9999.000000 -9999.000000 -9999.000000 -9999.000000 -9999.000000 -9999.000000 -9999.000000
0.000579 0.000387 0.000207 0.001797 0.000996 0.000489 0.000240 0.000688 0.000412 0.000517 0.035018 0.002837 0.000582 0.000714 0.000650 0.000552 0.000475 0.000444 0.000214 0.000361 0.004062 0.004291 0.002670 0.000547 0.000649 0.000575 0.000510 0.000672 0.000529 0.000502 0.000464 0.000386 0.000222 0.000386 -9999.000000 -9999.000000 -9999.000000 -9999.000000 -9999.000000 -9999.000000 -9999.000000 -9999.000000 -9999.000000 -9999.000000 -9999.000000 -9999.000000 -9999.000000 -9999.000000 -9999.000000 -9999.000000 -9999.000000 -9999.000000 -9999.000000 -9999.000000 -9999.000000 -9999.000000 -9999.000000 -9999.000000 -9999.000000 -9999.000000 -9999.000000 -9999.000000
0.000474 0.000452 0.000242 0.001512 0.001221 0.000502 0.000335 0.000633 0.000301 0.000480 0.002318 0.000955 0.000478 0.000471 0.000580 0.000474 0.000366 0.000326 0.000208 0.000301 0.000647 0.002404 0.002444 0.004060 0.005690 0.002597 0.001730 0.000699 0.000589 0.000545 0.000450 0.000571 0.000359 0.000291 -9999.000000 -9999.000000 -9999.000000 -9999.000000 -9999.000000 -9999.000000 -9999.000000 -9999.000000 -9999.000000 -9999.000000 -9999.000000 -9999.000000 -9999.000000 -9999.000000 -9999.000000 -9999.000000 -9999.000000 -9999.000000 -9999.000000 -9999.000000 -9999.000000 -9999.000000 -9999.000000 -9999.000000 -9999.000000 -9999.000000 -9999.000000 -9999.000000
0.000392 0.000373 0.000226 0.000491 0.001816 0.000656 0.000434 0.000219 0.000384 0.000471 0.002617 0.001295 0.000293 0.000407 0.000370 0.000438 0.000215 0.000211 0.000194 0.000140 0.000802 0.000529 0.000284 0.000367 0.001452 0.001137 0.001160 0.002274 0.001232 0.000613 0.000512 0.000699 0.000414 0.000253 -9999.000000 -9999.000000 -9999.000000 -9999.000000 -9999.000000 -9999.000000 -9999.000000 -9999.000000 -9999.000000 -9999.000000 -9999.000000 -9999.000000 -9999.000000 -9999.000000 -9999.000000 -9999.000000 -9999.000000 -9999.000000 -9999.000000 -9999.000000 -9999.000000 -9999.000000 -9999.000000 -9999.000000 -9999.000000 -9999.000000 -9999.000000 -9999.000000
0.000265 0.000350 0.000247 0.000548 0.001149 0.000559 0.000426 0.000219 0.000456 0.000643 0.000712 0.003067 0.000354 0.000223 0.000225 0.000338 0.000414 0.000372 0.000466 0.000375 0.000356 0.000575 0.000467 0.000245 0.000629 0.000888 0.000327 0.000252 0.000405 0.019689 0.002287 0.001536 0.000846 0.000349 -9999.000000 -9999.000000 -9999.000000 -9999.000000 -9999.000000 -9999.000000 -9999.000000 -9999.000000 -9999.000000 -9999.000000 -9999.000000 -9999.000000 -9999.000000 -9999.000000 -9999.000000 -9999.000000 -9999.000000 -9999.000000 -9999.000000 -9999.000000 -9999.000000 -9999.000000 -9999.000000 -9999.000000 -9999.000000 -9999.000000 -9999.000000 -9999.000000
0.000350 0.000249 0.000317 0.000680 0.000613 0.000550 0.000425 0.000219 0.000379 0.000556 0.000620 0.001367 0.000442 0.000377 0.000351 0.000255 0.000968 0.000562 0.000576 0.000530 0.000479 0.000569 0.000412 0.000289 0.000746 0.000350 0.000187 0.000302 0.000346 0.000404 0.000951 0.000557 0.000274 0.000140 -9999.000000 -9999.000000 -9999.000000 -9999.000000 -9999.000000 -9999.000000 -9999.000000 -9999.000000 -9999.000000 -9999.000000 -9999.000000 -9999.000000 -9999.000000 -9999.000000 -9999.000000 -9999.000000 -9999.000000 -9999.000000 -9999.000000 -9999.000000 -9999.000000 -9999.000000 -9999.000000 -9999.000000 -9999.000000 -9999.000000 -9999.000000 -9999.000000
0.001692 0.001344 0.000991 0.000346 0.000522 0.000539 0.000430 0.000217 0.000482 0.000616 0.000575 0.000680 0.051115 0.001236 0.001777 0.003416 0.002520 0.001966 0.001606 0.001229 0.000771 0.000460 0.000374 0.000422 0.000388 0.000292 0.000140 0.000193 0.000209 0.000295 0.000355 0.000634 0.000140 -9999.000000 -9999.000000 -9999.000000 -9999.000000 -9999.000000 -9999.000000 -9999.000000 -9999.000000 -9999.000000 -9999.000000 -9999.000000 -9999.000000 -9999.000000 -9999.000000 -9999.000000 -9999.000000 -9999.000000 -9999.000000 -9999.000000 -9999.000000 -9999.000000 -9999.000000 -9999.000000 -9999.000000 -9999.000000 -9999.000000 -9999.000000 -9999.000000 -9999.000000
0.000553 0.000654 0.000769 0.001157 0.000689 0.000512 0.000438 0.000202 0.000406 0.000485 0.000555 0.000792 0.006493 0.006323 0.001180 0.000236 0.000336 0.000431 0.000386 0.000422 0.000238 0.000259 0.000312 0.000252 0.000308 0.000192 -9999.000000 -9999.000000 -9999.000000 0.000140 0.000194 0.000213 -9999.000000 -9999.000000 -9999.000000 -9999.000000 -9999.000000 -9999.000000 -9999.000000 -9999.000000 -9999.000000 -9999.000000 -9999.000000 -9999.000000 -9999.000000 -9999.000000 -9999.000000 -9999.000000 -9999.000000 -9999.000000 -9999.000000 -9999.000000 -9999.000000 -9999.000000 -9999.000000 -9999.000000 -9999.000000 -9999.000000 -9999.000000 -9999.000000 -9999.000000 -9999.000000
