hipims_case/output/hUx_2700.asc
ncols 269
nrows 269
xllcorner 0.000000
yllcorner 0.000000
cellsize 10.000000
NODATA_value -9999.000000
[rows 54 to 80 of 269, columns 183 to 243 of 269]
-0.000023 0.000000 0.000017 0.000074 0.000119 0.001098 -0.001387 -0.002576 -0.000871 -0.000377 -0.000029 -0.000000 0.000049 0.000273 -0.000218 -0.000344 -0.000431 -0.000775 -0.001683 -0.000700 -0.000106 -0.000042 -0.000000 0.000011 0.000031 0.000077 0.000423 -0.000099 -0.000076 -0.000000 0.000000 0.000049 -0.000043 -0.000036 -0.000006 0.000000 0.000001 -9999.000000 -9999.000000 -9999.000000 -9999.000000 -9999.000000 -9999.000000 -9999.000000 -9999.000000 -9999.000000 -9999.000000 -9999.000000 -9999.000000 -9999.000000 -9999.000000 -9999.000000 -9999.000000 -9999.000000 -9999.000000 -9999.000000 -9999.000000 -9999.000000 -9999.000000 -9999.000000 -9999.000000
-0.000002 0.000000 0.000045 0.000117 0.049508 0.000126 0.000002 -0.000764 -0.000235 -0.000187 -0.000077 -0.000000 0.000090 0.000210 -0.000403 -0.000172 -0.000136 -0.000130 -0.000126 -0.000084 -0.000020 0.000000 0.000068 0.000116 0.000138 0.000146 0.000419 -0.000149 -0.000048 -0.000015 0.000000 0.000035 0.000359 -0.000066 -0.000056 -0.000014 0.000000 0.000001 -9999.000000 -9999.000000 -9999.000000 -9999.000000 -9999.000000 -9999.000000 -9999.000000 -9999.000000 -9999.000000 -9999.000000 -9999.000000 -9999.000000 -9999.000000 -9999.000000 -9999.000000 -9999.000000 -9999.000000 -9999.000000 -9999.000000 -9999.000000 -9999.000000 -9999.000000 -9999.000000
0.000000 0.000028 0.000093 0.001300 0.000088 -0.000004 0.000000 -0.000319 -0.000134 -0.000114 -0.000039 -0.000000 0.000048 0.000183 -0.000338 -0.000132 -0.000111 -0.000074 -0.000076 -0.000055 -0.000008 0.000000 0.000043 0.000453 0.001050 0.000639 0.000268 -0.000077 -0.000106 -0.000036 0.000000 0.000029 0.000225 -0.001098 -0.000137 -0.000040 -0.000014 0.000000 0.000001 -9999.000000 -9999.000000 -9999.000000 -9999.000000 -9999.000000 -9999.000000 -9999.000000 -9999.000000 -9999.000000 -9999.000000 -9999.000000 -9999.000000 -9999.000000 -9999.000000 -9999.000000 -9999.000000 -9999.000000 -9999.000000 -9999.000000 -9999.000000 -9999.000000 -9999.000000
0.000000 0.000140 0.000436 0.000288 -0.000049 -0.000023 0.000000 -0.000255 -0.000102 -0.000079 -0.000027 -0.000000 0.000028 0.000122 -0.000137 -0.000082 -0.000077 -0.000063 -0.000056 -0.000036 0.000000 0.000015 0.000112 0.000151 0.000185 0.000514 0.001970 -0.000107 -0.000137 -0.000076 0.000000 0.000011 0.000123 -0.000974 -0.000069 -0.000067 -0.000045 -0.000013 0.000000 0.000019 0.000021 -9999.000000 -9999.000000 -9999.000000 -9999.000000 -9999.000000 -9999.000000 -9999.000000 -9999.000000 -9999.000000 -9999.000000 -9999.000000 -9999.000000 -9999.000000 -9999.000000 -9999.000000 -9999.000000 -9999.000000 -9999.000000 -9999.000000 -9999.000000
0.000000 0.000032 0.000049 -0.000075 -0.000050 -0.000020 0.000000 -0.000212 -0.000075 -0.000054 -0.000019 -0.000000 0.000014 0.000021 -0.000142 -0.000038 -0.000027 -0.000028 -0.000018 -0.000010 0.000000 0.000009 0.000041 0.000077 0.000112 0.000373 0.001881 -0.000557 -0.000111 -0.000053 -0.000003 0.000000 0.000054 -0.000228 -0.000098 -0.000109 -0.000134 -0.000062 -0.000023 -0.000000 0.000003 0.000015 -9999.000000 -9999.000000 -9999.000000 -9999.000000 -9999.000000 -9999.000000 -9999.000000 -9999.000000 -9999.000000 -9999.000000 -9999.000000 -9999.000000 -9999.000000 -9999.000000 -9999.000000 -9999.000000 -9999.000000 -9999.000000 -9999.000000
0.000000 0.000008 0.000009 -0.000012 -0.000019 -0.000016 0.000000 -0.000109 -0.000023 -0.000022 -0.000013 -0.000000 0.000000 0.000020 0.000068 0.000000 0.000003 -0.000084 -0.000055 -0.000042 -0.000015 0.000000 0.000011 0.000025 0.000039 0.000878 0.003128 0.001001 -0.000174 -0.000098 -0.000016 0.000000 0.000075 0.000456 -0.000111 -0.000160 -0.000202 -0.000131 -0.000068 -0.000013 0.000000 0.000003 0.000004 -9999.000000 -9999.000000 -9999.000000 -9999.000000 -9999.000000 -9999.000000 -9999.000000 -9999.000000 -9999.000000 -9999.000000 -9999.000000 -9999.000000 -9999.000000 -9999.000000 -9999.000000 -9999.000000 -9999.000000 -9999.000000
-0.000005 0.000000 -0.000020 -0.000031 -0.000087 -0.000037 0.000000 -0.000020 -0.000049 -0.000070 -0.000058 -0.000016 0.000000 0.000008 0.000015 0.000037 0.000057 -0.000029 -0.000091 -0.000091 -0.000049 0.000000 0.000022 0.000185 0.000543 0.000481 0.000820 0.004100 -0.000607 -0.000093 -0.000026 0.000000 0.000077 0.001319 -0.000578 -0.001608 -0.001127 -0.000595 -0.000190 -0.000013 0.000000 -0.000027 -0.000022 -0.000008 0.000000 -9999.000000 -9999.000000 -9999.000000 -9999.000000 -9999.000000 -9999.000000 -9999.000000 -9999.000000 -9999.000000 -9999.000000 -9999.000000 -9999.000000 -9999.000000 -9999.000000 -9999.000000 -9999.000000
-0.000000 -0.000069 -0.000119 -0.000105 -0.000102 -0.000038 0.000000 0.000024 0.000039 -0.000085 -0.000062 -0.000020 0.000000 0.000009 0.000031 0.000048 0.000107 0.000153 -0.000168 -0.000177 -0.000043 -0.000016 0.000000 0.000036 0.000110 0.000167 0.000238 0.006354 0.001589 -0.000073 -0.000020 0.000000 0.000053 -0.000764 -0.001390 -0.000145 -0.000101 -0.000057 -0.000008 -0.000000 0.000008 -0.000002 -0.000154 -0.000395 -0.000141 -0.000000 -9999.000000 -9999.000000 -9999.000000 -9999.000000 -9999.000000 -9999.000000 -9999.000000 -9999.000000 -9999.000000 -9999.000000 -9999.000000 -9999.000000 -9999.000000 -9999.000000 -9999.000000
0.000004 -0.000176 -0.000153 -0.000196 -0.000091 -0.000000 0.000001 0.000033 0.000072 -0.000163 -0.000093 -0.000009 0.000000 0.000017 0.000047 0.000000 0.000034 -0.000242 -0.000323 -0.000100 -0.000126 -0.000056 0.000000 0.000008 0.000064 0.000313 0.000534 0.000427 0.004058 -0.000082 -0.000015 0.000000 -0.000242 -0.004405 -0.000121 -0.000086 -0.000028 -0.000013 -0.000000 0.000022 0.000227 -0.000383 -0.000728 -0.000127 -0.000050 -0.000013 0.000000 -9999.000000 -9999.000000 -9999.000000 -9999.000000 -9999.000000 -9999.000000 -9999.000000 -9999.000000 -9999.000000 -9999.000000 -9999.000000 -9999.000000 -9999.000000 -9999.000000
0.000013 -0.000033 -0.000154 -0.000221 -0.000091 -0.000000 0.000030 0.000057 -0.000414 -0.000172 -0.000000 0.000000 0.000000 0.000005 0.000061 0.000000 -0.000139 -0.000591 -0.000163 -0.000202 -0.000394 -0.000499 -0.000106 0.000000 0.000111 0.000193 0.000314 0.000403 0.005553 0.003164 -0.000022 0.000000 -0.002557 -0.001229 -0.000048 -0.000043 -0.000031 -0.000000 0.000019 0.000519 -0.001992 -0.001317 -0.000163 -0.000088 -0.000021 -0.000011 0.000000 0.000009 0.000010 -9999.000000 -9999.000000 -9999.000000 -9999.000000 -9999.000000 -9999.000000 -9999.000000 -9999.000000 -9999.000000 -9999.000000 -9999.000000 -9999.000000
0.000057 0.000027 -0.000376 -0.000378 -0.000105 -0.000000 0.000028 0.000439 -0.000338 -0.000020 -0.000000 0.000013 0.000011 0.000004 0.000000 0.000007 -0.001266 -0.000595 -0.000752 -0.001761 -0.000866 -0.000092 -0.000024 0.000000 0.000035 0.000116 0.000212 0.000296 0.000341 0.100215 -0.000110 0.000000 -0.005275 -0.001664 -0.000300 -0.000052 -0.000000 0.000014 0.000025 -0.004498 -0.000223 -0.000166 -0.000108 -0.000060 -0.000020 -0.000000 0.000010 0.000039 0.000042 0.000000 -9999.000000 -9999.000000 -9999.000000 -9999.000000 -9999.000000 -9999.000000 -9999.000000 -9999.000000 -9999.000000 -9999.000000 -9999.000000
0.000035 -0.000460 -0.000496 -0.000125 -0.000014 -0.000000 0.000046 0.000991 -0.000100 -0.000000 0.000018 0.000067 0.000044 -0.000051 0.000000 -0.009556 -0.005150 -0.003060 -0.001811 -0.000161 -0.000117 -0.000049 -0.000006 0.000000 0.000013 0.000080 0.000157 0.000245 0.000304 0.003477 0.009600 -0.002581 -0.008793 -0.000131 -0.000062 -0.000000 0.000008 0.000035 -0.001471 -0.004408 -0.000181 -0.000108 -0.000050 -0.000014 -0.000000 0.000004 0.000030 0.000031 -0.000067 -0.000023 0.000000 -9999.000000 -9999.000000 -9999.000000 -9999.000000 -9999.000000 -9999.000000 -9999.000000 -9999.000000 -9999.000000 -9999.000000
0.000019 -0.003068 -0.000215 -0.000099 -0.000000 0.000026 0.000043 0.000158 -0.000000 0.000028 0.000083 0.003004 -0.005944 -0.008306 -0.008515 -0.006369 -0.000208 -0.000178 -0.000118 -0.000108 -0.000072 -0.000018 -0.000000 0.000010 0.000038 0.000060 0.000101 0.000182 0.000255 0.000235 0.064547 -0.030133 -0.000112 -0.000066 -0.000013 -0.000000 0.000036 0.000028 -0.005164 -0.000169 -0.000135 -0.000059 -0.000013 -0.000000 0.000001 0.000019 0.000064 0.000070 -0.000275 -0.000048 -0.000012 0.000000 0.000016 0.000036 0.000000 -9999.000000 -9999.000000 -9999.000000 -9999.000000 -9999.000000 -9999.000000
-0.001334 -0.004331 -0.000214 -0.000089 -0.000000 0.000136 0.000115 0.000094 -0.000000 0.000021 0.000061 -0.006607 -0.000229 -0.000196 -0.000229 -0.000174 -0.000114 -0.000098 -0.000087 -0.000044 -0.000029 -0.000018 -0.000005 0.000000 0.000007 0.000013 0.000040 0.000110 0.000188 0.000397 0.273849 -0.019774 -0.000040 -0.000022 -0.000000 0.000028 0.000219 -0.004353 -0.000059 -0.000073 -0.000089 -0.000016 -0.000000 -0.000000 0.000000 0.000023 0.000082 0.000219 -0.000362 -0.000093 -0.000023 0.000000 0.000031 -0.075686 -0.000217 -0.000017 0.000000 0.000008 0.000010 -9999.000000 -9999.000000
-0.010092 -0.000584 -0.000786 -0.000240 -0.000000 0.000024 0.000404 0.002031 0.000101 0.000046 -0.002699 -0.006582 -0.000204 -0.000158 -0.000139 -0.000092 -0.000065 -0.000047 -0.000039 -0.000061 -0.000004 -0.000000 -0.000093 -0.000054 -0.000028 0.000000 0.000008 0.000061 0.000121 0.000225 0.005552 -0.020720 -0.000080 -0.000021 -0.000000 0.000031 -0.000135 -0.006085 -0.000307 -0.000374 -0.000059 -0.000000 0.000026 0.000137 -0.000007 0.000000 0.000037 -0.000453 -0.000873 -0.000125 -0.000000 0.000015 -0.000048 -0.000621 -0.000095 -0.000038 0.000000 0.000014 0.000052 0.000049 0.000057
-0.005333 -0.000187 -0.000102 -0.000032 0.000000 0.000042 0.000053 0.001051 0.000697 -0.000422 -0.016366 -0.006766 -0.000422 -0.000255 -0.000105 -0.000046 -0.000009 0.000000 0.000003 0.000009 0.000019 0.000032 -0.000118 -0.000124 -0.000113 -0.000046 0.000000 0.000026 0.000044 0.000190 0.000346 0.049002 -0.000256 -0.000193 -0.000856 -0.007391 -0.006778 -0.000384 -0.000664 -0.000104 -0.000022 -0.000000 0.000022 0.000109 -0.000011 0.000000 -0.000400 -0.002156 -0.000074 -0.000022 -0.000000 -0.000134 -0.000950 -0.000041 -0.000046 -0.000054 -0.000010 0.000000 0.000051 0.000107 0.000182
-0.000205 -0.000132 -0.000052 0.000000 0.000006 0.000061 0.000122 0.000628 0.008881 -0.092492 -0.002310 -0.000215 -0.000175 -0.000119 -0.000060 -0.000015 -0.000000 0.000012 0.000045 0.000068 0.000085 0.000049 -0.000714 -0.000253 -0.000183 -0.000024 0.000000 0.000117 0.000426 0.000575 0.000402 0.032252 0.005687 -0.002593 -0.005140 -0.000181 -0.000125 -0.000149 -0.000162 -0.000062 0.000000 0.000046 0.000111 0.000327 -0.000250 -0.000568 -0.004159 -0.000054 -0.000003 -0.000000 -0.000003 -0.027843 -0.000071 -0.000059 -0.000063 -0.000049 -0.000018 0.000000 0.000004 0.000112 0.000112
-0.000148 -0.000066 -0.000012 0.000000 0.000050 0.000133 0.000131 0.000266 0.004298 -0.002485 -0.000143 -0.000131 -0.000105 -0.000062 -0.000016 -0.000000 0.000012 0.000031 0.000071 0.000119 0.000153 -0.000044 -0.000888 -0.000276 -0.000106 -0.000039 0.000000 0.000017 0.000080 0.000169 0.000412 0.000354 0.040348 -0.002934 -0.000199 -0.000146 -0.000097 -0.000104 -0.000083 -0.000014 0.000000 0.000040 0.000087 0.000054 -0.002914 -0.001940 -0.000044 -0.000005 -0.000000 -0.000040 -0.028946 -0.000031 0.000000 0.000016 0.000029 -0.000035 -0.000039 -0.000017 0.000000 0.000086 0.000145
-0.000064 -0.000022 0.000000 0.000041 0.000378 0.001089 0.000810 0.057867 -0.051527 -0.000049 -0.000047 -0.000043 -0.000035 -0.000019 -0.000000 0.000007 0.000055 0.000097 0.000090 0.000120 0.000072 -0.001174 -0.000736 -0.000309 -0.000178 -0.000060 0.000000 0.000018 0.000039 0.000117 0.000204 0.000208 0.043670 -0.000844 -0.000141 -0.000087 -0.000031 -0.000035 -0.000026 -0.000000 0.000017 0.000085 0.002368 -0.002478 -0.000029 -0.000016 0.000000 0.000003 -0.000127 -0.002371 -0.000056 0.000000 0.000011 0.000055 0.000089 -0.000019 -0.000044 -0.000007 0.000000 0.000041 0.001004
-0.000015 0.000000 0.000006 0.000034 0.000091 0.000069 0.014620 -0.277210 -0.002203 -0.001500 -0.000715 -0.000361 -0.000069 -0.000003 -0.000000 0.000017 0.000132 0.000288 0.000277 0.000167 0.000043 -0.002434 -0.001019 -0.000517 -0.000221 -0.000016 0.000000 0.000004 0.000067 0.000068 0.000146 0.000097 0.042360 -0.000633 -0.000050 -0.000027 -0.000020 -0.000058 -0.000035 -0.000000 0.000023 0.000134 0.001208 -0.000845 -0.000022 -0.000000 0.000002 -0.000126 -0.011271 -0.000089 -0.000026 0.000000 0.000068 0.000174 0.000149 0.000001 -0.000017 -0.000000 0.000006 -0.000272 -0.003822
-0.000028 -0.000007 0.000000 0.000015 0.000032 0.000109 0.387415 -0.049259 -0.000176 -0.000232 -0.000158 -0.000112 -0.000045 -0.000000 0.000011 0.000043 0.000000 0.000095 0.000587 0.000584 -0.004306 -0.000946 -0.000349 -0.000199 -0.000093 -0.000015 0.000000 0.000008 0.000062 0.000130 0.000093 0.000161 0.330919 -0.000224 -0.000109 -0.000017 -0.000101 -0.000196 -0.000134 -0.000000 0.000028 0.000093 0.001955 -0.000241 -0.000000 -0.000300 -0.002817 -0.004161 -0.000092 -0.000035 0.000000 0.000015 0.000054 0.000114 0.000251 0.000838 -0.000318 -0.001291 -0.004786 -0.004640 -0.000149
-0.000024 -0.000030 -0.000017 0.000000 0.000066 0.000141 0.271168 -0.000085 -0.000125 -0.000142 -0.000068 -0.000023 -0.000000 0.000025 0.000033 0.000023 0.000000 0.000029 0.000058 0.000236 -0.001829 -0.000663 -0.000337 -0.000202 -0.000073 -0.000000 0.000007 0.000021 0.000035 0.000145 0.000202 0.000328 0.432430 -0.002612 -0.001983 -0.001845 -0.001554 -0.000372 -0.000030 -0.000000 0.000031 0.000152 0.052291 -0.002714 -0.005493 -0.004818 -0.000137 -0.000085 -0.000032 0.000000 0.000005 0.000040 0.000097 0.000159 0.000143 0.002674 -0.004189 -0.003902 -0.000104 -0.000087 -0.000117
-0.000114 -0.000075 -0.000033 0.000000 0.000113 0.022218 -0.026476 -0.000137 -0.000086 -0.000072 -0.000016 -0.000000 0.000025 0.000078 0.000308 -0.000110 -0.000015 0.000000 0.000060 0.000195 0.000011 -0.000525 -0.000377 -0.000241 -0.000023 -0.000000 -0.000000 0.000000 0.000029 0.000186 0.000275 0.000210 0.139073 -0.000251 -0.000206 -0.000202 -0.000138 -0.000044 0.000000 0.000001 0.000080 0.001209 -0.173561 -0.004727 -0.000162 -0.000136 -0.000082 -0.000030 0.000000 0.000012 0.000045 0.000103 0.000126 0.000139 0.000174 -0.001824 -0.000061 -0.000094 -0.000034 -0.000026 -0.000031
-0.000274 -0.000138 -0.000001 0.000000 0.000059 -0.130253 -0.000104 -0.000057 -0.000016 -0.000008 -0.000000 0.000026 0.000070 0.000109 0.000125 -0.000086 -0.000015 0.000000 0.000036 0.000162 -0.000531 -0.001173 -0.000292 -0.000075 -0.000000 -0.000077 -0.000069 0.000000 0.000024 0.000200 0.000317 0.031949 -0.045310 -0.000191 -0.000145 -0.000104 -0.000053 -0.000014 0.000000 0.000039 0.000111 0.005323 -0.014052 -0.000150 -0.000152 -0.000103 -0.000030 0.000000 0.000012 0.000050 0.000095 0.000139 0.000149 0.000173 0.000109 -0.007308 -0.000105 -0.000041 -0.000020 -0.000000 -0.000033
-0.000483 -0.000040 -0.000000 0.000030 0.006302 -0.477493 -0.000121 -0.000015 -0.000000 0.000023 0.000054 0.000078 0.000088 0.000081 -0.000185 -0.000116 -0.000021 0.000000 0.000034 0.002036 -0.036669 -0.000260 -0.000205 -0.000000 0.000001 -0.000349 -0.000041 0.000000 0.000042 0.000220 0.000320 -0.149978 -0.000151 -0.000129 -0.000097 -0.000060 -0.000015 -0.000000 0.000014 0.000093 0.008989 -0.016946 -0.000187 -0.000089 -0.000067 -0.000023 -0.000004 0.000000 0.000023 0.000097 0.000186 0.000275 0.000282 0.000236 0.002474 -0.012214 -0.000293 -0.000161 -0.000121 -0.000926 -0.003214
-0.000099 -0.000000 0.000007 0.000085 0.002848 -0.000226 -0.000027 -0.000000 0.000034 0.000080 0.000085 0.000087 0.000076 0.000048 -0.000606 -0.000068 -0.000000 0.000003 -0.000568 -0.009193 -0.000120 -0.000071 -0.000001 0.000001 -0.000357 -0.000349 -0.000045 0.000000 0.000020 0.000208 0.000382 -0.076956 -0.000052 -0.000042 -0.000036 -0.000028 -0.000006 -0.000000 0.000049 0.000121 -0.006626 -0.000224 -0.000178 -0.000115 -0.000015 -0.000000 0.000014 0.000024 0.000059 0.000071 0.000078 0.000140 0.000285 0.007749 -0.030816 -0.010319 -0.014037 -0.012845 -0.010766 -0.005005 -0.000918
-0.000000 0.000007 0.000059 0.005130 -0.041689 -0.000074 -0.000000 0.000021 0.000066 0.000100 0.000098 0.000122 0.000046 0.000083 -0.000416 -0.000022 -0.000000 -0.002349 -0.010668 -0.000095 -0.000031 -0.000013 -0.000000 -0.000035 -0.000128 -0.000308 -0.000095 -0.000018 0.000000 0.000237 0.015627 -0.050358 -0.000155 -0.000115 -0.000081 -0.000041 -0.000000 0.000003 0.000130 0.000182 -0.051134 -0.000141 -0.000106 -0.000040 -0.000000 0.000012 0.000047 0.000061 0.000083 0.000082 0.000088 0.000179 0.014877 -0.094591 -0.015301 -0.000195 -0.000111 -0.000269 -0.000184 -0.000127 -0.000043
