hipims_case/output/hUx_5400.asc
ncols 269
nrows 269
xllcorner 0.000000
yllcorner 0.000000
cellsize 10.000000
NODATA_value -9999.000000
[rows 81 to 107 of 269, columns 60 to 119 of 269]
-0.000283 -0.000010 -0.000007 -0.000003 -0.000004 -0.000006 -0.000009 -0.000008 -0.000004 -0.000001 0.000000 0.000001 0.000003 0.000002 0.000002 0.000002 -0.000004 -0.000005 -0.000006 -0.000005 -0.000003 -0.000000 0.000000 0.000000 0.000005 0.000007 0.000011 0.000019 0.000012 0.000008 0.000005 0.000004 0.000003 0.000007 0.001246 -0.002006 -0.000005 -0.000001 0.000000 0.000002 0.000004 0.000011 -0.000006 -0.000008 -0.000002 0.000001 -0.000254 -0.000005 0.000000 0.000000 0.003171 -0.032468 -0.101741 -0.109196 -0.084214 -0.050790 -0.000020 -0.000000 0.000003 0.000122
-0.000123 -0.000170 -0.000127 -0.000008 -0.000007 -0.000005 -0.000004 -0.000007 -0.000005 -0.000001 0.000000 0.000001 0.000002 0.000004 0.000005 0.000005 -0.000010 -0.000010 -0.000011 -0.000009 -0.000002 -0.000001 -0.000000 0.000000 0.000002 0.000012 0.000007 0.000007 0.000009 0.000006 0.000000 0.000001 0.000006 0.000012 0.005635 -0.000003 -0.000002 0.000000 0.000002 0.000009 0.004356 0.004645 -0.004941 -0.004768 -0.000015 -0.000000 -0.006256 -0.000003 0.000000 0.000000 -0.036439 -0.102541 -0.113200 -0.128878 -0.147586 -0.140447 -0.093440 -0.055961 -0.046929 -0.024201
-0.000019 -0.000037 -0.000072 -0.000124 -0.000092 -0.000061 -0.000027 -0.000005 -0.000004 -0.000002 0.000000 0.000001 0.000006 0.000062 0.000059 0.000061 -0.000025 -0.000012 -0.000009 -0.000002 -0.000000 -0.000003 -0.000001 0.000000 0.000001 0.000006 0.000010 0.000003 0.000000 0.000000 0.000000 0.000001 0.000007 0.000483 -0.055142 -0.000423 -0.000004 0.000000 0.000001 0.000137 0.071539 -0.006925 -0.063193 -0.076271 -0.079438 -0.040806 -0.030443 -0.013400 -0.021193 -0.055174 -0.169036 -0.205692 -0.196375 -0.185760 -0.202665 -0.225858 -0.237901 -0.242269 -0.251661 -0.220977
-0.000031 -0.000010 -0.000014 -0.000014 -0.000012 -0.000014 -0.000010 -0.000009 -0.000002 -0.000000 0.000000 0.000002 0.000004 0.000009 0.000007 0.000005 0.000070 -0.000007 -0.000008 -0.000003 -0.000003 -0.000007 -0.000001 0.000000 0.000003 0.000011 0.000014 0.000009 0.000005 0.000007 0.000000 0.000388 -0.091134 -0.224881 -0.273081 -0.234323 -0.117646 -0.000003 0.000000 0.000113 -0.071324 -0.127094 -0.213922 -0.279503 -0.304906 -0.261061 -0.260259 -0.246715 -0.276830 -0.293474 -0.327897 -0.283517 -0.193798 -0.144792 -0.136152 -0.162604 -0.177982 -0.178198 -0.195355 -0.193038
-0.000016 -0.000022 -0.000008 -0.000009 -0.000007 -0.000005 -0.000004 -0.000002 -0.000001 -0.000000 0.000001 0.000003 0.000006 0.000004 0.000002 0.000002 0.000115 0.000012 -0.000009 -0.000012 -0.000017 -0.000011 -0.000000 0.000000 0.000004 0.000014 0.000018 0.000019 0.000017 0.000030 -0.016387 -0.217591 -0.320183 -0.317957 -0.267351 -0.249761 -0.231151 -0.073067 0.000000 0.000001 -0.045543 -0.077026 -0.164814 -0.192458 -0.246851 -0.254333 -0.267143 -0.267409 -0.283348 -0.229476 -0.147229 -0.026023 -0.007788 -0.001930 -0.000537 -0.030319 -0.052430 -0.046876 -0.046866 -0.045473
-0.000008 -0.000012 -0.000014 -0.000007 -0.000004 -0.000001 -0.000001 -0.000000 0.000000 0.000001 0.000002 0.000004 0.000005 0.000005 0.000005 0.000006 0.000036 0.000059 -0.000022 -0.000030 -0.000017 -0.000001 -0.000000 0.000001 0.000011 0.000047 0.000067 0.003298 -0.014291 -0.039528 -0.170512 -0.289273 -0.286828 -0.127677 -0.112759 -0.191994 -0.297742 -0.279429 -0.060988 -0.000000 -0.005467 0.002069 -0.080989 -0.071533 -0.000471 -0.021583 -0.069102 -0.049105 -0.010514 -0.000393 -0.016887 -0.000004 -0.000000 -0.000000 0.000001 0.000008 0.004760 -0.018355 -0.018583 -0.025796
-0.000004 -0.000007 -0.000006 -0.000005 -0.000002 -0.000002 -0.000001 -0.000000 0.000001 0.000003 0.000003 0.000002 0.000000 0.000001 0.000005 0.000008 0.000025 0.000256 -0.000053 -0.000011 -0.000002 -0.000000 0.000000 0.000001 0.000004 0.000005 0.000060 -0.013102 -0.036858 -0.068187 -0.154852 -0.148493 -0.118293 -0.003355 -0.000006 -0.020209 -0.166334 -0.296550 -0.271236 -0.139265 -0.099957 -0.118696 -0.096793 -0.033649 -0.000003 -0.000000 0.000001 0.000006 -0.000023 -0.000023 -0.000085 -0.000006 -0.000000 -0.000000 0.000001 0.000005 0.000009 0.005089 -0.023710 -0.047645
-0.000004 -0.000004 -0.000002 -0.000002 -0.000002 -0.000001 -0.000000 0.000000 0.000002 0.000006 0.000012 -0.000006 0.000000 0.000000 0.000005 0.000009 0.000022 0.000070 -0.000005 -0.000008 -0.000001 -0.000000 0.000000 0.000005 0.000009 0.000010 0.037705 -0.042827 -0.067051 -0.100054 -0.152142 -0.124976 -0.055099 -0.000002 0.000000 0.000015 -0.018824 -0.206492 -0.291177 -0.284063 -0.274228 -0.205246 -0.127469 -0.000029 -0.000009 -0.000001 0.000000 0.000002 0.000012 0.000000 -0.000057 -0.000004 -0.000001 -0.000000 0.000002 0.000003 0.000005 0.000011 0.000066 -0.010618
-0.000001 -0.000001 -0.000000 0.000000 -0.000002 -0.000001 -0.000000 0.000000 0.000006 0.000004 -0.000004 -0.000003 -0.000000 0.000000 0.000001 0.000008 0.000021 0.000348 -0.000005 -0.000005 -0.000002 -0.000000 0.000000 0.000005 0.000173 -0.053492 -0.158596 -0.187607 -0.155672 -0.171787 -0.186041 -0.095553 -0.000008 -0.000001 0.000000 0.000002 0.000080 0.002551 -0.131529 -0.224511 -0.218565 -0.142345 -0.000365 -0.000020 -0.000009 -0.000002 0.000000 0.000003 0.000009 0.000000 -0.000047 -0.000005 -0.000001 -0.000000 0.000000 0.000001 0.000003 0.000009 0.000013 0.008849
-0.000002 -0.000000 0.000001 0.000001 0.000002 -0.000002 -0.000001 0.000000 0.000003 -0.000000 -0.000037 -0.000005 -0.000001 0.000000 0.000001 0.000007 0.000019 0.004625 -0.000005 -0.000019 -0.000005 -0.000001 0.000000 -0.024531 -0.264982 -0.371597 -0.362816 -0.345629 -0.320037 -0.307671 -0.213703 -0.045154 -0.000004 -0.000000 0.000000 0.000002 0.000036 0.000000 0.000002 0.003561 -0.031526 -0.000344 -0.000018 -0.000032 -0.000018 -0.000004 0.000000 0.000002 0.000006 0.000002 -0.000016 -0.000004 -0.000002 -0.000000 0.000000 0.000001 0.000004 0.000007 0.000009 0.000010
-0.000001 -0.000000 0.000000 0.000001 0.000004 -0.000003 -0.000000 0.000000 0.000007 0.000041 -0.001356 -0.000069 -0.000006 -0.000002 0.000000 0.000006 0.006123 -0.251272 -0.299930 -0.344226 -0.278650 -0.238903 -0.284832 -0.309541 -0.403168 -0.287709 -0.145519 -0.101011 -0.051057 0.006522 -0.001553 -0.000018 -0.000004 -0.000000 0.000000 0.000005 0.000052 -0.000000 0.000001 0.000022 -0.000072 -0.000019 -0.000006 -0.000006 -0.000005 -0.000001 0.000000 0.000001 0.000004 0.000009 0.000098 -0.000008 -0.000010 -0.000004 0.000000 0.000001 0.000003 0.000003 0.000003 0.000003
0.000000 -0.000000 -0.000000 0.000000 0.000001 0.000002 -0.000000 0.000002 0.000223 -0.121084 -0.136613 -0.085549 -0.016259 -0.000051 0.000000 0.000187 -0.225287 -0.386059 -0.360674 -0.335704 -0.402654 -0.410463 -0.341929 -0.281560 -0.184632 -0.059677 -0.000083 -0.000009 -0.000007 -0.000003 -0.000005 -0.000029 -0.000006 -0.000000 0.000000 0.000007 0.000141 -0.000000 0.000001 -0.000000 -0.000007 -0.000016 -0.000003 -0.000002 -0.000005 -0.000002 0.000000 0.000005 0.000018 0.000049 -0.000004 -0.000004 -0.000001 0.000000 0.000002 0.000005 0.000006 0.000008 0.000009 0.002009
0.000006 -0.000004 -0.000008 -0.000003 0.000000 0.000026 0.000049 0.000031 -0.164787 -0.279905 -0.290977 -0.345240 -0.347581 -0.224295 -0.174866 -0.238966 -0.326334 -0.227066 -0.043790 -0.000000 -0.000000 -0.001431 -0.058798 -0.131039 -0.059740 -0.000033 -0.000026 -0.000017 -0.000005 -0.000000 -0.000000 -0.000016 -0.000019 -0.000000 0.000004 0.000027 0.000037 -0.000000 0.000000 -0.000007 -0.000007 -0.000048 -0.000047 -0.000012 -0.000004 0.000000 0.000001 0.000006 0.000018 0.000062 -0.000003 -0.000003 0.000000 0.000002 0.000010 0.000011 0.000372 0.001977 0.001931 -0.000489
0.000028 -0.000023 -0.000003 -0.000000 0.000002 0.000024 0.000028 0.000850 -0.175012 -0.226636 -0.212958 -0.287411 -0.357341 -0.353602 -0.345713 -0.322908 -0.285722 -0.158222 -0.000008 -0.000002 0.000000 0.000001 0.000006 -0.019406 -0.000021 -0.000021 -0.000034 -0.000035 -0.000040 -0.000008 -0.000000 0.000002 0.000010 -0.000000 0.000002 0.000008 0.000006 -0.000000 0.000002 0.000013 -0.000000 -0.000003 -0.000014 -0.000010 -0.000001 0.000000 0.000005 0.000016 0.000017 0.000017 -0.000002 0.000000 0.000001 0.000006 0.000009 0.001534 0.020975 0.000250 0.000000 -0.000012
0.000110 -0.000001 -0.000000 0.000002 0.000008 0.000019 0.000021 -0.004044 -0.178352 -0.159477 -0.033783 -0.000005 -0.022004 -0.134845 -0.156984 -0.144330 -0.117860 -0.000143 -0.000007 -0.000001 0.000000 0.000003 0.000004 0.001264 -0.000004 -0.000006 -0.000010 -0.000016 -0.000028 -0.000025 -0.000004 -0.000000 -0.000000 -0.000000 0.000000 0.000005 0.000008 -0.000000 0.000000 0.000001 -0.000000 -0.000002 -0.000004 -0.000002 0.000000 0.000002 0.000008 0.000009 0.000010 0.000013 0.000007 0.000004 0.000007 0.000011 0.002026 0.002656 0.000080 -0.000002 -0.000001 -0.000002
0.000046 -0.000000 0.000003 0.009518 -0.004240 -0.008541 -0.045970 -0.183110 -0.248335 -0.150051 -0.000028 -0.000003 -0.000000 0.000000 0.000004 -0.000266 -0.000057 -0.000011 -0.000004 -0.000000 0.000000 0.000016 0.000018 0.000526 -0.000014 -0.000023 -0.000028 -0.000018 -0.000025 -0.000029 -0.000039 -0.000007 -0.000000 -0.000000 0.000005 0.000006 -0.000003 -0.000002 -0.000000 -0.000005 -0.000001 0.000000 0.000001 0.000002 0.000005 0.000007 0.000005 0.000003 0.000003 0.000004 0.000010 0.000012 0.000012 0.001906 0.009800 0.000000 -0.000068 -0.000023 -0.000001 -0.000000
0.000104 0.000804 -0.133653 -0.202224 -0.240795 -0.252185 -0.248522 -0.329464 -0.242635 -0.010158 -0.000018 -0.000016 -0.000004 -0.000000 0.000003 -0.000027 -0.000092 -0.000009 -0.000003 -0.000000 0.000003 0.000013 0.000062 0.001094 -0.000680 -0.000016 -0.000005 -0.000008 -0.000012 -0.000010 -0.000010 -0.000003 -0.000001 -0.000000 -0.000001 -0.000004 -0.000006 -0.000003 -0.000000 0.000000 0.000000 0.000002 0.000004 0.000009 0.000010 0.000013 0.000012 0.000008 0.000009 0.000011 0.000014 0.000013 0.001508 0.002735 -0.000001 0.000000 -0.000036 -0.000028 -0.000010 -0.000004
0.001220 -0.083868 -0.238608 -0.280926 -0.327060 -0.345645 -0.319568 -0.291778 -0.137109 -0.000017 -0.000009 -0.000012 -0.000008 -0.000000 0.000000 0.000004 -0.000124 -0.000022 -0.000007 -0.000000 0.000001 0.000006 0.000014 0.000017 -0.000916 -0.000026 -0.000016 -0.000015 -0.000005 -0.000003 -0.000004 -0.000009 -0.000005 -0.000002 -0.000002 -0.000003 -0.000003 -0.000003 -0.000001 0.000000 0.000001 0.000005 0.000011 0.000015 0.000016 0.000023 0.000020 0.000019 0.000021 0.000018 0.000012 0.001009 0.000001 -0.000006 -0.000000 0.000000 -0.000031 -0.000068 -0.000018 -0.000011
0.007660 -0.094725 -0.160715 -0.166126 -0.098099 -0.089446 -0.090424 -0.012954 -0.000026 -0.000012 -0.000005 -0.000006 -0.000004 -0.000001 0.000000 0.000002 -0.000030 -0.000009 -0.000003 -0.000000 0.000000 0.000004 0.000009 0.000012 0.000332 -0.000014 -0.000018 -0.000024 -0.000018 -0.000005 -0.000000 -0.000008 -0.000007 -0.000004 -0.000000 0.000000 -0.000012 -0.000005 -0.000001 0.000000 0.000003 0.000010 0.000016 0.000020 0.000145 0.000146 0.000236 0.000293 0.000098 0.000043 0.001096 0.000262 -0.000025 -0.000036 -0.000000 0.000000 -0.000012 -0.000144 -0.000023 -0.000014
0.041760 -0.070605 -0.107142 -0.087963 -0.000047 -0.000015 -0.000013 -0.000014 -0.000017 -0.000011 -0.000005 -0.000003 -0.000001 -0.000000 0.000000 0.000001 -0.000024 -0.000008 -0.000003 -0.000000 0.000000 0.000004 0.000018 0.000026 0.000704 -0.015947 -0.000032 -0.000048 -0.000007 -0.000000 0.000002 -0.000026 -0.000009 -0.000006 -0.000000 0.000004 -0.000016 -0.000007 -0.000000 0.000001 0.000005 0.000012 0.000040 0.000088 0.000010 0.000006 0.000007 0.000006 0.000071 0.001004 -0.001513 -0.000003 0.000000 -0.000016 -0.000001 0.000000 0.000021 -0.000870 -0.000021 -0.000014
0.059410 -0.046606 -0.071819 -0.104062 -0.000014 -0.000013 -0.000010 -0.000003 -0.000004 -0.000020 -0.000010 -0.000003 -0.000001 -0.000000 0.000000 -0.000003 -0.000006 -0.000006 -0.000002 0.000000 0.000000 0.000004 0.000009 0.000007 0.000014 -0.024197 -0.000030 -0.000005 -0.000001 -0.000000 0.000001 -0.000002 -0.000014 -0.000010 -0.000001 0.000000 -0.000014 -0.000003 -0.000000 0.000001 -0.000172 -0.000009 0.000000 0.000002 0.000003 0.000013 0.000016 0.000950 0.000664 -0.000075 -0.000004 -0.000001 0.000000 -0.000003 -0.000000 0.000000 0.000026 -0.000336 -0.000037 -0.000007
0.060106 -0.028845 -0.042699 -0.003333 -0.000004 -0.000005 -0.000006 -0.000007 -0.000009 -0.000005 -0.000003 -0.000001 -0.000000 -0.000000 0.000000 -0.000005 -0.000004 -0.000005 -0.000003 0.000000 0.000001 0.000002 0.000006 0.000039 0.000040 -0.000069 -0.000008 -0.000002 -0.000000 0.000000 -0.000007 -0.003617 -0.000313 -0.000008 -0.000006 -0.000018 -0.000050 -0.000054 -0.000095 -0.000033 -0.000003 0.000000 0.000002 0.000009 0.000014 0.000016 0.018746 -0.000018 -0.000000 -0.000026 -0.000007 -0.000001 0.000000 0.000000 0.000000 0.000001 -0.000401 -0.000031 -0.000039 -0.000012
0.042914 -0.046066 -0.031399 -0.000013 -0.000024 -0.000029 -0.000011 -0.000003 -0.000004 -0.000002 -0.000002 -0.000004 -0.000002 -0.000001 -0.000001 -0.000001 -0.000002 -0.000002 -0.000002 0.000000 0.000001 0.000005 0.000004 0.000017 0.000021 0.001075 -0.001333 -0.000378 -0.000820 -0.000806 -0.000926 -0.000124 -0.000160 -0.000373 -0.000370 -0.000280 -0.000178 -0.000104 -0.000026 -0.000006 0.000000 0.000001 0.000006 0.000014 0.000378 0.003772 -0.000412 -0.000014 -0.000012 -0.000009 -0.000002 -0.000000 0.000001 0.000005 0.000000 0.000005 0.000045 -0.000033 -0.000040 -0.000004
-0.027829 -0.046548 -0.024202 -0.000026 -0.000017 -0.000003 -0.000004 -0.000005 -0.000002 -0.000001 -0.000000 -0.000002 -0.000002 -0.000003 -0.000003 -0.000005 -0.000005 -0.000004 -0.000001 0.000000 0.000004 0.000008 0.000008 0.000015 0.000018 0.000153 0.000016 -0.000348 -0.000008 -0.000008 -0.000008 -0.000003 -0.000000 -0.000006 -0.000077 -0.000026 -0.000007 -0.000006 -0.000011 -0.000006 0.000000 0.000005 0.000013 0.000705 0.000071 0.000027 -0.000330 -0.000016 -0.000009 -0.000009 -0.000002 -0.000000 0.000002 0.000004 0.000000 0.000004 0.000480 -0.000006 -0.000049 -0.000060
0.001907 0.001031 0.006517 -0.042488 -0.000025 -0.000022 -0.000014 -0.000006 -0.000002 -0.000000 0.000001 -0.000005 -0.000005 -0.000001 -0.000003 -0.000006 -0.000007 -0.000005 -0.000001 0.000000 0.000002 0.000012 0.000035 0.000040 0.000042 0.000475 -0.000005 -0.000005 -0.000003 -0.000003 -0.000003 -0.000003 -0.000000 0.000001 -0.000077 -0.000031 -0.000009 -0.000000 -0.000000 0.000000 0.000022 0.000088 0.000436 0.000006 0.000000 0.000002 -0.000236 -0.000022 -0.000017 -0.000008 -0.000000 -0.000000 -0.000001 -0.000001 0.000000 0.000193 0.000277 -0.000000 0.000001 0.000003
0.099659 0.146655 0.139798 0.090764 -0.009809 -0.000013 -0.000009 -0.000007 -0.000002 -0.000000 0.000002 0.000001 -0.000003 -0.000000 -0.000001 -0.000009 -0.000010 -0.000006 -0.000002 0.000000 0.000000 0.000004 0.000003 0.000008 0.000007 -0.000074 -0.000001 -0.000000 -0.002818 -0.000128 -0.000010 -0.000013 -0.000008 -0.000000 -0.000023 -0.000071 -0.000014 -0.000001 0.000000 0.000002 0.000016 0.000031 0.000121 -0.000003 0.000000 0.000002 -0.000481 -0.000013 -0.000016 -0.000011 -0.000002 -0.000000 0.000001 0.000005 0.000005 0.000178 -0.000040 -0.000004 -0.000000 -0.000000
0.000934 0.096874 0.135603 0.083431 -0.088040 -0.000023 -0.000014 -0.000006 -0.000000 -0.000000 0.000000 -0.000011 -0.000015 -0.000050 -0.000119 -0.000093 -0.000060 -0.000025 -0.000002 0.000000 0.000001 0.000004 0.000007 0.000005 0.000003 0.001802 -0.000012 -0.000000 0.000000 -0.000442 -0.000301 -0.000042 -0.000006 -0.000000 -0.000000 -0.000050 -0.000026 -0.000006 0.000000 0.000002 0.000015 0.000021 0.000039 -0.000003 0.000000 0.000005 -0.000231 -0.000108 -0.000035 -0.000012 -0.000005 -0.000000 0.000002 0.000014 0.000067 0.030540 -0.000070 -0.000005 -0.000005 -0.000000
