hipims_case/output/hUx_5400.asc
ncols 269
nrows 269
xllcorner 0.000000
yllcorner 0.000000
cellsize 10.000000
NODATA_value -9999.000000
[rows 135 to 161 of 269, columns 180 to 239 of 269]
-0.000014 -0.000009 -0.000002 0.000000 0.000004 0.000188 0.000027 -0.000028 -0.000036 -0.000014 -0.000007 -0.112841 -0.000305 -0.000004 0.000000 0.000007 0.000020 0.000008 0.000000 0.000007 0.000018 0.000473 0.000000 0.000002 0.000016 0.000030 0.043022 -0.000021 -0.000012 -0.000005 -0.000006 -0.000008 -0.000007 -0.000005 -0.000004 -0.000007 -0.000003 -0.000000 -0.000000 0.000000 0.000006 0.000016 0.000000 0.000006 0.000146 0.000063 -0.000001 0.000000 0.000008 0.000226 -0.000002 -0.000000 0.000002 0.000005 0.000082 -0.027174 -0.000010 -0.000002 0.000000 -0.000472
-0.000238 -0.000113 -0.000019 0.000000 0.000003 0.000029 -0.000011 -0.000011 -0.000024 -0.000004 0.000000 0.000002 -0.002789 -0.000032 0.000000 0.000011 0.000020 0.000002 0.000005 0.000006 0.000408 0.000106 0.000000 0.000009 0.000035 0.000094 -0.002492 -0.000006 -0.000009 -0.000016 -0.000017 -0.000017 -0.000021 -0.000018 -0.000011 -0.000005 -0.000004 -0.000001 -0.000000 0.000002 0.000005 0.000008 0.000008 0.000022 0.000083 -0.000001 -0.000000 0.000000 0.000013 0.000336 -0.000011 -0.000004 -0.000000 0.000002 0.000014 -0.000022 -0.000006 -0.000001 0.000000 0.000016
-0.000039 -0.000066 -0.000004 0.000000 0.000008 0.000095 -0.000015 -0.000000 -0.000020 -0.000006 0.000000 0.000005 -0.000007 -0.000013 0.000000 0.000007 0.000021 0.000011 0.000014 0.000353 0.000152 -0.000002 0.000000 0.000007 0.000021 0.000025 0.000445 -0.005862 -0.000019 -0.000022 -0.000019 -0.000020 -0.000018 -0.000020 -0.000019 -0.000014 -0.000013 -0.000009 -0.000003 0.000000 0.000001 0.000007 0.000017 0.000018 0.000030 -0.000002 0.000000 0.000004 0.000012 0.000186 -0.000013 -0.000005 -0.000000 0.000001 0.000009 -0.000028 -0.000008 -0.000001 0.000000 0.000049
-0.000000 -0.000078 -0.000056 0.000000 0.000009 0.000247 -0.000030 -0.000000 -0.000025 -0.000006 -0.000000 0.000003 0.000028 -0.000005 0.000000 0.000006 0.000016 0.000020 0.000254 0.000121 -0.000002 -0.000000 0.000000 0.000008 0.000019 0.000022 0.000043 -0.001151 -0.003283 -0.004299 -0.000016 -0.000017 -0.000023 -0.000021 -0.000020 -0.000016 -0.000013 -0.000016 -0.000013 -0.000006 0.000000 0.000002 0.000004 0.000010 0.000025 -0.000000 0.000000 0.000005 0.000021 0.000214 -0.000043 -0.000014 -0.000000 0.000000 0.000012 -0.000024 -0.000005 0.000000 0.000002 0.000110
-0.000012 -0.000005 -0.000004 0.000000 0.000007 0.000033 -0.000128 -0.000007 -0.000013 -0.000003 -0.000000 0.000003 0.000023 -0.000001 0.000000 0.000007 0.000032 0.000081 0.000139 -0.000003 -0.000001 0.000000 0.000000 0.000006 0.000014 0.000018 0.000108 0.000204 0.000000 -0.000400 -0.001830 -0.002541 -0.002769 -0.003120 -0.003884 -0.000025 -0.000034 -0.000032 -0.000026 -0.000009 0.000000 0.000002 0.000007 0.000005 0.000003 0.000001 0.000000 0.000002 0.000011 0.000066 -0.000040 -0.000008 -0.000000 0.000000 -0.000004 -0.000002 -0.000002 0.000000 0.000010 0.000463
-0.000012 -0.000000 -0.000000 0.000000 0.000004 0.000008 -0.000059 -0.000214 -0.000022 -0.000006 -0.000000 0.000003 0.000017 0.000000 0.000000 0.000016 0.000022 0.000018 0.000052 -0.000001 0.000000 0.000001 0.000005 0.000004 0.000005 0.000007 0.000212 0.000247 0.000000 0.000005 -0.000231 -0.000004 -0.000000 0.000001 -0.002773 -0.003827 -0.000034 -0.000025 -0.000013 -0.000003 0.000000 0.000001 0.000004 0.000004 -0.000001 -0.000012 -0.000013 -0.000000 0.000005 0.000023 -0.000038 -0.000013 -0.000001 0.000000 -0.000013 -0.000003 0.000000 0.000003 0.000005 0.000462
-0.000009 -0.000008 -0.000002 0.000000 0.000003 0.000006 0.000004 -0.000068 -0.000032 -0.000013 -0.000000 0.000005 0.000015 -0.000001 0.000000 0.000012 0.000010 0.000007 0.000062 0.000181 0.000206 0.000222 0.000391 0.000226 0.000110 0.000475 0.000273 0.000025 0.000000 0.000011 -0.000701 -0.000017 -0.000002 -0.000000 0.000005 0.000227 -0.000365 -0.000031 -0.000022 -0.000005 0.000000 0.000001 -0.000007 -0.000060 -0.000165 -0.000054 -0.000008 -0.000000 0.000001 0.000003 -0.000003 -0.000007 -0.000004 0.000000 -0.000000 0.000000 0.000012 0.000018 0.000579 -0.000182
-0.000029 -0.000010 -0.000004 0.000000 0.000005 0.000007 0.000006 -0.000021 -0.000015 -0.000008 -0.000000 0.000001 0.000002 0.000001 0.000009 0.000011 0.000018 0.000129 0.000091 0.000049 0.000025 0.000021 0.000050 0.000442 0.000424 0.000145 0.000044 0.000000 0.000005 0.000246 -0.000276 -0.000014 -0.000004 -0.000000 0.000002 0.001375 -0.382438 -0.000027 -0.000010 -0.000005 -0.000014 -0.000087 -0.000251 -0.000117 -0.000015 -0.000013 -0.000011 -0.000005 -0.000000 -0.000008 -0.000008 -0.000009 -0.000004 0.000000 0.000001 0.000010 0.000025 0.000268 0.000153 -0.000015
-0.000007 -0.000004 -0.000002 0.000000 -0.000002 -0.000001 -0.000000 -0.000021 -0.000010 -0.000008 -0.000002 -0.000000 0.000001 0.000005 0.000032 0.000095 0.000194 0.000004 0.000011 0.000017 0.000008 0.000007 0.000107 0.000079 0.000000 0.000006 0.000011 0.000009 0.000013 0.000352 -0.000026 -0.000029 -0.000013 -0.000000 0.000000 0.000014 0.004095 -0.004451 -0.000029 -0.000044 -0.000103 -0.000077 -0.000005 -0.000005 -0.000006 -0.000006 -0.000005 -0.000005 -0.000006 -0.000014 -0.000016 -0.000012 -0.000004 0.000000 0.000003 0.000015 0.000026 0.000225 -0.000040 -0.000012
-0.000011 -0.000002 -0.000000 -0.000006 -0.000023 -0.000033 -0.000013 -0.000008 -0.000003 -0.000004 -0.000003 -0.000001 0.000000 0.000006 0.000019 0.000021 0.000003 0.000000 0.000009 0.000034 0.000134 0.000219 0.000063 0.000020 0.000016 0.000019 0.000014 0.000008 0.000006 -0.000144 -0.000024 -0.000020 -0.000011 -0.000001 0.000000 0.000012 0.000027 0.000958 -0.008164 -0.002402 -0.001113 -0.000053 -0.000016 -0.000015 -0.000013 -0.000011 -0.000013 -0.000018 -0.000015 -0.000012 -0.000018 -0.000012 -0.000004 0.000000 0.000006 0.000031 0.000054 0.000253 -0.000013 -0.000009
-0.000000 -0.000016 -0.000048 -0.000150 -0.000067 -0.000009 -0.000003 0.000000 0.000000 -0.000021 -0.000009 -0.000004 0.000000 0.000002 0.000006 0.000010 0.000006 0.000010 0.000017 0.000028 0.000077 0.000030 0.000000 0.000006 0.000019 0.000009 0.000005 0.000013 0.000647 -0.000775 -0.000029 -0.000018 -0.000007 -0.000000 0.000003 0.000021 0.000025 0.000021 0.000000 -0.000031 -0.000370 -0.001500 -0.001671 -0.000037 -0.000068 -0.000090 -0.000149 -0.000112 -0.000050 -0.000013 -0.000007 -0.000005 -0.000003 0.000000 0.000004 0.000017 0.000029 -0.000053 -0.000025 -0.000010
-0.000069 -0.000323 -0.000155 -0.000022 -0.000011 -0.000002 0.000000 0.000003 0.000004 -0.000051 -0.000017 -0.000010 -0.000005 -0.000002 0.000000 0.000003 0.000005 0.000006 0.000007 0.000021 0.000072 0.000000 0.000002 0.000011 0.000024 0.000026 0.000019 0.000470 0.000193 -0.000150 -0.000031 -0.000015 -0.000007 -0.000000 0.000003 0.000013 0.000012 0.000010 0.000003 0.000007 -0.000000 0.000000 -0.003129 -0.001541 -0.000123 -0.000133 -0.000017 -0.000012 -0.000008 -0.000012 -0.000011 -0.000013 -0.000009 -0.000002 0.000000 0.000009 0.000020 -0.000109 -0.000031 -0.000006
-0.000236 -0.000028 -0.000023 -0.000015 -0.000006 -0.000000 0.000004 0.000007 -0.000010 -0.000056 -0.000021 -0.000019 -0.000012 -0.000005 0.000000 0.000007 0.000014 0.000018 0.000021 0.000035 0.000009 0.000000 0.000008 0.000008 0.000020 0.000107 0.000360 0.000080 -0.000000 -0.000133 -0.000071 -0.000006 -0.000005 -0.000000 0.000001 0.000007 0.000017 0.000013 0.000007 0.000155 -0.000003 -0.000000 0.000002 -0.000649 -0.000035 -0.000006 -0.000005 -0.000003 -0.000000 0.000002 -0.000014 -0.000024 -0.000032 -0.000031 0.000000 0.000009 0.000020 -0.000068 -0.000084 -0.000043
-0.000034 -0.000020 -0.000015 -0.000007 0.000000 0.000001 0.000009 0.000011 -0.000105 -0.000054 -0.000032 -0.000028 -0.000014 -0.000002 0.000000 0.000008 0.000015 0.000020 0.000000 0.000000 0.000000 0.000002 0.000005 0.000013 0.000056 0.000057 0.000091 -0.000001 -0.000000 -0.000029 -0.000048 -0.000119 -0.000058 -0.000006 0.000000 0.000006 0.000014 0.000008 0.000561 -0.000248 -0.000009 -0.000000 0.000004 0.000335 -0.071097 -0.001242 -0.000040 -0.000035 -0.000058 -0.000192 -0.000247 -0.000217 -0.000112 -0.000009 0.000000 0.000004 0.000011 0.000027 -0.000040 -0.000063
-0.000040 -0.000037 -0.000006 -0.000003 0.000000 0.000008 0.000027 0.000159 -0.000105 -0.000045 -0.000013 -0.000006 -0.000002 -0.000000 0.000001 0.000007 0.000015 0.000008 -0.000006 -0.000001 0.000000 0.000005 0.000039 0.000081 0.000047 0.000030 0.000002 -0.000002 -0.000000 -0.000016 -0.000012 -0.000023 -0.000036 -0.000004 0.000000 0.000003 0.000006 0.000596 0.000013 -0.000009 -0.000004 -0.000000 0.000000 0.000005 0.000014 0.004398 -0.000631 -0.000477 -0.000315 -0.000019 -0.000028 -0.000045 -0.000059 -0.000004 0.000000 0.000002 0.000008 0.000006 -0.000018 -0.000004
-0.000032 -0.000038 -0.000040 -0.000006 0.000000 0.000005 0.000018 0.000389 -0.000079 -0.000030 -0.000000 -0.000000 0.000002 0.000002 0.000000 0.000004 0.000013 -0.000038 -0.000010 -0.000002 0.000000 0.000007 0.000014 0.000015 0.000014 0.000021 -0.000007 -0.000002 -0.000000 -0.000008 -0.000004 -0.000004 -0.000027 -0.000029 0.000000 0.000012 0.000106 0.000311 -0.000012 -0.000015 -0.000006 -0.000000 0.000001 0.000006 0.000016 0.000157 -0.000143 -0.000020 -0.000019 -0.000013 -0.000003 -0.000003 -0.000032 -0.000052 -0.000023 -0.000004 -0.000002 -0.000001 0.000000 -9999.000000
-0.000017 -0.000016 -0.000014 -0.000007 0.000000 0.000006 0.000019 0.000681 -0.000125 -0.000026 -0.000000 0.000005 0.000006 0.000001 0.000000 0.000001 0.000020 0.000013 -0.000018 -0.000003 0.000000 0.000000 0.000002 0.000005 0.000005 0.000027 -0.000007 -0.000007 -0.000007 -0.000008 -0.000008 -0.000010 -0.000003 0.000000 0.000001 0.000065 0.000054 -0.000037 -0.000039 -0.000025 -0.000010 -0.000000 0.000000 0.000009 0.000020 0.000057 -0.000108 -0.000036 -0.000012 -0.000014 -0.000004 -0.000000 -0.000002 -0.000001 0.000000 0.000000 -9999.000000 -9999.000000 -9999.000000 -9999.000000
-0.000005 -0.000004 -0.000002 -0.000000 0.000003 0.000009 0.000022 -0.000010 -0.000008 -0.000005 -0.000000 0.000003 0.000015 0.000002 -0.000002 0.000000 0.000008 -0.000029 -0.000014 -0.000001 -0.000001 -0.000001 0.000000 0.000007 0.000010 -0.000003 -0.000004 -0.000005 -0.000008 -0.000017 -0.000015 -0.000005 -0.000000 0.000001 0.000012 0.000029 0.000015 -0.000061 -0.000047 -0.000024 -0.000007 0.000000 0.000000 0.000011 0.000021 0.000234 0.000032 -0.000013 -0.000019 -0.000009 -0.000008 -0.000008 -0.000001 0.000000 0.000000 -9999.000000 -9999.000000 -9999.000000 -9999.000000 -9999.000000
-0.000012 -0.000005 -0.000000 0.000005 0.000011 0.000010 0.000011 0.000206 -0.000010 -0.000003 -0.000000 0.000003 0.000009 0.000014 -0.000001 0.000000 0.000008 0.000058 -0.000007 -0.000000 -0.000001 -0.000000 0.000000 0.000001 0.000003 -0.000042 -0.000027 -0.000040 -0.000056 -0.000026 -0.000012 -0.000005 -0.000000 0.000001 0.000005 0.000020 0.000018 0.000004 -0.000030 -0.000027 -0.000009 0.000000 0.000001 0.000012 0.000010 0.000295 -0.000003 -0.000000 -0.097092 -0.000127 -0.000017 -0.000006 -0.000003 0.000000 -9999.000000 -9999.000000 -9999.000000 -9999.000000 -9999.000000 -9999.000000
-0.000020 -0.000005 -0.000000 0.000005 0.000016 0.000009 0.000012 0.000068 -0.000009 -0.000001 -0.000000 0.000002 0.000010 0.000041 0.000009 0.000000 0.000006 0.000002 -0.000013 -0.000010 -0.000015 -0.000004 0.000000 0.000003 0.000015 -0.000069 -0.000104 -0.000071 -0.000016 -0.000013 -0.000005 -0.000003 -0.000001 -0.000001 0.000000 0.000012 0.000014 0.000009 -0.000031 -0.000015 -0.000006 0.000000 0.000007 0.000030 0.000091 0.000108 -0.000008 -0.000000 0.000001 -0.000081 -0.000056 -0.000011 -0.000000 -9999.000000 -9999.000000 -9999.000000 -9999.000000 -9999.000000 -9999.000000 -9999.000000
-0.000005 -0.000000 0.000003 0.000014 0.000042 0.000037 0.000015 -0.000293 -0.000007 -0.000000 -0.000000 -0.000000 0.000000 0.000055 0.000095 0.000000 -0.000041 -0.000276 -0.000036 -0.000027 -0.000015 -0.000000 0.000001 0.000008 0.000030 -0.000125 -0.000015 -0.000007 -0.000007 -0.000008 -0.000012 -0.000007 -0.000008 -0.000007 -0.000006 -0.000021 -0.000005 -0.000001 -0.000014 -0.000011 -0.000004 0.000000 0.000005 0.000017 0.000034 0.000060 -0.000023 -0.000004 0.000000 0.000002 0.000005 -0.000000 -9999.000000 -9999.000000 -9999.000000 -9999.000000 -9999.000000 -9999.000000 -9999.000000 -9999.000000
-0.000000 0.000005 0.000009 0.000016 0.000026 0.000043 0.000266 -0.000123 -0.000000 0.000001 -0.000005 -0.000005 0.000000 0.000016 0.000117 -0.000020 -0.000325 -0.000006 -0.000019 -0.000034 -0.000008 -0.000000 0.000004 0.000005 -0.000220 -0.000007 -0.000011 -0.000022 -0.000019 -0.000017 -0.000021 -0.000031 -0.000087 -0.000170 -0.000076 -0.000023 -0.000015 -0.000019 -0.000014 -0.000006 -0.000001 0.000000 0.000003 0.000015 0.000028 0.000035 -0.000014 -0.000016 0.000000 -9999.000000 -9999.000000 -9999.000000 -9999.000000 -9999.000000 -9999.000000 -9999.000000 -9999.000000 -9999.000000 -9999.000000 -9999.000000
0.000000 0.000010 0.000015 0.000010 0.000013 0.000019 0.000261 -0.000120 -0.000051 -0.000110 -0.000046 -0.000000 0.000000 0.000014 0.000053 0.000213 -0.000003 -0.000000 -0.000044 -0.000010 -0.000000 0.000003 0.000010 0.000045 -0.000836 -0.000274 -0.000617 -0.000566 -0.000394 -0.000431 -0.000368 -0.000241 -0.000141 -0.000024 -0.000029 -0.000023 -0.000015 -0.000010 -0.000006 -0.000002 0.000000 0.000003 0.000008 0.000015 0.000025 0.000005 -0.000001 0.000000 -9999.000000 -9999.000000 -9999.000000 -9999.000000 -9999.000000 -9999.000000 -9999.000000 -9999.000000 -9999.000000 -9999.000000 -9999.000000 -9999.000000
0.000005 0.000018 0.000027 0.000024 0.000003 0.000029 0.000646 -0.000328 -0.000080 -0.000003 0.000000 0.000004 0.000009 0.000018 0.000027 0.000171 -0.000002 -0.000000 -0.000051 -0.000006 -0.000000 0.000007 0.000359 -0.001093 -0.000223 -0.000364 -0.000027 -0.000018 -0.000020 -0.000021 -0.000018 -0.000014 -0.000016 -0.000011 -0.000017 -0.000014 -0.000011 -0.000006 -0.000002 0.000000 0.000005 0.000012 0.000016 0.000007 0.000008 -0.000001 0.000000 -9999.000000 -9999.000000 -9999.000000 -9999.000000 -9999.000000 -9999.000000 -9999.000000 -9999.000000 -9999.000000 -9999.000000 -9999.000000 -9999.000000 -9999.000000
0.000004 0.000046 0.000109 0.000234 0.000040 0.000030 -0.000412 -0.000010 -0.000004 -0.000001 0.000000 0.000007 0.000018 0.000026 -0.000086 -0.000359 -0.000000 -0.000015 -0.000016 -0.000000 0.000004 0.000054 -0.001403 -0.000039 -0.000037 -0.000030 -0.000023 -0.000015 -0.000010 -0.000009 -0.000008 -0.000005 -0.000007 -0.000011 -0.000005 -0.000005 -0.000004 -0.000002 0.000000 0.000001 0.000004 0.000008 0.000017 0.000026 -0.000003 -0.000002 0.000000 -9999.000000 -9999.000000 -9999.000000 -9999.000000 -9999.000000 -9999.000000 -9999.000000 -9999.000000 -9999.000000 -9999.000000 -9999.000000 -9999.000000 -9999.000000
0.000002 0.000012 0.000019 0.000017 0.000162 0.001403 -0.001177 -0.000004 0.000000 0.000001 0.000004 0.000013 0.000026 0.000033 0.000080 -0.000134 -0.000000 -0.000000 -0.000000 0.000000 -0.000097 -0.001429 -0.000047 -0.000037 -0.000028 -0.000030 -0.000021 -0.000008 -0.000003 0.000000 0.000001 -0.000008 -0.000016 -0.000031 -0.000037 -0.000012 -0.000008 -0.000002 0.000000 0.000002 0.000006 0.000006 0.000014 0.000026 -0.000004 -0.000000 -9999.000000 -9999.000000 -9999.000000 -9999.000000 -9999.000000 -9999.000000 -9999.000000 -9999.000000 -9999.000000 -9999.000000 -9999.000000 -9999.000000 -9999.000000 -9999.000000
0.000003 0.000005 0.000006 0.000006 0.000006 0.001435 -0.000004 -0.000003 0.000000 0.000004 0.000010 0.000019 0.000027 0.000019 0.000141 -0.000068 -0.000020 -0.000013 -0.000000 -0.000555 -0.001634 -0.000035 -0.000062 -0.000076 -0.000055 -0.000040 -0.000025 -0.000008 0.000000 0.000001 0.000005 0.000033 -0.000041 -0.000062 -0.000008 -0.000012 -0.000004 -0.000000 0.000001 0.000005 0.000014 0.000000 0.000005 0.000051 -0.000000 -9999.000000 -9999.000000 -9999.000000 -9999.000000 -9999.000000 -9999.000000 -9999.000000 -9999.000000 -9999.000000 -9999.000000 -9999.000000 -9999.000000 -9999.000000 -9999.000000 -9999.000000
