hipims_case/output/hUx_2700.asc
ncols 269
nrows 269
xllcorner 0.000000
yllcorner 0.000000
cellsize 10.000000
NODATA_value -9999.000000
[rows 81 to 107 of 269, columns 122 to 182 of 269]
0.000000 0.000000 0.000000 0.000538 0.003199 -0.000590 -0.000840 -0.000002 -0.000005 -0.000009 -0.000013 -0.000005 -0.000000 0.000057 0.000118 0.000149 0.000193 0.005538 -0.041704 -0.095704 -0.211668 -0.258935 -0.236430 -0.226115 -0.250093 -0.217974 -0.193134 -0.229029 -0.288839 -0.281706 -0.179538 -0.161202 -0.163347 -0.158268 -0.068769 -0.016161 -0.000374 -0.000185 -0.000080 -0.000000 0.000019 0.000066 0.000045 -0.003950 -0.085530 -0.175368 -0.255887 -0.252657 -0.246623 -0.286446 -0.282471 -0.243387 -0.214772 -0.186688 -0.173847 -0.107463 -0.006041 -0.000040 -0.000000 -0.000714 -0.000082
0.000000 0.000000 0.000000 0.000005 -0.032359 -0.000286 -0.000357 -0.000004 -0.000010 -0.000022 -0.000015 -0.000005 -0.000000 0.000045 0.000120 0.000212 0.009392 -0.138994 -0.239750 -0.254868 -0.235195 -0.189091 -0.117955 -0.130474 -0.173376 -0.206144 -0.230389 -0.183380 -0.164374 -0.103620 -0.048105 -0.081610 -0.115985 -0.155905 -0.143230 -0.091691 -0.024564 -0.000121 -0.000000 0.000001 -0.018596 -0.099440 -0.150899 -0.248332 -0.299513 -0.270460 -0.228191 -0.204619 -0.147571 -0.153545 -0.122966 -0.135102 -0.179548 -0.183336 -0.195885 -0.235531 -0.117955 -0.047002 -0.001816 -0.003445 -0.000143
-0.082564 0.000000 0.000000 -0.004867 -0.077148 -0.000256 -0.000158 -0.000012 -0.000013 -0.000011 -0.000005 -0.000000 0.000002 0.000047 0.000227 0.012304 -0.192455 -0.295511 -0.164769 -0.056543 -0.010300 -0.000651 -0.000001 0.000000 -0.000000 -0.000051 0.000044 -0.000133 -0.000181 -0.000014 0.000000 0.000115 -0.030378 -0.156824 -0.243839 -0.306231 -0.323751 -0.314197 -0.287862 -0.273938 -0.269853 -0.231228 -0.235044 -0.205714 -0.117584 -0.037802 -0.005426 -0.000831 -0.000123 -0.000096 -0.000015 -0.000000 0.000017 0.000057 -0.058383 -0.196700 -0.278323 -0.241373 -0.163034 -0.126536 -0.124256
-0.311708 -0.211583 -0.205821 -0.243257 -0.227194 -0.148522 -0.001307 -0.000004 -0.000005 -0.000010 -0.000001 -0.000000 0.000002 0.000090 0.015094 -0.187774 -0.217691 -0.104886 -0.000592 -0.000037 -0.000024 -0.000011 -0.000001 0.000000 -0.000014 -0.000007 -0.000004 0.000000 -0.000000 -0.000000 0.000000 0.000015 0.000047 0.003610 -0.055167 -0.100853 -0.103553 -0.070659 -0.099486 -0.177989 -0.171997 -0.132235 -0.078446 -0.038755 -0.000462 -0.000039 -0.000026 -0.000135 -0.000227 -0.000132 -0.000070 -0.000024 -0.000000 0.000009 0.000052 0.004622 -0.082421 -0.161947 -0.182509 -0.178789 -0.188397
-0.075369 -0.158694 -0.171081 -0.154174 -0.164951 -0.224701 -0.111449 -0.000104 -0.000000 -0.000025 -0.000006 -0.000001 0.000000 0.000377 -0.088457 -0.241252 -0.087866 -0.000199 -0.000057 -0.000045 -0.000030 -0.000008 -0.000000 0.000004 -0.000033 -0.000042 -0.000015 -0.000000 0.000013 0.000028 0.000018 0.000035 0.000044 0.000038 0.000044 -0.000048 -0.000014 -0.000002 0.000000 0.000220 -0.011431 -0.019280 -0.002369 -0.000179 -0.000131 -0.000046 -0.000000 -0.000164 -0.000400 -0.000071 -0.000055 -0.000035 -0.000007 0.000000 0.000040 0.000112 0.001990 -0.029254 -0.075702 -0.096056 -0.110692
0.000000 0.000000 0.000000 0.000000 -0.032881 -0.172325 -0.302046 -0.239820 -0.134697 -0.121010 -0.078100 -0.045968 -0.001554 -0.028190 -0.212586 -0.119144 -0.000152 -0.000041 -0.000015 -0.000016 -0.000019 -0.000014 -0.000009 0.000000 -0.000174 -0.000086 -0.000034 -0.000000 -0.000000 -0.000000 0.000001 0.000034 0.000071 0.000076 0.000098 0.000020 -0.000024 0.000000 0.000018 0.000027 0.009814 -0.001600 -0.000237 -0.000322 -0.000197 -0.000089 -0.000009 -0.000000 -0.000675 -0.000256 -0.000050 -0.000021 -0.000004 0.000000 0.000045 0.000124 0.004948 0.003198 -0.001200 -0.000618 -0.001726
0.000000 0.000000 0.000000 0.000000 0.000000 -0.011048 -0.114080 -0.204708 -0.220392 -0.221084 -0.227174 -0.240104 -0.197368 -0.161140 -0.236619 -0.074342 -0.000035 -0.000010 -0.000000 0.000001 -0.000026 -0.000030 -0.000047 -0.000058 -0.000051 -0.000051 -0.000041 -0.000043 -0.000048 -0.000004 -0.000000 0.000016 0.000039 0.000036 0.000062 0.000092 0.000057 0.000046 0.000083 0.000600 0.007253 -0.001255 -0.000358 -0.000266 -0.000228 -0.000163 -0.000032 -0.000000 -0.000179 -0.000180 -0.000172 -0.000008 0.000000 0.000016 0.000043 0.000059 0.005728 -0.000013 -0.000004 0.000000 0.000030
0.000000 0.000000 0.000000 0.000000 0.000000 0.000000 0.000000 -0.022490 -0.063464 -0.093905 -0.124660 -0.174740 -0.154609 -0.125057 -0.098182 -0.000017 0.000000 0.000011 0.000034 0.000040 -0.000016 -0.000074 -0.000093 -0.000163 -0.000205 -0.000114 -0.000114 -0.000091 -0.000030 -0.000016 -0.000000 0.000006 0.000016 0.000041 0.000041 0.000047 0.000120 0.000127 0.010395 0.004813 0.000650 -0.000404 -0.000205 -0.000574 -0.000511 -0.000192 -0.000072 -0.000065 -0.000076 -0.000105 -0.000089 -0.000020 0.000000 0.000031 0.000106 0.004860 -0.001124 -0.000030 -0.000000 0.000006 0.000073
0.000000 0.000000 -0.000987 0.000000 0.000000 0.000000 0.000000 0.000000 0.000000 0.000000 -0.004952 -0.028327 -0.031144 -0.041733 -0.037854 -0.000046 -0.000000 -0.000083 -0.000007 -0.000025 -0.000107 -0.000101 -0.000107 -0.000046 -0.000052 -0.000069 -0.000207 -0.000153 -0.000098 -0.000050 -0.000010 -0.000002 0.000000 0.000029 0.000252 0.000642 0.001087 0.030244 0.001166 -0.000000 0.000002 -0.000043 -0.000109 -0.000232 -0.000339 -0.000381 -0.000222 -0.000109 -0.000069 -0.000068 -0.000023 0.000000 0.000049 0.000512 0.036873 -0.002796 -0.000165 -0.000037 -0.000000 0.000003 0.000038
-0.004026 -0.010414 -0.010346 -0.017566 -0.010280 0.000000 0.000000 0.000000 0.000000 0.000000 -0.022792 -0.038116 -0.059624 -0.079180 -0.089467 -0.074291 -0.070473 -0.046801 -0.042222 -0.009754 -0.002724 -0.001170 -0.000256 -0.000103 -0.000110 -0.000165 -0.000117 -0.000210 -0.000226 -0.000129 -0.000051 -0.000024 0.000000 0.000014 0.000065 0.000134 0.000180 0.003312 -0.000937 -0.000018 -0.000000 -0.000080 -0.000074 -0.000117 -0.000184 -0.000187 -0.000128 -0.000103 -0.000082 -0.000046 -0.000005 0.000000 0.000079 0.000222 0.001657 -0.000401 -0.000209 -0.000060 -0.000009 -0.000000 0.000029
0.000000 0.000000 0.000000 -0.000043 -0.025314 -0.020026 -0.014353 -0.023827 -0.039583 -0.070608 -0.082468 -0.080395 -0.096925 -0.107871 -0.112431 -0.124262 -0.142062 -0.135847 -0.168734 -0.147047 -0.112395 -0.123267 -0.056279 -0.020962 -0.009818 -0.001339 -0.000190 -0.000249 -0.000143 -0.000095 -0.000067 -0.000026 -0.000006 0.000000 0.000017 0.000070 0.000124 0.002290 -0.001836 -0.000078 -0.000067 -0.000092 -0.000092 -0.000128 -0.000155 -0.000141 -0.000043 -0.000042 -0.000043 -0.000033 -0.000000 0.000000 0.000087 0.000174 0.001171 -0.000722 -0.000647 -0.000034 -0.000021 -0.000000 0.000023
0.000000 0.000000 0.000000 0.000000 0.000000 0.000000 0.000000 0.000000 -0.000527 0.013809 0.039595 0.023378 0.018878 0.027738 0.026601 0.016486 -0.004365 -0.004639 -0.009090 -0.027672 -0.073173 -0.124620 -0.150504 -0.129579 -0.075155 -0.035299 -0.000272 -0.000269 -0.000229 -0.000215 -0.000119 -0.000023 -0.000011 -0.000004 0.000000 0.000012 0.000050 0.000081 -0.003006 -0.000030 -0.000019 -0.000026 -0.000033 -0.000051 -0.000075 -0.000184 -0.000477 -0.000709 -0.000379 -0.000086 -0.000002 0.000000 0.000047 0.000121 0.000456 -0.000195 -0.000578 -0.000674 -0.000269 -0.000020 0.000000
0.000000 0.000000 0.000000 0.000000 0.000000 0.000000 0.000000 0.000000 0.000000 0.000000 0.000001 0.000482 -0.000388 -0.000574 -0.000933 -0.000325 -0.000026 -0.000003 -0.000000 0.000007 0.000046 0.000320 -0.004780 -0.075760 -0.142289 -0.074981 -0.021230 -0.000198 -0.000223 -0.000239 -0.000124 -0.000005 -0.000000 -0.000064 -0.000033 -0.000016 0.000000 0.000026 0.000885 -0.002992 -0.001976 -0.000884 -0.003300 -0.002394 -0.002131 -0.002030 -0.001005 -0.000184 -0.000103 -0.000035 0.000000 0.000007 0.000021 0.000071 0.000153 -0.000000 -0.000102 -0.000086 -0.000059 -0.000014 0.000000
0.000000 0.000000 0.000000 0.000000 0.000000 0.000000 0.000000 0.000000 0.000000 0.000000 0.000002 0.000468 -0.000006 -0.000000 -0.000648 -0.000747 -0.000030 -0.000005 -0.000000 0.000004 0.000034 0.000123 0.000171 0.000243 -0.050174 -0.103553 -0.022881 -0.001108 -0.000450 -0.000483 -0.000070 -0.000000 0.000003 -0.000203 -0.000152 -0.000170 -0.000113 -0.000000 0.000019 0.000353 -0.000416 -0.000937 -0.000155 -0.000470 -0.000236 -0.000203 -0.000170 -0.000126 -0.000075 -0.000017 0.000000 0.000023 0.000054 0.000030 0.000024 -0.000000 -0.000042 -0.000033 -0.000011 0.000000 0.000013
0.000000 0.000000 0.000000 0.000000 0.000000 0.000000 0.000000 0.000000 0.000000 0.000000 0.000004 0.000202 -0.000009 -0.000000 -0.000465 -0.001699 -0.000069 -0.000020 -0.000000 0.000023 0.000121 0.000098 0.000104 0.000099 0.003114 -0.116117 -0.026088 -0.000074 -0.000142 -0.000114 -0.000042 -0.000021 -0.000338 -0.001382 -0.000840 -0.000474 -0.000091 -0.000042 -0.000000 0.000013 0.000044 -0.000002 -0.000000 -0.000190 -0.000147 -0.000139 -0.000103 -0.000072 -0.000038 -0.000000 0.000008 0.000026 0.000030 -0.000084 -0.000058 -0.000023 -0.000034 -0.000040 -0.000000 0.000002 0.000034
0.000000 0.000000 0.000000 0.000000 0.000000 0.000000 0.000000 0.000000 0.000000 0.000000 -0.000006 -0.000316 -0.000033 -0.000000 0.000015 -0.005855 -0.000038 -0.000034 -0.000000 0.000012 0.000080 0.000193 0.000325 0.000315 0.000280 -0.111701 -0.066457 -0.002455 -0.000479 -0.001091 -0.001781 -0.001974 -0.002210 -0.000037 -0.000046 -0.000044 -0.000038 -0.000034 -0.000028 -0.000017 -0.000022 -0.000009 -0.000000 -0.000025 -0.000087 -0.000084 -0.000048 -0.000013 0.000000 0.000009 0.000039 0.000043 -0.000058 -0.000137 -0.000105 -0.000078 -0.000053 -0.000016 -0.000003 0.000000 0.000013
0.000000 0.000000 0.000000 0.000000 0.000000 0.000000 0.000000 0.000000 0.000000 0.000000 -0.000944 -0.000054 -0.000020 -0.000000 0.000013 0.000254 -0.005449 -0.000036 -0.000000 0.000013 0.000053 0.000169 0.000243 0.000109 0.000153 0.017317 -0.175012 -0.079122 -0.003619 -0.002318 -0.000283 -0.000023 -0.000049 -0.000235 -0.000146 -0.000141 -0.000106 -0.000114 -0.000111 -0.000054 -0.000027 -0.000046 -0.000067 -0.000071 -0.000089 -0.000043 -0.000009 -0.000000 0.000007 0.000051 0.000084 0.000048 -0.000224 -0.000401 -0.000768 -0.000144 -0.000096 -0.000044 -0.000000 0.000013 0.000044
0.000000 0.000000 0.000000 0.000000 0.000000 0.000000 0.000000 0.000000 0.000000 0.000000 -0.002246 -0.000131 -0.000033 -0.000000 0.000009 0.000084 -0.002307 -0.005800 -0.000036 -0.000000 0.000019 0.000122 0.000192 0.000325 0.000260 0.000755 -0.067046 -0.224239 -0.030638 -0.000155 -0.000026 -0.000053 -0.000082 -0.000118 -0.000260 -0.000309 -0.000150 -0.000165 -0.000165 -0.000088 -0.000094 -0.000114 -0.000043 -0.000057 -0.000033 -0.000011 -0.000000 0.000006 0.000051 0.000114 0.000113 -0.001748 -0.002926 -0.001360 -0.000430 -0.000571 -0.000157 -0.000000 0.000007 0.000038 0.000073
0.000000 0.000000 0.000000 0.000000 0.000000 0.000000 0.000000 0.000000 0.000000 0.000000 -0.003982 -0.000127 -0.000045 -0.000002 0.000000 0.000050 0.000135 -0.026825 -0.000168 -0.000000 0.000006 0.000086 0.000198 0.000207 0.000580 0.000813 0.005935 -0.150795 -0.091748 -0.000601 -0.000047 -0.000052 -0.000110 -0.000164 -0.000337 -0.000155 -0.000158 -0.000204 -0.000221 -0.000083 -0.000105 -0.000193 -0.000113 -0.000014 0.000000 0.000003 0.000037 0.000070 0.000098 0.000160 0.000029 -0.004675 -0.000162 -0.000109 -0.000104 -0.000059 -0.000008 -0.000000 0.000049 0.000126 0.000144
0.000000 0.000000 0.000000 0.000000 0.000000 0.000000 0.000000 0.000000 0.000000 0.000000 -0.002136 -0.000219 -0.000031 -0.000000 0.000001 0.000043 0.000116 -0.001471 -0.000153 -0.000032 0.000000 0.000015 0.000122 0.000242 0.000271 0.000176 0.000093 0.018065 -0.117980 -0.071875 -0.040872 -0.001213 -0.000629 -0.000189 -0.000169 -0.000275 -0.000326 -0.000329 -0.000061 -0.000000 -0.000546 -0.000489 -0.000062 -0.000011 0.000000 0.000036 0.000058 0.000031 0.000025 0.000300 -0.067253 -0.000138 -0.000140 -0.000075 -0.000020 0.000000 0.000023 0.000040 0.000060 0.000184 0.000174
0.000000 0.000000 0.000000 0.000000 0.000000 0.000000 0.000000 0.000000 0.000000 0.000000 -0.001560 -0.000207 -0.000099 -0.000004 0.000000 0.000045 0.000194 -0.001701 -0.000143 -0.000023 0.000000 0.000015 0.000096 0.000177 0.000251 0.000183 0.000058 0.016332 -0.097679 -0.113066 -0.122923 -0.097651 -0.062783 -0.000753 -0.000397 -0.000364 -0.000265 -0.000115 -0.000000 -0.000630 -0.000735 -0.000060 -0.000058 -0.000000 0.000007 0.000074 0.000230 0.000000 0.000012 -0.003989 -0.000400 -0.000191 -0.000090 -0.000027 -0.000009 0.000000 0.000051 0.000109 0.000153 0.000216 0.000134
0.000000 0.000000 0.000000 0.000000 0.000000 0.000000 0.000000 0.000000 0.000000 0.000000 -0.001023 -0.000114 -0.000051 -0.000000 0.000012 0.000151 0.000135 -0.002422 -0.000124 -0.000025 0.000000 0.000030 0.000207 0.000337 0.000273 0.000104 0.004744 0.006722 0.002911 -0.014009 -0.060727 -0.125768 -0.096129 -0.052912 -0.000264 -0.000270 -0.000121 -0.000000 -0.000210 -0.000750 -0.000256 -0.000066 -0.000051 -0.000015 0.000000 0.000097 0.000301 0.000024 0.000195 -0.097460 -0.000118 -0.000047 -0.000046 -0.000047 -0.000005 0.000000 0.000051 0.000136 0.000178 0.000211 0.000137
0.000000 0.000000 0.000000 0.000000 0.000000 0.000000 0.000000 0.000000 0.000000 0.000000 -0.000723 -0.000262 -0.000053 -0.000000 0.000012 0.000091 0.000209 -0.001015 -0.000271 -0.000081 0.000000 0.000039 0.000118 0.000092 0.000074 0.000266 0.008086 -0.000038 -0.000000 0.000005 0.000184 -0.053235 -0.116523 -0.058240 -0.044708 -0.000513 -0.000028 -0.000075 -0.000589 -0.000305 -0.000115 -0.000000 -0.000011 -0.000004 0.000000 0.000001 0.000333 0.000310 -0.001990 -0.001856 -0.000074 -0.000096 -0.000037 -0.000000 0.000019 0.000046 0.000080 0.000126 0.000156 0.000136 -0.006056
0.000000 0.000000 0.000000 0.000000 0.000000 0.000000 0.000000 0.000000 0.000000 0.000000 -0.000844 -0.000232 -0.000032 -0.000000 0.000019 0.000115 0.000122 -0.000647 -0.000150 -0.000050 0.000000 0.000035 0.000233 0.000655 0.000469 0.002240 0.000487 -0.000142 -0.000027 0.000000 0.000031 0.000573 -0.098932 -0.102843 -0.070296 -0.047716 -0.015549 -0.024940 -0.000677 -0.000201 -0.000041 -0.000000 -0.000027 -0.000058 -0.000022 0.000000 0.000119 0.000399 -0.004444 -0.000774 -0.000093 -0.000063 -0.000013 -0.000000 0.000036 0.000075 0.000087 0.008286 -0.085293 -0.043231 -0.020217
0.000000 0.000000 0.000000 0.000000 0.000000 0.000000 0.000000 0.000000 0.000000 0.000000 -0.000184 -0.000425 -0.000432 -0.000024 -0.000000 0.000004 0.000032 -0.000268 -0.000086 -0.000023 0.000000 0.000081 0.000143 0.000179 0.002288 0.001673 0.000134 -0.000510 -0.000039 0.000000 0.000032 0.000165 0.138078 0.005380 -0.024619 -0.038832 -0.041469 -0.027183 -0.011604 -0.014154 -0.000116 -0.000012 -0.000056 -0.000093 -0.000127 -0.000054 0.000000 0.000121 0.001979 -0.000201 -0.000000 0.000012 0.000030 -0.000000 -0.016540 -0.095628 -0.051177 -0.035326 -0.000134 -0.000089 -0.000047
0.000000 0.000000 0.000000 0.000000 0.000000 0.000000 0.000000 0.000000 0.000000 0.000000 -0.000025 -0.000062 -0.000112 -0.000063 -0.000004 0.000000 0.000014 -0.000141 -0.000055 -0.000016 0.000000 0.000026 0.000045 0.000055 0.001633 0.000748 0.000000 -0.000510 -0.000093 0.000000 0.000012 0.000066 0.026489 -0.038041 -0.048423 -0.063630 -0.078432 -0.058867 -0.044694 -0.022580 -0.001441 -0.028169 -0.000533 -0.000054 -0.000000 -0.000000 0.000000 0.000013 -0.040241 -0.020250 -0.019359 -0.042925 -0.029695 -0.037655 -0.035841 -0.000060 -0.000039 -0.000071 -0.000108 -0.000070 -0.000041
0.000000 0.000000 0.000000 0.000000 0.000000 0.000000 0.000000 0.000000 0.000000 0.000000 -0.000039 -0.000044 -0.000069 -0.000056 -0.000007 0.000000 0.000015 -0.000041 -0.000024 0.000000 0.000007 0.000063 0.000130 0.001331 0.001890 0.000000 0.000015 0.000014 -0.000031 0.000000 0.000033 0.000043 0.000450 -0.010912 -0.022619 -0.042787 -0.056883 -0.054418 -0.042078 -0.040705 -0.029113 -0.013222 0.001804 -0.000024 -0.000000 0.000019 -0.005312 -0.016600 -0.030483 -0.018611 -0.000166 -0.000163 -0.000184 -0.000114 -0.000040 -0.000012 -0.000000 0.000000 -0.000046 -0.000027 -0.000018
