hipims_case/output/hUy_1800.asc
ncols 269
nrows 269
xllcorner 0.000000
yllcorner 0.000000
cellsize 10.000000
NODATA_value -9999.000000
[rows 81 to 107 of 269, columns 124 to 185 of 269]
0.000000 -0.000000 -0.000029 -0.000009 -0.000310 -0.000000 -0.000001 -0.000003 -0.000008 -0.000018 -0.000030 -0.000105 -0.000146 -0.000216 -0.000082 -0.000187 -0.004583 -0.035312 -0.065321 -0.058773 0.011917 0.017093 0.021786 0.000054 -0.038703 -0.050254 -0.020788 -0.062225 -0.013232 0.017538 0.021194 0.063273 -0.011644 -0.000466 -0.000277 -0.000059 -0.000182 -0.000056 -0.000152 -0.000355 -0.000156 -0.000654 -0.025980 -0.077357 -0.016087 -0.014194 -0.035920 -0.019684 -0.013617 -0.005844 0.009980 -0.018415 0.014153 0.001317 -0.000153 -0.000177 -0.000041 -0.003111 -0.000290 -0.000060 -0.000150 -0.004893
0.000000 0.000000 -0.001369 -0.000134 -0.000081 -0.000002 -0.000003 -0.000018 -0.000021 -0.000041 -0.000039 -0.000151 -0.000116 -0.000199 -0.000641 -0.067051 -0.087743 -0.058371 -0.056362 -0.009780 0.056475 0.058599 0.049314 0.006091 -0.022971 -0.024978 0.034513 0.007160 0.000636 0.023940 0.030217 0.097292 0.044272 -0.007133 -0.000718 -0.000270 -0.000162 -0.000318 -0.001665 -0.047752 -0.053142 -0.040940 -0.067012 -0.034712 -0.005055 0.004807 0.003990 0.033302 0.023166 0.029753 0.047883 0.004426 0.069840 0.108586 0.000896 -0.003571 -0.000066 -0.005157 -0.000282 -0.000045 -0.000134 -0.022818
0.000000 0.000000 -0.003552 -0.000072 -0.000061 -0.000009 -0.000005 -0.000016 -0.000020 -0.000016 -0.000067 -0.000099 -0.000101 -0.002256 -0.088842 -0.107341 -0.027467 0.011527 0.000764 0.000735 0.000083 0.000031 0.000986 0.000498 0.003122 0.000288 0.000517 0.000111 0.000032 0.000154 0.002002 0.050440 0.042713 0.008242 -0.005093 0.005884 0.011765 0.022661 0.001588 -0.032154 -0.051799 -0.042486 0.021460 0.002786 0.000707 0.001989 0.000290 0.000399 0.000187 0.000101 0.000134 0.000522 0.021669 0.061412 0.087629 0.054145 0.022242 -0.006919 -0.006400 -0.036799 -0.029079 -0.043336
0.000959 -0.000144 0.005876 -0.000811 -0.000051 -0.000007 -0.000005 -0.000011 -0.000010 -0.000006 -0.000090 -0.000089 -0.001308 -0.104752 -0.118891 0.010419 0.000380 0.000097 0.000073 0.000113 0.000063 0.000044 0.000936 0.000159 0.000105 0.000046 0.000562 0.000145 0.000053 0.000186 0.000179 0.000244 0.024702 0.027951 0.022138 0.005111 0.015438 0.026120 0.004999 -0.006381 0.011419 0.001163 0.000300 0.000373 0.000343 0.001730 0.000554 0.000294 0.000264 0.000262 0.000088 0.000120 0.000158 0.000260 0.024500 0.058102 0.034826 0.014660 0.028270 0.028071 0.017642 0.006071
0.003401 0.000719 0.014247 0.059100 -0.000066 -0.000004 -0.000002 -0.000034 -0.000016 -0.000033 -0.000053 -0.000090 -0.038927 -0.147295 0.002855 0.000065 0.000037 0.000031 0.000023 0.000021 0.000020 0.000049 0.000840 0.000146 0.000090 0.000045 0.000366 0.000200 0.000128 0.000389 0.000182 0.000240 0.000242 0.000848 0.000120 0.000077 0.000023 0.000046 0.013321 0.024065 0.000138 0.000144 0.000229 0.000453 0.000087 0.001628 0.000701 0.000305 0.000204 0.000333 0.000146 0.000056 0.000124 0.000093 0.000292 0.024650 0.023781 0.011351 0.028669 0.026311 0.035714 0.025040
0.000000 0.000000 0.000000 0.032538 0.012918 0.001884 -0.023866 -0.064140 -0.070762 -0.014109 -0.000041 -0.000306 -0.100257 -0.043063 0.000063 0.000017 0.000000 0.000000 0.000000 0.000000 0.000000 0.000000 0.000092 0.000035 0.000047 0.000034 0.000266 0.000062 0.000106 0.000303 0.000159 0.000219 0.000211 0.000446 0.000068 0.000031 0.000000 0.000000 0.003352 0.009151 0.000101 0.000067 0.000137 0.000204 0.000186 0.000069 0.001444 0.000288 0.000266 0.000160 0.000106 0.000049 0.000059 0.000023 0.000533 0.005474 0.000827 0.000183 0.000095 0.001146 0.049187 0.013205
0.000000 0.000000 0.000000 0.000000 0.002179 0.037557 0.039082 0.011186 0.017475 0.045596 -0.009905 -0.032869 -0.094924 0.000166 0.000015 -0.000000 -0.000002 -0.000027 -0.000156 -0.000049 -0.000044 -0.000025 0.000000 0.000000 0.000000 0.000000 0.000019 0.000044 0.000026 0.000129 0.000087 0.000129 0.000109 0.000055 0.000000 0.000000 -0.000001 0.000004 0.008637 0.003494 0.000201 0.000062 0.000120 0.000111 0.000169 0.000127 0.000970 0.000280 0.000265 0.000137 0.000039 0.000028 0.000000 0.000000 0.004762 0.000197 0.000134 0.000096 0.000255 0.000252 0.000259 0.009123
0.000000 0.000000 0.000000 0.000000 0.000000 0.000000 0.002393 0.005610 0.009088 0.032604 0.008112 -0.015464 -0.036403 0.000000 0.000000 -0.000030 -0.000082 -0.000051 -0.000449 -0.000115 -0.000127 -0.000109 -0.000073 -0.000060 -0.000061 -0.000025 0.000000 0.000000 0.000002 0.000023 0.000032 0.000019 0.000000 0.000000 -0.000019 -0.000023 0.002208 0.003377 0.006273 0.001474 0.000260 0.000250 0.000120 0.000112 0.000211 0.000233 0.000406 0.000181 0.000301 0.000120 0.000045 0.000000 -0.000034 0.002710 0.006461 0.000177 0.000067 0.000168 0.000328 0.000219 0.000288 0.000334
0.000000 0.000000 0.000000 0.000000 0.000000 0.000000 0.000000 0.000000 0.000000 0.017815 0.005718 -0.006260 -0.010799 -0.000027 -0.000019 -0.000394 -0.000341 -0.000260 -0.000603 -0.000183 -0.000114 -0.000140 -0.000135 -0.000289 -0.000167 -0.000099 -0.000046 -0.000023 0.000000 0.000000 0.000000 0.000002 0.000009 0.000066 -0.000015 -0.004431 0.005263 0.000053 0.000100 0.001068 0.000313 0.000312 0.000219 0.000208 0.000189 0.000166 0.000177 0.000131 0.000191 0.000044 0.000104 0.000017 -0.008207 0.003939 0.000160 0.000117 0.000061 0.000109 0.000172 0.000227 0.000284 0.000295
0.000000 0.000000 0.000000 0.000000 0.000000 0.000000 0.000000 0.000000 0.001165 0.015618 0.005847 0.002777 0.005629 0.009915 -0.056379 -0.008678 -0.000792 -0.000185 -0.000197 -0.002609 -0.000128 -0.000141 -0.000135 -0.000323 -0.000172 -0.000181 -0.000174 -0.000108 -0.000043 -0.000025 -0.000003 -0.000000 0.000003 0.000034 0.000087 0.003832 0.000956 0.000094 0.000060 0.000572 0.000222 0.000222 0.000163 0.000106 0.000065 0.000047 0.000065 0.000095 0.000075 0.000043 0.000081 0.000067 0.002506 0.000333 0.000099 0.000032 0.000050 0.000036 0.000105 0.000156 0.000195 0.000214
0.000000 0.000000 0.000000 0.000000 0.000000 0.000000 0.000000 0.000492 0.001082 0.016647 0.005028 0.007021 0.016942 0.013737 -0.014280 0.002970 -0.001867 0.013736 0.044134 0.027128 -0.001234 -0.000495 -0.000827 -0.000243 -0.000145 -0.000100 -0.000232 -0.000180 -0.000111 -0.000075 -0.000045 -0.000014 -0.000000 0.000015 0.000064 0.003139 0.002500 0.000032 0.000049 0.000102 0.000058 0.000059 0.000051 0.000025 0.000000 0.000000 0.000000 0.000054 0.000025 0.000038 0.000065 0.000119 0.002108 0.000722 0.000171 0.000000 0.000000 0.000040 0.000066 0.000104 0.000087 0.000212
0.000000 0.000000 0.000000 0.000000 0.000000 0.000000 0.000000 0.000000 0.007517 0.001356 0.007675 0.014116 0.002701 0.002862 0.000350 0.000152 0.000048 0.001247 0.029487 0.033594 0.005301 0.021552 -0.001894 -0.003586 -0.000124 -0.000064 -0.000228 -0.000136 -0.000253 -0.000140 -0.000088 -0.000117 -0.000022 -0.000000 0.000020 0.000104 0.006933 0.000000 -0.000000 -0.000000 -0.000000 -0.000000 -0.000000 -0.000000 -0.000046 0.000038 0.000033 0.000038 0.000021 0.000006 0.000023 0.000080 0.000785 0.000763 0.000609 0.000282 0.000138 0.000081 0.000022 0.000047 0.000063 0.000267
0.000000 0.000000 0.000000 0.000000 0.000000 0.000000 0.000000 0.000000 0.000168 0.003106 0.000734 0.001815 0.002781 0.000748 0.000140 0.000122 0.000039 0.000096 0.000170 0.000428 0.000589 0.028819 0.044059 0.019596 -0.000442 -0.000081 -0.000102 -0.000267 -0.000252 -0.000171 -0.000071 -0.000433 -0.000095 -0.000042 0.000000 0.000068 0.006549 0.004011 0.000118 -0.000037 0.002177 0.000373 0.000051 0.000393 0.000174 0.000045 0.000015 0.000005 0.000000 0.000000 0.000000 0.000022 0.000243 0.000035 0.000606 0.000141 0.000091 0.000054 0.000026 0.000019 0.000139 0.000311
0.000000 0.000000 0.000000 0.000000 0.000000 0.000000 0.000000 0.000000 0.000250 0.002552 0.000079 0.000027 0.005747 0.000904 0.000101 0.000136 0.000046 0.000117 0.000223 0.000255 0.000158 0.000217 0.034442 0.057178 0.000388 -0.000077 -0.000090 -0.000189 -0.000167 -0.000092 -0.000129 -0.000835 -0.000166 -0.000098 0.000038 0.000038 0.000088 0.001840 0.001617 0.002373 0.000256 0.000591 0.000127 0.000121 0.000104 0.000055 0.000005 -0.000000 -0.000005 -0.000017 -0.000001 -0.000000 0.000000 0.000012 0.000178 0.000090 0.000055 0.000026 0.000054 0.000050 0.000203 0.000157
0.000000 0.000000 0.000000 0.000000 0.000000 0.000000 0.000000 0.000000 0.000498 0.002567 0.000095 0.000032 0.004941 0.001953 0.000018 0.000071 0.000044 0.000152 0.000354 0.000174 0.000298 0.000268 0.000745 0.055180 0.001323 -0.000000 -0.000058 -0.000160 -0.000223 -0.000359 -0.001045 -0.000717 -0.000140 -0.000014 0.000007 0.000019 0.000019 0.000069 0.000389 0.000163 0.000050 0.000850 0.000193 0.000121 0.000074 0.000021 0.000001 -0.000012 -0.000047 -0.000081 -0.000087 -0.000179 -0.000003 0.000000 0.000000 0.000017 0.000010 0.000022 0.000014 0.000015 0.000058 0.000061
0.000000 0.000000 0.000000 0.000000 0.000000 0.000000 0.000000 0.000000 0.001312 0.001621 0.000131 0.000047 0.000135 0.005928 0.000000 0.000021 0.000047 0.000158 0.000184 0.000261 0.000481 0.000216 0.000214 0.046911 0.034170 -0.000096 -0.000140 -0.000394 -0.001033 -0.000590 -0.000244 0.000000 0.000000 0.000000 0.000000 0.000000 0.000000 0.000000 0.000030 0.000089 0.000042 0.000388 0.000163 0.000073 0.000021 0.000000 0.000000 -0.000048 -0.000108 -0.000163 -0.000712 -0.000265 -0.000070 -0.000024 -0.000002 0.000000 0.000000 0.000000 0.000000 0.000000 0.000000 0.000000
0.000000 0.000000 0.000000 0.000000 0.000000 0.000000 0.000000 0.000000 0.001410 0.000175 0.000152 0.000057 0.000143 0.006896 0.000583 0.000000 0.000048 0.000135 0.000189 0.000250 0.000377 0.000194 0.000088 0.009018 0.096682 -0.000006 -0.000644 -0.000125 0.000003 -0.000000 -0.000000 -0.000027 -0.000024 -0.000014 -0.000001 -0.000002 -0.000018 -0.000003 0.000000 0.000000 0.000017 0.000048 0.000087 0.000024 -0.000000 -0.000005 -0.000034 -0.000099 -0.000168 -0.000231 -0.001760 -0.000488 -0.000311 -0.000036 -0.000008 -0.000018 -0.000013 -0.000032 -0.000039 -0.000202 -0.000028 -0.000013
0.000000 0.000000 0.000000 0.000000 0.000000 0.000000 0.000000 0.000000 0.001424 0.000143 0.000177 0.000076 0.000129 0.000198 0.005174 0.000275 0.000089 0.000045 0.000125 0.000317 0.000171 0.000314 0.000047 0.000217 0.067162 0.135737 -0.001223 -0.000005 -0.000000 -0.000001 -0.000045 -0.000089 -0.000104 -0.000070 -0.000046 -0.000042 -0.000114 -0.000060 -0.000030 -0.000037 0.000000 0.000012 0.000008 -0.000000 -0.000005 -0.000028 -0.000085 -0.000148 -0.000213 -0.010226 -0.000487 0.000468 0.000188 0.000130 -0.000010 -0.000022 -0.000052 -0.000088 -0.000111 -0.000263 -0.000526 -0.000082
0.000000 0.000000 0.000000 0.000000 0.000000 0.000000 0.000000 0.000000 0.002442 0.000137 0.000147 0.000108 0.000068 0.000157 0.000179 0.022239 0.000123 0.000063 0.000093 0.000229 0.000131 0.000169 0.000087 0.000218 0.002770 0.052302 0.050744 -0.000031 -0.000035 -0.000059 -0.000210 -0.000114 -0.000135 -0.000110 -0.000127 -0.000322 -0.000198 -0.000144 -0.000107 -0.000120 -0.000012 0.000000 0.000000 -0.000023 -0.000092 -0.000070 -0.000167 -0.000229 -0.005060 0.000632 0.000096 0.000093 0.000047 0.000045 -0.000000 -0.000020 -0.000111 -0.000203 -0.000130 -0.000338 -0.001927 -0.000181
0.000000 0.000000 0.000000 0.000000 0.000000 0.000000 0.000000 0.000000 0.001921 0.000125 0.000139 0.000072 0.000100 0.000130 0.000167 0.004194 0.000128 0.000121 0.000039 0.000116 0.000112 0.000119 0.000084 0.000105 0.000014 0.000686 0.095150 0.010637 -0.011577 -0.000614 -0.000525 -0.000122 -0.000099 -0.000139 -0.000378 -0.000278 -0.000156 -0.000081 -0.000662 -0.000116 -0.000036 -0.000023 -0.000016 -0.000071 -0.000168 -0.000285 -0.000176 -0.006596 -0.000547 0.000080 0.000036 0.000023 0.000024 0.000011 -0.000011 -0.000062 -0.000152 -0.000283 -0.000173 -0.000370 -0.002368 -0.000231
0.000000 0.000000 0.000000 0.000000 0.000000 0.000000 0.000000 0.000000 0.001848 0.000111 0.000147 0.000107 0.000058 0.000146 0.000229 0.004548 0.000091 0.000081 0.000034 0.000093 0.000101 0.000142 0.000096 0.000004 0.000000 0.000917 0.069035 0.017091 0.055170 0.033266 -0.024265 -0.000369 -0.000134 -0.000566 -0.000269 -0.000110 -0.000072 -0.000936 -0.000261 -0.000000 -0.000044 -0.000034 -0.000069 -0.000114 -0.000570 -0.000162 -0.000203 -0.006307 0.000021 0.000027 0.000002 0.000000 0.000000 0.000000 -0.000032 -0.000094 -0.000148 -0.000287 -0.000321 -0.001910 -0.001052 -0.000211
0.000000 0.000000 0.000000 0.000000 0.000000 0.000000 0.000000 0.000000 0.001603 0.000093 0.000067 0.000027 0.000078 0.000132 0.000309 0.004268 0.000113 0.000076 0.000029 0.000069 0.000049 0.000066 0.000044 0.000000 0.000550 0.002954 0.003730 0.018737 0.070935 0.064420 0.033976 -0.003516 -0.000231 -0.000394 -0.000220 -0.000075 -0.001131 -0.000672 -0.000117 -0.000053 -0.000089 -0.000154 -0.000056 -0.000137 -0.000472 -0.000332 -0.005611 -0.027924 0.000001 -0.000000 -0.000000 -0.000028 -0.000046 -0.000021 -0.000076 -0.000144 -0.000217 -0.000316 -0.000382 -0.003149 -0.000652 -0.000201
0.000000 0.000000 0.000000 0.000000 0.000000 0.000000 0.000000 0.000000 0.001768 0.000093 0.000026 0.000027 0.000071 0.000105 0.000267 0.002697 0.000143 0.000094 0.000034 0.000046 0.000014 0.000000 0.000000 -0.000000 0.003479 0.000086 0.000054 0.000078 0.000104 0.055337 0.050128 0.039492 -0.005295 -0.000246 -0.000235 -0.000818 -0.000885 -0.000395 -0.000130 -0.000070 -0.000483 -0.000199 -0.000063 -0.000136 -0.000218 -0.000370 -0.007594 -0.000064 -0.000000 -0.000020 -0.000041 -0.000043 -0.000115 -0.000128 -0.000169 -0.000230 -0.000285 -0.000323 -0.065044 -0.012319 -0.005847 -0.000193
0.000000 0.000000 0.000000 0.000000 0.000000 0.000000 0.000000 0.000000 0.001393 0.000189 0.000000 0.000050 0.000115 0.000195 0.000242 0.002043 0.000127 0.000082 0.000036 0.000054 0.000022 0.000043 -0.000003 0.000073 0.003070 0.000070 0.000092 0.000033 0.000084 0.000479 0.015089 0.082405 0.040609 0.036259 -0.041373 -0.010926 -0.000475 -0.000240 -0.000176 -0.000066 -0.000878 -0.000208 -0.000145 -0.000060 -0.000010 -0.000238 -0.007592 -0.000092 -0.000053 -0.000204 -0.000128 -0.000058 -0.000171 -0.000217 -0.000231 -0.057585 -0.332570 0.014337 0.020864 0.005202 0.009876 0.017189
0.000000 0.000000 0.000000 0.000000 0.000000 0.000000 0.000000 0.000000 0.001033 0.000495 0.000304 0.000118 0.000057 0.000097 0.000153 0.001448 0.000136 0.000075 0.000024 0.000022 0.000009 0.000012 0.000271 0.001007 0.002580 0.000266 0.000072 0.000022 0.000050 0.000058 -0.020452 0.069006 0.034521 0.042205 0.003179 0.013083 0.014793 -0.000961 -0.000267 -0.000244 -0.000699 -0.000164 -0.000105 -0.000174 -0.000053 -0.000147 -0.013283 -0.000309 -0.000076 -0.000230 -0.000524 -0.000096 -0.525544 -0.696997 0.022799 0.027875 0.000187 0.000128 0.000127 0.000100 0.000038 0.000115
0.000000 0.000000 0.000000 0.000000 0.000000 0.000000 0.000000 0.000000 0.000342 0.000187 0.000242 0.000140 0.000097 0.000034 0.000097 0.000915 0.000104 0.000053 0.000012 0.000000 0.000000 0.000000 0.000679 0.001797 0.000055 0.000720 0.000061 0.000009 0.000000 0.000011 0.000169 0.049124 0.018602 0.034314 0.023068 0.025081 0.029860 0.014564 -0.067421 -0.021745 -0.000495 -0.000132 -0.000062 -0.000600 -0.000044 -0.000107 -0.048023 -0.056960 -0.114637 -0.066310 -0.008918 -0.003131 0.016927 0.000155 0.000141 0.000090 0.000112 0.000048 0.000053 0.000047 0.000023 0.000073
0.000000 0.000000 0.000000 0.000000 0.000000 0.000000 0.000000 0.000000 0.000003 0.000156 0.000117 0.000108 0.000064 0.000026 0.000068 0.000474 0.000058 0.000015 0.000000 -0.000006 -0.000010 0.000316 0.002219 0.000030 0.000050 0.000533 0.000028 0.000000 -0.000008 -0.000000 0.000000 0.066760 0.026019 0.042486 0.028038 0.028413 0.033963 0.025687 -0.000682 0.026139 -0.029746 -0.000089 -0.000025 -0.000171 -0.015365 -0.016167 -0.009541 0.003284 0.000111 0.000100 0.000023 0.000029 0.000058 0.000059 0.000038 0.000024 0.000000 0.000000 0.000000 0.000000 0.000000 0.000000
