hipims_case/output/hUy_6300.asc
ncols 269
nrows 269
xllcorner 0.000000
yllcorner 0.000000
cellsize 10.000000
NODATA_value -9999.000000
[rows 216 to 242 of 269, columns 61 to 121 of 269]
0.000000 0.000000 0.000000 -0.000000 -0.000000 -0.000000 -0.000191 -0.002889 -0.003855 -0.000012 -0.000006 -0.000002 -0.000103 -0.000271 -0.000010 -0.000008 -0.000005 -0.000008 -0.000004 -0.000013 -0.000020 -0.000263 -0.000041 0.000002 -0.000002 0.000000 0.000000 0.000001 0.000001 0.000000 0.000000 -0.000001 0.006147 0.000009 0.000005 0.000001 0.000004 0.000017 0.000005 0.000003 0.000001 1.917146 3.119564 2.895941 0.647723 0.000003 0.000004 0.000005 0.000006 0.000008 0.000007 0.000005 0.000002 0.000006 0.000008 0.000037 0.000069 0.000006 0.000100 0.000050 0.000013
-0.000000 -0.000001 -0.000002 -0.000000 -0.000000 -0.000000 -0.000948 0.005083 0.007184 0.002241 -0.000006 -0.000002 -0.001312 -0.000681 -0.000005 -0.000009 -0.000011 -0.000013 -0.000005 -0.000015 -0.000408 0.000201 0.000016 0.000032 0.000008 -0.000003 -0.000001 -0.000000 -0.000000 -0.000000 -0.000002 -0.000002 0.005319 0.000005 0.000004 0.000001 0.000003 0.000005 0.000001 0.000000 0.000000 2.027345 3.230299 2.967312 0.617204 0.000001 0.000000 0.000001 0.000001 0.000003 0.000003 0.000003 0.000002 0.000006 0.000009 0.000068 0.000023 0.000015 0.000064 0.000075 0.000014
-0.000003 -0.000001 -0.000005 -9999.000000 -9999.000000 -9999.000000 -0.000827 0.000003 0.000002 0.003880 0.004089 -0.001662 -0.001764 -0.000001 -0.000004 -0.000016 -0.000018 -0.000016 -0.000005 -0.000617 -0.000028 0.000009 0.000010 0.000004 0.000006 -0.000015 -0.000007 -0.000005 -0.000004 -0.000004 -0.000007 -0.000004 0.002715 0.000005 0.000003 0.000001 0.000003 0.000003 0.000000 -0.000001 0.539158 2.080335 3.279703 2.734860 0.000002 0.000000 0.000000 0.000000 0.000000 0.000000 0.000000 0.000000 0.000000 0.000001 0.000006 0.000111 0.000024 0.000007 0.000143 0.000020 0.000017
-0.000005 -9999.000000 -9999.000000 -9999.000000 -9999.000000 -9999.000000 -9999.000000 0.000000 0.000002 0.000007 0.002849 0.005158 0.000839 -0.000026 -0.000006 -0.000017 -0.000023 -0.000018 -0.000006 -0.000459 0.000004 0.000007 0.000005 0.000002 0.000002 -0.000014 -0.000029 -0.000016 -0.000018 -0.000016 -0.000007 -0.000194 0.002775 0.000003 0.000002 0.000001 0.000002 0.000001 -0.000000 -0.000004 0.625826 2.179931 3.204121 2.580112 0.000000 0.000001 0.000006 -0.000001 -0.000001 -0.000001 -0.000001 -0.000001 -0.000002 0.000000 0.000000 0.000020 0.000021 0.000012 0.000057 0.000016 0.000013
-9999.000000 -9999.000000 -9999.000000 -9999.000000 -9999.000000 -9999.000000 -9999.000000 -9999.000000 0.000000 0.000008 0.000008 0.000047 0.004665 0.000370 -0.000005 -0.000036 -0.000159 -0.000353 -0.000650 -0.000013 0.000002 0.000002 0.000000 0.000001 0.000000 -0.000010 -0.000038 -0.000029 -0.000034 -0.000023 -0.000008 0.002215 0.000111 0.000000 0.000001 0.000000 0.000000 0.000000 0.000000 -0.000000 0.698189 2.085312 3.180267 2.749203 -0.000004 0.000000 0.000013 0.000028 0.000032 -0.000004 -0.000006 -0.000005 -0.000005 -0.000005 -0.000002 0.000007 0.000032 0.000023 0.000012 0.000007 0.000005
-9999.000000 -9999.000000 -9999.000000 -9999.000000 -9999.000000 -9999.000000 -9999.000000 -9999.000000 -9999.000000 0.000003 0.000009 0.000007 0.000014 0.001331 0.000053 -0.000033 -0.000066 -0.000080 0.000000 -0.000000 -0.000000 -0.000000 -0.000000 0.000000 0.000000 -0.000004 -0.000019 -0.000040 -0.000051 -0.000012 -0.000010 0.006474 0.000002 0.000000 0.000000 0.000000 -0.000000 -0.000002 -0.000010 0.000007 0.691506 1.970590 2.937721 2.980326 1.363042 -0.000001 0.000002 0.000019 0.000060 -0.000572 -0.001873 -0.000025 -0.000050 0.000005 0.000040 0.000022 0.000015 0.000022 0.000015 0.000005 0.000001
-9999.000000 -9999.000000 -9999.000000 -9999.000000 -9999.000000 -9999.000000 -9999.000000 -9999.000000 -9999.000000 0.000000 0.000007 0.000010 0.000016 0.000811 0.000430 0.000009 -0.000040 -0.000013 -0.000000 -0.000000 -0.000002 -0.000005 -0.000007 -0.000002 -0.000004 -0.000004 -0.000014 -0.000024 -0.000028 -0.000012 -0.000047 0.004973 0.000013 0.000008 -0.000001 -0.000001 -0.000002 -0.000003 0.001863 0.000003 0.000008 1.328000 2.756193 3.019182 1.691044 -0.000009 0.000000 0.000000 0.000000 0.000001 0.000022 0.000009 0.000011 0.000012 0.000011 0.000009 0.000010 0.000012 0.000019 0.000004 0.000000
-9999.000000 -9999.000000 -9999.000000 -9999.000000 -9999.000000 -9999.000000 -9999.000000 -9999.000000 -9999.000000 -9999.000000 0.000004 0.000012 0.000016 0.000014 0.000276 0.000137 0.000037 -0.000008 -0.000005 -0.000009 -0.000014 -0.000018 -0.000014 -0.000005 -0.000013 -0.000012 -0.000014 -0.000010 -0.000012 -0.000000 0.000584 0.000899 0.000015 0.000010 0.000004 0.000010 0.000025 0.000239 0.000233 0.000006 0.000013 1.166668 2.697635 2.836314 2.194540 1.022049 -0.000001 -0.000001 -0.000001 0.000000 0.000002 0.000008 0.000005 0.000005 0.000003 0.000000 0.000001 0.000006 0.000003 0.000001 -0.000000
-9999.000000 -9999.000000 -9999.000000 -9999.000000 -9999.000000 -9999.000000 -9999.000000 -9999.000000 -9999.000000 -9999.000000 0.000004 0.000013 0.000021 0.000022 0.000097 0.000441 0.000078 0.000070 -0.000104 -0.000020 -0.000027 -0.000027 -0.000020 -0.000007 -0.000021 -0.000017 -0.000016 -0.000016 -0.000004 -0.000003 0.001930 0.000019 0.000021 0.000017 0.000005 0.000015 0.000022 0.000010 0.000013 0.000012 0.000016 0.000016 2.187162 2.868648 2.347349 1.226879 -0.000004 -0.000003 -0.000001 -0.000001 0.000000 0.000003 0.000000 0.000000 0.000000 -0.000000 -0.000000 -0.000000 -0.000000 -0.000000 -0.000003
-9999.000000 -9999.000000 -9999.000000 -9999.000000 -9999.000000 -9999.000000 -9999.000000 -9999.000000 -9999.000000 -9999.000000 0.000003 0.000013 0.000027 0.000017 0.000018 0.000185 0.000032 0.000085 0.005845 -0.000802 -0.000027 -0.000027 -0.000020 -0.000006 -0.000016 -0.000018 -0.000013 -0.000256 0.000086 0.000733 0.001376 0.000026 0.000027 0.000027 0.000018 0.000030 0.000012 0.000008 0.000011 0.000008 0.000021 0.000012 1.514160 3.023762 2.497354 1.529372 0.000001 0.000001 -0.000000 -0.000005 -0.000000 0.000000 0.000000 -0.000008 -0.000010 -0.000004 -0.000004 -0.000001 -0.000001 -0.000002 -0.000005
-9999.000000 -9999.000000 -9999.000000 -9999.000000 -9999.000000 -9999.000000 -9999.000000 -9999.000000 -9999.000000 -9999.000000 0.000000 0.000007 0.000017 0.000009 0.000013 0.000132 0.000116 0.000072 0.000044 0.000028 0.000034 -0.000279 -0.000809 -0.000295 -0.000733 -0.000229 0.000294 0.000097 0.000174 0.000514 0.000399 0.000025 0.000021 0.000046 0.000033 0.000019 0.000006 0.000016 0.000016 0.000004 0.000007 0.000003 1.228230 3.237194 2.795963 2.065417 -0.000000 -0.000000 -0.000001 -0.000019 -0.000003 -0.000005 -0.000001 -0.000074 -0.000015 -0.000012 -0.000011 -0.000008 -0.000015 -0.000005 -0.000012
-9999.000000 -9999.000000 -9999.000000 -9999.000000 -9999.000000 -9999.000000 -9999.000000 -9999.000000 -9999.000000 -9999.000000 -9999.000000 0.000002 0.000007 0.000002 0.000002 0.000479 0.000030 0.000013 0.000017 0.000022 0.000027 0.000025 0.000018 0.000020 0.000056 0.000002 0.000008 0.000006 0.000241 0.000882 0.000023 0.000027 0.000031 0.000028 0.000049 0.000027 0.000007 0.000012 0.000009 0.000001 0.000000 0.000000 0.000001 2.676053 2.802989 2.462661 1.005881 1.335357 -0.000002 -0.000040 -0.000007 -0.000007 -0.000002 -0.000082 -0.000016 -0.000013 -0.000025 -0.000007 -0.000017 -0.000014 -0.000019
-9999.000000 -9999.000000 -9999.000000 -9999.000000 -9999.000000 -9999.000000 -9999.000000 -9999.000000 -9999.000000 -9999.000000 -9999.000000 0.000000 0.000008 0.000004 0.000006 0.000451 0.000031 0.000026 0.000010 0.000021 0.000037 0.000025 0.000030 0.000033 0.000467 0.000012 0.000005 0.000012 0.000827 0.000247 0.000036 0.000033 0.000031 0.000024 0.000041 0.000030 0.000007 0.000007 0.000001 0.000000 0.000000 -0.000000 -0.000000 1.271097 1.567752 2.090660 1.013977 1.765418 1.226578 1.182704 -0.000013 -0.000006 -0.000002 -0.000074 -0.000011 -0.000009 -0.000008 -0.000010 -0.000014 -0.019508 -0.000399
-9999.000000 -9999.000000 -9999.000000 -9999.000000 -9999.000000 -9999.000000 -9999.000000 -9999.000000 -9999.000000 -9999.000000 -9999.000000 -0.000001 0.000007 0.000005 0.000057 0.000300 0.000024 0.000024 0.000011 0.000016 0.000025 0.000033 0.000033 0.000047 0.000226 0.000011 0.000008 0.000023 0.001020 0.000034 0.000042 0.000034 0.000028 0.000022 0.000013 0.000028 0.000006 0.000000 0.000000 -0.000000 -0.000002 -0.000009 -0.000004 0.813127 0.994047 1.655593 1.007884 1.962247 1.470245 1.251591 -0.000052 -0.000102 -0.000043 -0.000078 -0.000002 -0.000004 -0.000008 -0.004409 -0.006049 0.000421 0.000003
-9999.000000 -9999.000000 -9999.000000 -9999.000000 -9999.000000 -9999.000000 -9999.000000 -9999.000000 -9999.000000 -9999.000000 -9999.000000 -0.000001 0.000001 0.000003 0.000257 0.000046 0.000029 0.000021 0.000015 0.000006 0.000017 0.000029 0.000019 0.000055 0.000175 0.000006 0.000015 0.000048 0.001009 0.000020 0.000038 0.000028 0.000023 0.000014 0.000006 0.000012 0.000002 -0.000002 -0.000004 -0.000001 -0.000060 -0.000031 0.000273 0.000742 0.000071 1.395842 1.030517 1.963715 2.359949 2.438083 1.790410 -0.000000 -0.000002 -0.000000 -0.000000 -0.000002 -0.001370 -0.006933 0.000009 0.000002 0.000000
-9999.000000 -9999.000000 -9999.000000 -9999.000000 -9999.000000 -9999.000000 -9999.000000 -9999.000000 -9999.000000 -9999.000000 -9999.000000 -9999.000000 0.000000 0.000006 0.000250 0.000054 0.000037 0.000016 0.000011 0.000004 0.000012 0.000014 0.000011 0.000100 0.000108 0.000006 0.000011 0.000058 0.001206 0.000012 0.000016 0.000017 0.000016 0.000010 0.000006 0.000007 0.000000 -0.000004 -0.000012 -0.000005 0.000115 0.000168 0.000059 0.000047 0.000143 0.000004 0.000001 1.772531 2.399857 2.598508 1.858295 1.370294 -0.000004 -0.000002 -0.000001 -0.001406 -0.000588 0.000015 0.000001 -0.000000 -0.000000
-9999.000000 -9999.000000 -9999.000000 -9999.000000 -9999.000000 -9999.000000 -9999.000000 -9999.000000 -9999.000000 -9999.000000 -9999.000000 -9999.000000 0.000000 0.000039 0.000168 0.000033 0.000044 0.000013 0.000007 0.000003 0.000007 0.000011 0.000005 0.000134 0.000012 0.000004 0.000003 0.000030 0.001145 0.000013 0.000009 0.000012 0.000009 0.000003 0.000006 0.000001 0.000000 -0.000004 -0.000014 -0.000301 0.000595 0.000003 0.000005 0.000007 0.000027 0.000002 0.000000 0.000000 2.075466 2.369713 1.915975 1.446476 1.615603 -0.000002 -0.002283 -0.002683 0.000001 -0.000000 -0.000000 -0.000000 -0.000003
-9999.000000 -9999.000000 -9999.000000 -9999.000000 -9999.000000 -9999.000000 -9999.000000 -9999.000000 -9999.000000 -9999.000000 -9999.000000 -9999.000000 0.000000 0.000045 0.000035 0.000022 0.000039 0.000019 0.000011 0.000006 0.000002 0.000008 0.000017 0.000060 0.000004 0.000000 0.000000 0.000238 0.000831 0.000038 0.000019 0.000012 0.000008 0.000002 0.000001 0.000000 -0.000000 0.000000 0.000006 0.000708 0.000068 0.000004 0.000002 0.000003 0.000007 0.000002 -0.000000 -0.000045 1.646544 2.136093 1.811235 1.427144 1.855938 1.671801 -0.000740 -0.000000 -0.000000 -0.000001 -0.000003 -0.000004 -0.000003
-9999.000000 -9999.000000 -9999.000000 -9999.000000 -9999.000000 -9999.000000 -9999.000000 -9999.000000 -9999.000000 -9999.000000 -9999.000000 -9999.000000 -9999.000000 0.000000 0.000021 0.000019 0.000032 0.000025 0.000014 0.000007 0.000002 0.000003 0.000011 0.000004 0.000000 -0.000002 0.000234 0.000981 0.000070 0.000053 0.000017 0.000008 0.000007 0.000003 0.000001 -0.000001 -0.000001 0.000000 0.000010 0.000169 0.000183 0.000005 0.000003 0.000001 0.000001 0.000001 -0.000003 0.011718 0.000004 1.671012 1.656708 1.367591 2.219397 1.759227 0.927344 1.017246 -0.000001 -0.000022 -0.000009 -0.000006 -0.000002
-9999.000000 -9999.000000 -9999.000000 -9999.000000 -9999.000000 -9999.000000 -9999.000000 -9999.000000 -9999.000000 -9999.000000 -9999.000000 -9999.000000 -9999.000000 0.000000 0.000026 0.000013 0.000023 0.000015 0.000009 0.000003 0.000001 0.000000 0.000000 0.000000 -0.000004 0.000130 0.000780 0.000096 0.000075 0.000071 0.000026 0.000011 0.000009 0.000004 0.000001 -0.000002 -0.000004 -0.000000 0.000003 0.000002 0.000326 0.000007 0.000004 0.000001 0.000000 0.000000 -0.000229 0.002596 0.000004 0.000001 1.332693 1.152833 2.327140 2.116013 0.932421 0.944126 0.570527 0.627520 0.981512 -0.000008 -0.000004
-9999.000000 -9999.000000 -9999.000000 -9999.000000 -9999.000000 -9999.000000 -9999.000000 -9999.000000 -9999.000000 -9999.000000 -9999.000000 -9999.000000 -9999.000000 -9999.000000 0.000012 0.000016 0.000030 0.000012 0.000006 0.000003 0.000000 -0.000000 -0.000004 -0.000013 0.000145 0.000600 0.000011 0.000100 0.000078 0.000049 0.000064 0.000015 0.000011 0.000004 0.000000 -0.000001 -0.000002 -0.000002 -0.000000 -0.000000 0.000305 0.000002 0.000001 0.000001 -0.000001 -0.000002 0.004145 0.000005 0.000001 0.000001 0.000036 0.000003 2.006863 2.081940 1.395701 1.018746 0.603260 0.653447 0.775450 0.262202 0.078677
-9999.000000 -9999.000000 -9999.000000 -9999.000000 -9999.000000 -9999.000000 -9999.000000 -9999.000000 -9999.000000 -9999.000000 -9999.000000 -9999.000000 -9999.000000 -9999.000000 0.000000 0.000007 0.000016 0.000007 0.000002 0.000003 -0.000000 -0.000004 -0.000013 0.048583 0.000008 0.000099 0.000015 0.000005 0.000070 0.000045 0.000046 0.000012 0.000004 0.000008 0.000002 -0.000002 -0.000003 -0.000008 0.000015 0.000213 0.000357 0.000000 0.000000 0.000000 -0.000003 0.055868 0.001123 0.000002 0.000008 0.000001 0.000106 0.000003 0.000008 1.557250 1.246152 0.672274 0.500244 0.517167 0.520252 0.297715 0.100469
-9999.000000 -9999.000000 -9999.000000 -9999.000000 -9999.000000 -9999.000000 -9999.000000 -9999.000000 -9999.000000 -9999.000000 -9999.000000 -9999.000000 -9999.000000 -9999.000000 -9999.000000 0.000000 0.000004 0.000003 0.000001 0.000002 0.000003 0.000033 0.000270 0.000023 0.000010 0.000060 0.000011 0.000004 0.000010 0.000058 0.000028 0.000010 0.000003 0.000005 0.000002 -0.000000 -0.000003 -0.000000 0.000078 0.000131 0.000056 -0.000015 -0.000013 -0.000005 -0.001472 0.001700 0.000003 0.000002 0.000004 0.000388 0.000006 0.000004 0.000003 0.000007 0.832715 0.421306 0.326421 0.386503 0.397437 0.341683 0.079038
-9999.000000 -9999.000000 -9999.000000 -9999.000000 -9999.000000 -9999.000000 -9999.000000 -9999.000000 -9999.000000 -9999.000000 -9999.000000 -9999.000000 -9999.000000 -9999.000000 -9999.000000 -9999.000000 0.000000 0.000000 0.000000 0.000003 0.000007 0.000023 0.000125 0.000020 0.000016 0.000021 0.000007 0.000002 0.000004 0.000006 0.000023 0.000005 0.000002 0.000001 0.000001 0.000000 -0.000001 0.000036 0.000317 0.000100 0.000062 -0.000015 -0.000036 -0.001230 0.004611 0.000005 0.000001 0.000003 0.000004 0.000010 0.000001 0.000000 0.000000 0.000002 0.000020 0.000010 0.000002 0.000010 0.000005 0.298827 0.063925
-9999.000000 -9999.000000 -9999.000000 -9999.000000 -9999.000000 -9999.000000 -9999.000000 -9999.000000 -9999.000000 -9999.000000 -9999.000000 -9999.000000 -9999.000000 -9999.000000 -9999.000000 -9999.000000 -9999.000000 -9999.000000 0.000000 0.000001 0.000004 0.000016 0.000048 0.000009 0.000013 0.000005 0.000002 0.000000 0.000000 0.000000 0.000000 0.000001 0.000000 0.000000 0.000000 0.000000 -0.000002 0.000153 0.000155 0.000130 0.000073 -0.000004 0.003178 0.000598 0.000016 0.000007 0.000000 0.000000 0.000001 0.000000 -0.000000 -0.000000 0.000000 0.000000 0.000001 0.000008 0.000002 0.000004 0.000011 0.000013 0.000016
-9999.000000 -9999.000000 -9999.000000 -9999.000000 -9999.000000 -9999.000000 -9999.000000 -9999.000000 -9999.000000 -9999.000000 -9999.000000 -9999.000000 -9999.000000 -9999.000000 -9999.000000 -9999.000000 -9999.000000 -9999.000000 -9999.000000 0.000000 0.000000 0.000010 0.000004 0.000003 0.000002 0.000000 0.000000 -0.000000 -0.000004 -0.000019 -0.000002 0.000000 0.000000 -0.000001 -0.000002 -0.000004 0.000102 0.000308 0.000129 0.000074 0.000046 0.000007 0.001793 0.000012 0.000013 0.000015 0.000000 -0.000000 -0.000000 0.000016 0.000140 -0.000050 -0.000002 -0.000003 0.000000 0.000000 0.000001 0.000005 0.000019 0.000013 0.000020
-9999.000000 -9999.000000 -9999.000000 -9999.000000 -9999.000000 -9999.000000 -9999.000000 -9999.000000 -9999.000000 -9999.000000 -9999.000000 -9999.000000 -9999.000000 -9999.000000 -9999.000000 -9999.000000 -9999.000000 -9999.000000 -9999.000000 -9999.000000 -9999.000000 0.000000 0.000000 0.000000 0.000000 -0.000000 -0.000004 -0.000006 -0.000012 -0.000062 -0.000005 -0.000000 -0.000001 -0.000003 -0.000006 -0.000062 0.000419 0.000006 0.000022 0.000021 0.000014 0.000012 0.001015 0.000016 0.000012 0.000005 0.000058 0.000013 0.000031 0.000091 0.003958 -0.003061 -0.002025 -0.000007 -0.000002 -0.000000 0.000000 0.000003 0.000003 0.000012 0.000013
