hipims_case/output/hUy_900.asc
ncols 269
nrows 269
xllcorner 0.000000
yllcorner 0.000000
cellsize 10.000000
NODATA_value -9999.000000
[rows 108 to 134 of 269, columns 124 to 185 of 269]
0.000000 0.000000 0.000000 0.000000 0.000000 0.000000 0.000000 0.000000 0.000000 0.000080 0.000024 0.000051 0.000028 0.000014 0.000032 0.000146 0.000022 0.000000 -0.000005 -0.000029 0.000475 0.000651 0.001138 0.000000 0.000000 0.000312 0.000000 -0.000055 -0.000059 -0.000016 0.002180 0.013614 0.000033 0.000089 0.000103 0.002097 0.007009 0.009894 0.020556 0.012284 0.000596 -0.000066 -0.000021 -0.005027 -0.007360 -0.000727 0.000072 0.000074 0.000060 0.000008 0.000000 0.000018 0.000000 0.000000 0.000000 0.000000 -0.000143 -0.000026 -0.000007 -0.000007 -0.000028 -0.000092
0.000000 0.000000 0.000000 0.000000 0.000000 0.000000 0.000000 0.000000 0.000000 0.000000 0.000000 0.000000 0.000000 0.000000 0.000000 0.000000 0.000000 -0.000005 0.000069 0.000241 0.000186 0.000208 0.000294 0.000051 0.000183 0.000350 -0.000007 -0.000213 -0.001055 -0.000328 0.007339 0.000290 0.000043 0.000073 0.000098 0.000121 0.000433 0.003627 0.016933 0.018738 0.015370 -0.005339 -0.005815 -0.005906 -0.000336 0.000001 0.000005 0.000020 0.000008 0.000004 -0.000001 0.000005 -0.000023 -0.000018 -0.000046 -0.000057 -0.000634 -0.000128 -0.000065 -0.000029 -0.000399 -0.000154
0.000000 0.000000 0.000000 0.000000 0.000000 0.000000 0.000000 0.000000 0.000000 -0.000127 -0.000015 -0.000000 -0.000023 -0.000011 -0.000012 -0.000027 -0.000060 0.000041 0.000122 0.000218 0.000131 0.000117 0.000090 0.000038 0.000033 0.000026 -0.000014 0.000790 0.002053 0.000407 0.003704 0.000358 0.000056 0.000039 0.000112 0.000128 0.000142 0.000295 0.014150 0.010291 0.015630 0.012780 0.006655 -0.003445 -0.000047 -0.000000 -0.000000 -0.000000 -0.000000 -0.000000 -0.000004 -0.000000 -0.000043 -0.000085 -0.000130 -0.000161 -0.001151 -0.000182 -0.000115 -0.000046 -0.000899 -0.000185
0.000000 0.000000 0.000000 0.000000 0.000000 0.000000 0.000000 0.000000 0.000000 -0.000462 -0.000100 -0.000000 -0.000043 -0.000020 -0.000051 -0.000507 -0.000136 0.000050 0.000029 0.000059 0.000083 0.000046 0.000006 0.000000 0.000000 0.000000 0.000763 0.002680 0.000784 0.000406 0.003074 0.000784 0.000001 0.000045 0.000099 0.000131 0.000141 0.000181 0.011740 0.000079 0.000040 0.002821 0.044296 0.008049 -0.000144 -0.000011 -0.000007 -0.000031 -0.000028 -0.000103 -0.000072 -0.000033 -0.000105 -0.000157 -0.000194 -0.001112 -0.000675 -0.000151 -0.000079 -0.000822 -0.000683 -0.000200
0.000000 0.000000 0.000000 0.000000 0.000000 0.000000 0.000000 0.000000 0.000000 -0.000841 -0.000168 -0.000065 -0.000069 -0.000029 -0.000646 -0.000308 0.000004 0.000027 0.000025 0.000012 0.000011 0.000000 0.000000 -0.000010 -0.000019 0.000319 0.003233 0.000068 0.000173 0.000206 0.001840 0.002886 0.000051 0.000092 0.000038 0.000081 0.000071 0.000097 0.009605 0.000067 0.000061 0.000102 0.014872 0.038385 0.010953 -0.000665 -0.000409 -0.000111 -0.000087 -0.000212 -0.000059 -0.000089 -0.000146 -0.000185 -0.001082 -0.001045 -0.000452 -0.000074 -0.000118 -0.001329 -0.000420 -0.000106
0.000000 0.000000 0.000000 0.000000 0.000000 0.000000 -0.000001 -0.000001 -0.000004 -0.000430 -0.000142 -0.000139 -0.000057 -0.000090 -0.001171 -0.000077 0.000000 0.000000 0.000000 0.000000 0.000000 0.000031 0.000143 0.000205 0.000457 0.002652 0.000154 0.000092 0.000161 0.000288 0.000354 0.003440 0.000105 0.000102 0.000028 0.000017 0.000004 0.000029 0.012806 0.000087 0.000112 0.000049 0.000117 0.020091 0.058971 0.014012 0.062252 -0.036798 -0.000266 -0.000202 -0.000037 -0.000378 -0.000742 -0.000370 -0.000573 -0.000427 -0.000117 -0.000167 -0.000771 -0.004741 -0.001457 -0.000232
0.000000 0.000000 0.000000 0.000000 0.000000 0.000000 -0.000409 -0.000268 -0.000489 -0.000066 -0.000102 -0.000075 -0.000103 -0.002475 -0.000574 -0.000024 -0.000006 -0.000010 -0.000016 -0.000008 -0.000009 0.000039 0.000114 0.000181 0.000846 0.000332 0.000118 0.000231 0.000243 0.000325 0.000564 0.003426 0.000127 0.000073 0.000012 0.000000 0.000000 0.000136 0.015258 0.000148 0.000098 0.000051 0.000092 0.000108 0.000148 0.000640 0.031370 0.030168 -0.000448 0.000877 0.010719 0.004794 0.004463 0.001380 -0.001357 -0.001476 -0.006242 0.000082 0.010833 0.004021 -0.004424 0.000129
0.000000 0.000000 0.000000 0.000000 0.000000 0.000000 -0.001676 -0.000359 -0.000145 -0.000000 -0.000063 -0.000113 -0.002693 -0.000509 0.000018 0.000003 -0.000037 -0.000064 -0.000055 -0.000022 -0.000029 0.000022 0.000074 0.000133 0.000207 0.000405 0.000193 0.000257 0.000268 0.000354 0.000584 0.002632 0.000130 0.000049 0.000000 -0.000023 -0.000024 0.003471 0.010012 0.000147 0.000089 0.000061 0.000021 0.000050 0.000058 0.000033 0.000460 0.062481 0.012530 0.000041 0.003118 0.000744 0.001836 0.002538 0.001360 0.010466 0.004793 0.004231 0.003073 0.001578 0.000562 0.000210
0.000000 0.000000 0.000000 0.000000 0.000000 -0.000005 -0.000284 0.000000 0.000000 0.000000 -0.000049 -0.004806 -0.000152 0.000014 -0.000000 -0.000000 -0.000065 -0.000049 -0.000100 -0.000274 -0.000040 0.000000 0.000015 0.000033 0.000065 0.000158 0.000100 0.000163 0.000194 0.000271 0.000578 0.002180 0.000105 0.000016 -0.000011 -0.000060 -0.002505 0.011886 0.000220 0.000153 0.000107 0.000019 0.000000 0.000000 0.000000 0.000000 0.000128 0.035290 0.000088 0.000047 0.000116 0.000399 0.000076 0.001045 0.000219 0.000182 0.001004 0.000802 0.002327 0.001175 0.000150 0.000037
0.000000 0.000000 0.000000 0.000000 -0.000007 -0.000409 -0.000109 0.000000 0.000000 0.000000 -0.001877 -0.001919 -0.000000 -0.000000 -0.000012 -0.000036 -0.000050 -0.000103 -0.000518 -0.000183 -0.000061 -0.000002 -0.000000 -0.000000 0.000000 0.000022 0.000042 0.000114 0.000150 0.000298 0.000870 0.001247 0.000063 0.000000 -0.000039 -0.000053 0.010534 0.000260 0.000230 0.000199 0.000114 0.000006 -0.000026 -0.000036 -0.000036 -0.000022 0.002260 0.024247 0.000107 0.000068 0.000115 0.000171 0.000203 0.001729 0.000088 0.000191 0.000135 0.000553 0.004731 0.001628 0.000132 0.000046
0.000000 0.000000 0.000000 -0.000487 -0.001084 -0.002198 0.018939 0.000000 0.000000 0.000000 -0.032638 -0.000692 -0.000074 -0.000055 -0.000146 -0.000098 -0.000048 -0.001076 -0.000419 -0.000055 -0.000043 -0.000016 -0.000034 -0.000149 -0.000005 0.000000 0.000000 0.000087 0.000183 0.000364 0.001163 0.000133 0.000014 -0.000009 -0.000041 0.012506 0.012169 0.000212 0.000151 0.000193 0.000101 0.000000 -0.000043 -0.000060 -0.000064 -0.000438 0.021644 0.013508 0.000034 0.000078 0.000048 0.000139 0.000194 0.001537 0.000176 0.000060 0.000173 0.000238 0.001556 0.002523 0.000134 0.000045
0.000000 0.000000 0.000000 0.000000 0.000000 0.000000 0.015911 0.123463 0.007715 0.020909 0.013281 0.008081 0.000221 -0.001397 -0.005492 -0.000284 -0.000701 -0.000611 -0.000100 -0.000000 -0.000027 -0.000061 -0.000090 -0.001802 -0.000021 -0.000004 0.000049 0.000138 0.000242 0.000369 0.000154 0.000060 0.000000 0.000082 0.002308 0.009832 0.001277 0.000145 0.000142 0.000046 0.000122 0.000160 -0.000168 -0.000101 0.001076 0.000940 0.018377 0.005668 0.000000 0.000012 0.000028 0.000088 0.000154 0.001111 0.000157 0.000053 0.000149 0.000206 0.000254 0.004223 0.000177 0.000058
0.000000 0.000000 0.000000 0.000000 0.000000 0.000000 0.000000 0.002624 0.000452 0.000120 0.000132 0.000061 0.003547 0.004089 -0.036384 -0.089942 -0.000419 -0.000114 -0.000089 -0.000050 -0.000036 -0.002474 -0.013317 0.000899 0.000257 0.000867 0.000134 0.000065 0.000164 0.000079 0.000047 0.000000 0.000348 0.002111 0.000905 0.004321 0.003093 0.000116 0.000116 0.000040 0.000110 0.000090 0.000119 0.000582 0.000448 0.000443 0.006932 0.010296 -0.000003 0.000000 0.000000 0.000022 0.000074 0.000668 0.000137 0.000045 0.000128 0.000232 0.000289 0.003815 0.000235 0.000062
0.000000 0.000000 0.000000 0.000000 0.000000 0.000000 0.000000 0.001671 0.000975 0.000037 0.000066 0.000062 0.000123 0.000029 0.000093 0.044050 -0.004862 0.000979 -0.001810 -0.005324 -0.008519 -0.001511 0.000262 0.000223 0.000211 0.000466 0.000226 0.000098 0.000069 0.000043 0.000000 0.000033 0.002971 0.000055 0.000062 0.000154 0.006159 0.000116 0.000135 0.000035 0.000082 0.000140 0.000398 0.001082 0.000433 0.000281 0.000241 0.035583 -0.000030 -0.000045 -0.000026 0.000000 0.000013 0.000221 0.000101 0.000036 0.000110 0.000191 0.000272 0.002583 0.000231 0.000087
0.000000 0.000000 0.000000 0.000000 0.000000 0.000000 0.000000 0.000279 0.002369 0.000000 0.000000 0.000007 0.000025 0.000018 0.000064 0.000882 0.001931 0.000751 0.001646 0.005528 0.001710 0.000182 0.000166 0.000248 0.000211 0.000324 0.000355 0.000088 0.000034 0.000095 0.000100 0.031205 0.000099 0.000051 0.000000 0.000195 0.004592 0.000136 0.000148 0.000043 0.000090 0.000146 0.000803 0.001365 0.000082 0.000150 0.000146 0.023605 0.002200 -0.002288 -0.000090 -0.000051 0.000000 0.000000 0.000040 0.000020 0.000070 0.000125 0.000171 0.001726 0.000215 0.000142
0.000000 0.000000 0.000000 0.000000 0.000000 0.000001 0.000002 0.000001 0.002418 0.000100 -0.000000 0.000000 0.000000 0.000019 0.000084 0.002170 0.000213 0.000106 0.000037 0.000110 0.002584 0.000190 0.000077 0.000098 0.000127 0.000129 0.000285 0.000083 0.000033 0.000073 0.000099 0.002580 0.000035 0.000099 0.000170 0.000207 0.004631 0.000138 0.000131 0.000050 0.000139 0.000133 0.001333 0.000048 0.000123 0.000136 0.000116 0.010127 0.005198 0.004501 -0.003699 -0.000127 -0.000054 -0.000007 0.000000 0.000000 0.000019 0.000070 0.000113 0.001308 0.000260 0.000089
0.000000 0.000000 0.000000 0.000000 0.000000 0.000004 0.000007 0.000002 0.000037 0.053222 0.000530 0.000384 0.000200 0.000032 0.000135 0.002536 0.000266 0.000128 0.000031 0.000092 0.002018 0.000179 0.000007 0.000017 0.000040 0.000064 0.000200 0.000106 0.000037 0.000086 0.000124 0.002341 0.000052 0.000102 0.000096 0.000143 0.003434 0.000071 0.000103 0.000042 0.000110 0.000175 0.000908 0.000038 0.000077 0.000054 0.000038 0.006336 0.000144 0.000058 0.011410 -0.044573 -0.000137 -0.000092 -0.000032 -0.000046 0.000000 0.000018 0.000063 0.000933 0.000330 0.000085
0.000000 -0.000000 0.000001 0.000004 0.000004 0.000015 0.000013 0.000006 0.000067 0.000967 0.000206 0.000173 0.000111 0.000035 0.000115 0.001195 0.000266 0.000124 0.000028 0.000078 0.001292 0.000498 0.000000 0.000000 0.000000 0.000007 0.000091 0.000091 0.000029 0.000081 0.000120 0.001616 0.000105 0.000074 0.000068 0.000191 0.003093 0.000001 0.000083 0.000036 0.000118 0.000230 0.000462 0.000023 0.000018 0.000007 0.000002 0.005526 0.000179 0.000115 0.000049 0.010578 -0.005600 -0.000139 -0.000170 -0.000085 -0.000013 0.000000 0.000020 0.000068 0.000291 0.000061
-0.000000 -0.000000 0.000001 0.000005 0.000009 0.000014 0.000020 0.000020 0.000137 0.000599 0.000263 0.000157 0.000103 0.000035 0.000100 0.000615 0.000269 0.000070 0.000020 0.000057 0.000142 0.002149 -0.000003 -0.000011 -0.000008 0.000000 0.000000 0.000026 0.000026 0.000090 0.000150 0.001257 0.000050 0.000161 0.000146 0.000243 0.003096 0.000052 0.000089 0.000032 0.000109 0.000205 0.000097 0.000000 0.000000 0.000000 0.000000 0.007960 0.000102 0.000064 0.000036 0.000127 0.008855 -0.004682 -0.000154 -0.000089 -0.000058 -0.000038 0.000000 0.000000 0.000000 0.000005
0.000000 0.000000 0.000001 0.000003 0.000006 0.000018 0.000036 0.000057 0.000226 0.000230 0.000214 0.000121 0.000078 0.000027 0.000069 0.000097 0.000263 0.000035 0.000009 0.000023 0.000069 0.001208 0.000351 -0.000044 -0.000028 -0.000018 -0.000002 0.000000 0.000026 0.000088 0.000162 0.000642 0.000075 0.000149 0.000152 0.000238 0.001763 0.000084 0.000072 0.000024 0.000046 0.000049 0.000031 0.000000 -0.000000 -0.000000 -0.000000 0.013850 0.000111 0.000000 0.000013 0.000075 0.000138 0.007762 -0.002355 -0.000124 -0.000118 -0.000182 -0.000078 -0.000036 -0.000002 0.000000
0.000000 0.000000 0.000000 0.000001 0.000001 0.000011 0.000014 0.000015 0.000071 0.000100 0.000093 0.000070 0.000039 0.000017 0.000034 0.000033 0.000019 0.000000 0.000000 0.000000 0.000020 0.000045 0.000231 0.000005 -0.000018 -0.000079 -0.000029 -0.000001 0.000022 0.000026 0.000079 0.000231 0.000114 0.000144 0.000185 0.000277 0.001530 0.000125 0.000064 0.000009 0.000000 0.000000 0.000000 0.000000 0.000000 0.000000 0.000000 0.011802 0.000151 0.000000 0.000000 0.000028 0.000078 0.000132 0.015701 -0.001661 -0.001545 -0.002957 -0.000136 -0.000090 -0.000110 -0.000054
0.000000 0.000000 0.000000 0.000000 0.000000 0.000000 0.000001 0.000002 0.000008 0.000023 0.000020 0.000017 0.000001 0.000000 0.000000 0.000000 0.000000 -0.000007 -0.000069 -0.000003 -0.000000 0.000000 0.000011 -0.000000 -0.000036 -0.000182 -0.000072 -0.000020 0.000000 0.000015 0.000038 0.000090 0.000039 0.000060 0.000123 0.000209 0.000894 0.000122 0.000038 0.000000 -0.000021 -0.000010 -0.000008 -0.000022 -0.000012 -0.000038 0.001105 0.007387 0.000111 0.000000 0.000000 0.000021 0.000025 0.000120 0.001293 0.001288 0.000841 0.001582 0.033248 -0.000699 -0.000524 -0.000129
0.000000 -0.000000 -0.000000 0.000000 0.000000 0.000000 0.000000 0.000000 0.000000 0.000000 0.000000 0.000000 -0.000000 -0.000028 -0.000009 -0.000013 -0.000019 -0.000053 -0.000438 -0.000056 -0.000027 -0.000032 -0.000000 -0.000003 -0.000084 -0.000598 -0.000081 -0.000035 -0.000003 0.000000 0.000005 0.000007 0.000000 0.000000 0.000026 0.000083 0.000278 0.000066 0.000018 -0.000027 -0.000054 -0.000131 -0.000067 -0.000089 -0.000078 -0.000813 0.004788 0.000776 0.000201 0.000000 0.000000 0.000000 0.000011 0.000093 0.000181 0.001442 0.000140 0.000055 0.000364 0.001116 0.000696 -0.000115
0.000000 0.000000 0.000000 0.000000 -0.000000 -0.000000 -0.000000 -0.000000 -0.000000 -0.000001 -0.000023 -0.000049 -0.000219 -0.000070 -0.000022 -0.000046 -0.000064 -0.000120 -0.001006 -0.000140 -0.000099 -0.000075 -0.000021 -0.000053 -0.000527 -0.000498 -0.000042 -0.000025 -0.000020 -0.000014 0.000000 0.000000 -0.000001 -0.000008 -0.000000 0.000000 0.000002 0.000013 0.000010 -0.000079 -0.000136 -0.000458 -0.000481 -0.000193 -0.000166 0.000527 0.002454 0.000045 0.003109 0.000104 -0.000017 -0.000006 0.000000 0.000035 0.000069 0.000672 0.000189 0.000075 0.000655 0.000126 0.000046 0.001045
0.000000 0.000000 0.000000 -0.000000 -0.000000 -0.000000 -0.000000 -0.000001 -0.000001 -0.000001 -0.000051 -0.000109 -0.000657 -0.000116 -0.000024 -0.000064 -0.000121 -0.000177 -0.001817 -0.000269 -0.000183 -0.000104 -0.000033 -0.000097 -0.003380 0.000211 0.000042 -0.000020 -0.000058 -0.000066 -0.000037 -0.000016 -0.000047 -0.000070 -0.000215 -0.000020 0.000000 0.000000 0.000000 0.000000 0.000000 0.000004 -0.000132 -0.000574 -0.000173 0.002879 0.000118 0.000051 0.000091 0.001957 -0.000289 -0.000048 -0.000031 0.000000 0.000000 0.000209 0.000131 0.000118 0.000349 0.000124 0.000038 0.001567
0.000000 0.000000 0.000000 0.000000 -0.000000 -0.000000 -0.000000 -0.000000 -0.000000 -0.000000 -0.000066 -0.000879 -0.000416 -0.000104 -0.000027 -0.000075 -0.000000 -0.000021 -0.002095 -0.000213 -0.000089 -0.000141 -0.003596 -0.001593 0.000983 0.000036 0.000041 -0.000023 -0.000104 -0.000091 -0.000133 -0.000031 -0.000087 -0.000131 -0.000719 -0.000081 -0.000013 -0.000008 -0.000018 -0.000022 -0.000027 -0.000000 -0.000000 -0.000000 -0.000200 0.002135 0.000075 0.000063 0.000033 0.000068 0.001257 -0.000213 -0.000144 -0.000035 -0.000007 0.000000 0.000035 0.000023 0.000181 0.000077 0.000029 0.000088
0.000000 0.000000 0.000000 0.000000 0.000000 -0.000000 -0.000000 -0.000000 -0.000000 -0.000000 -0.000060 -0.001526 -0.000217 -0.000074 -0.000117 -0.000082 -0.000005 0.000003 -0.000649 -0.004118 -0.000044 -0.004891 -0.000778 0.000013 0.000021 0.000020 0.000015 -0.000036 -0.000120 -0.000424 -0.000152 -0.000057 -0.000049 -0.000150 -0.001376 -0.000102 -0.000032 -0.000012 -0.000028 -0.000033 -0.000036 -0.000017 -0.000017 -0.000015 0.000811 0.000018 0.000019 0.000015 0.000006 0.000017 0.000027 0.000883 0.000164 -0.000006 -0.000007 -0.000003 0.000000 0.000000 0.000005 0.000004 0.000014 0.000103
