hipims_case/output/hUy_4500.asc
ncols 269
nrows 269
xllcorner 0.000000
yllcorner 0.000000
cellsize 10.000000
NODATA_value -9999.000000
[rows 27 to 53 of 269, columns 122 to 182 of 269]
-0.000025 -0.000095 -0.000004 -0.000010 -0.000017 -0.000584 0.000000 -0.000000 -0.000000 -0.000000 -0.000000 -0.000002 0.000000 -0.000022 -0.000492 -0.000044 -0.000117 -0.000003 -0.000005 -0.000002 -0.000006 -0.000343 -0.000038 -0.000004 -0.000002 -0.000002 -0.000000 -0.000000 -0.000000 -0.001305 -0.003306 0.000008 0.000001 -0.000000 -0.000003 -0.000008 -0.000009 -0.000143 -0.000018 -0.000013 -0.000008 -0.000006 -0.000003 -0.000008 -0.000013 -0.000096 -0.000009 -0.000004 -0.000010 -0.000133 -0.000008 -0.000007 -0.000003 -0.000086 -0.000068 -0.000011 -0.000011 -0.000012 -0.000009 -0.000013 -0.000004
-0.000104 -0.000046 -0.000003 -0.000010 -0.000366 -0.000182 -0.000000 -0.000000 -0.000004 -0.000002 -0.000001 -0.000002 -0.000000 -0.000000 -0.000247 -0.000038 0.000000 0.000002 -0.000002 -0.000008 -0.000008 -0.000416 -0.000019 -0.000004 -0.000003 -0.000020 -0.000004 -0.000002 -0.000004 -0.001638 0.000010 0.000007 0.000000 -0.000000 -0.000003 -0.000007 -0.000080 -0.000070 -0.000010 -0.000011 -0.000012 -0.000008 -0.000003 -0.000008 -0.000018 -0.000131 -0.000008 -0.000003 -0.000129 -0.000067 -0.000005 -0.000003 -0.000007 -0.000150 -0.000026 -0.000032 -0.000021 -0.000064 -0.000061 -0.000022 -0.000004
-0.118959 -0.058243 -0.012007 0.002984 0.001948 -0.000051 -0.000003 -0.000005 -0.000018 -0.000010 -0.000009 -0.000004 -0.000005 -0.000004 -0.000265 0.000000 0.000000 0.000000 0.000000 0.000000 0.000000 -0.000609 -0.000013 -0.000007 -0.000011 -0.000054 -0.000009 -0.000003 -0.003687 0.002701 0.000010 0.000009 0.000005 0.000002 -0.000003 -0.000006 -0.000110 -0.000037 -0.000008 -0.000021 -0.000013 -0.000009 -0.000003 -0.000009 -0.000017 -0.000148 -0.000005 -0.000007 -0.000312 -0.000035 -0.000007 -0.000003 -0.000609 -0.005854 0.000030 0.000048 0.000025 0.000067 0.000002 0.000002 0.000000
-0.128831 -0.021243 0.038097 0.097805 0.159158 0.064802 -0.001635 -0.000017 -0.000018 -0.000015 -0.000008 -0.000011 -0.000011 -0.000052 -0.000959 -0.000000 -0.000001 -0.000001 -0.000001 -0.000004 -0.000003 -0.001457 -0.003412 -0.011745 -0.031785 -0.005365 -0.022275 -0.022077 0.001005 0.000014 0.000006 0.000005 0.000003 0.000001 0.000001 0.000000 0.000003 -0.000281 -0.000031 -0.000027 -0.000018 -0.000011 -0.000004 -0.000010 -0.000221 -0.000086 -0.000003 -0.000008 -0.000373 -0.000070 -0.000114 -0.000396 -0.000097 0.000009 0.000007 0.000012 0.000007 0.000003 0.000001 -0.000000 -0.000000
-0.106847 0.025200 0.000834 0.018506 0.098199 0.168732 0.139623 -0.028237 -0.000014 -0.000027 -0.000175 -0.045296 -0.097633 0.030147 -0.009563 -0.000000 -0.000003 -0.000003 -0.000006 -0.000009 -0.000008 -0.011409 0.013630 0.001010 0.000011 0.000003 0.000007 0.000094 0.000018 0.000011 0.000003 0.000001 0.000001 0.000000 0.000001 0.000003 0.000005 -0.000029 -0.000497 -0.000017 -0.000011 -0.000005 -0.000008 -0.000011 -0.000214 -0.000026 -0.000015 -0.048996 -0.077691 -0.000078 0.000021 0.000453 0.000008 0.000006 0.000003 0.000002 0.000003 0.000000 0.000000 -0.000006 -0.000006
-0.031967 0.000017 0.000009 0.000004 0.000006 0.023217 0.123071 0.039707 0.014670 -0.018783 -0.017167 -0.037768 -0.039299 0.056556 0.094686 -0.000003 -0.000007 -0.000004 -0.000010 -0.000010 -0.030364 0.004625 0.000008 0.000009 0.000006 0.000002 0.000005 0.000034 0.000012 0.000008 0.000001 0.000000 0.000000 0.000000 0.000000 0.000002 0.000002 0.000001 -0.000700 -0.000013 -0.000008 -0.000003 -0.000009 -0.001420 -0.001207 0.000146 -0.001573 0.001468 0.000026 0.000015 0.000012 0.000010 0.000006 0.000002 -0.000000 -0.000000 -0.000000 -0.000000 -0.000003 -0.000015 -0.000040
0.000360 0.000016 0.000008 0.000005 0.000002 0.000007 0.000037 0.036091 0.044143 -0.005261 0.036752 0.028148 0.020502 0.056558 0.128278 -0.001318 -0.000007 -0.000003 -0.000010 -0.012602 0.000357 0.000005 0.000004 0.000002 0.000001 0.000000 0.000000 0.000001 0.000002 0.000006 -0.000000 -0.000000 -0.000000 -0.000000 -0.000000 -0.000000 -0.000000 -0.000000 -0.000198 -0.000264 -0.000006 -0.000008 -0.044255 -0.006182 -0.000061 0.000005 0.000007 0.000007 0.000018 0.000009 0.000007 0.000003 0.000001 -0.000000 -0.000000 -0.000003 -0.000002 -0.000005 -0.000009 -0.000073 -0.000030
0.000009 0.000006 0.000006 0.000004 0.000002 0.000005 0.000014 0.000012 0.000013 0.000033 0.000142 0.000006 0.000002 0.018899 0.155198 0.023447 -0.005865 -0.006992 -0.016271 0.000492 0.000002 0.000002 0.000000 0.000000 0.000000 -0.000008 -0.000001 0.000000 0.000000 -0.000000 -0.000001 -0.000004 -0.000003 -0.000002 -0.000002 -0.000002 -0.000001 -0.000002 -0.000058 -0.032389 -0.026058 -0.002475 0.001662 0.000021 0.000012 0.000004 0.000002 0.000001 0.000004 0.000002 0.000001 -0.000000 -0.000000 -0.000001 -0.000007 -0.000026 -0.000003 -0.000009 -0.000089 -0.000051 -0.000020
0.000002 0.000001 0.000002 0.000001 0.000001 0.000001 0.000014 0.000003 0.000006 0.000012 0.000063 0.000003 0.000004 0.000275 0.116706 0.054341 -0.004576 -0.001633 0.000010 0.000002 0.000000 -0.000000 -0.000001 -0.000003 -0.000001 -0.000026 -0.000004 -0.000002 -0.000016 -0.000005 -0.000003 -0.000018 -0.000003 -0.000005 -0.000006 -0.000007 -0.000009 -0.000006 -0.016195 0.002234 0.000005 0.000008 0.000007 0.000020 0.000014 0.000007 0.000003 0.000000 -0.000000 -0.000000 -0.000000 -0.000001 -0.000004 -0.000007 -0.000018 -0.000094 -0.000004 -0.000010 -0.000137 -0.000026 -0.000011
0.000000 0.000000 0.000000 0.000000 0.000000 0.000000 0.000002 0.000002 0.000003 0.000012 0.000061 0.000004 0.000003 0.000054 0.078098 0.073521 0.000989 0.000000 0.000001 -0.000000 -0.000000 -0.000003 -0.000007 -0.000007 -0.000003 -0.000054 -0.000011 -0.000025 -0.000020 -0.000013 -0.000009 -0.000009 -0.000016 -0.000008 -0.000011 -0.000014 -0.000015 -0.008353 -0.000450 0.000002 0.000000 0.000000 0.000000 0.000001 0.000003 0.000002 0.000001 -0.000000 -0.000001 -0.000003 -0.000002 -0.000005 -0.000010 -0.000014 -0.000023 -0.000168 -0.000043 -0.000115 -0.000048 -0.000013 -0.000005
-0.000002 -0.000002 -0.000007 -0.000004 -0.000002 -0.000001 0.000000 0.000000 0.000000 0.000005 0.000005 0.000003 0.000000 0.000046 0.041156 0.101005 0.012748 -0.000000 -0.000000 -0.000000 -0.000000 -0.000018 -0.000008 -0.000014 -0.000003 -0.000160 -0.000095 -0.000053 -0.000013 -0.000011 -0.000005 -0.000011 -0.000020 -0.000026 -0.000014 -0.000018 -0.000013 -0.008974 -0.000000 -0.000000 -0.000000 -0.000000 -0.000000 -0.000000 -0.000000 -0.000000 -0.000000 -0.000001 -0.000006 -0.000010 -0.000010 -0.000013 -0.000026 -0.000015 -0.000183 -0.000134 -0.000033 -0.000053 -0.000013 -0.000015 -0.000049
-0.000418 0.000220 0.000182 0.000191 -0.000095 -0.000004 -0.000001 -0.000002 -0.000001 0.000000 0.000002 0.000000 0.000000 0.000017 0.004551 0.115501 0.061176 0.000040 -0.000003 -0.000004 -0.000005 -0.000008 -0.000008 -0.000181 -0.000063 -0.000038 -0.000000 -0.000000 -0.000009 -0.000005 -0.000009 -0.000012 -0.000020 -0.000047 -0.000154 -0.000009 -0.021436 -0.015523 -0.000001 -0.000004 -0.000006 -0.000007 -0.000004 -0.000001 -0.000002 -0.000002 -0.000001 -0.000005 -0.000016 -0.000012 -0.000017 -0.000019 -0.000023 -0.000023 -0.000255 -0.000089 -0.000035 -0.000033 -0.000021 -0.000044 -0.000035
-0.000064 0.000023 0.000059 0.000105 0.000693 0.000146 -0.000385 -0.000008 -0.000006 -0.000001 0.000001 0.000006 0.000022 0.000050 0.000018 0.041801 0.105716 0.060435 0.023167 0.022165 -0.010136 -0.000503 -0.000013 -0.000839 -0.000037 -0.000014 -0.000003 -0.000002 -0.000013 -0.000008 -0.000018 -0.002236 -0.040440 -0.015792 -0.003803 0.000962 0.003113 0.034805 0.030729 -0.001491 -0.000037 -0.000011 -0.000008 -0.000004 -0.000006 -0.000003 -0.000006 -0.000011 -0.000026 -0.000013 -0.000029 -0.013633 -0.049394 -0.035430 -0.016338 -0.000046 -0.000029 -0.000019 -0.000033 -0.000130 -0.000023
0.000149 0.000002 0.000012 0.000013 0.000006 0.000149 0.021657 0.001877 0.000177 -0.000003 0.000001 0.000007 0.000049 0.000004 0.000007 0.000011 0.012785 0.043974 0.031672 0.043962 0.045141 0.057795 0.032853 -0.006706 -0.007725 -0.000010 -0.000003 -0.000053 -0.020937 -0.073187 -0.009716 -0.026618 -0.060950 -0.013650 0.010057 0.011930 0.013837 0.015307 0.027163 0.048189 -0.002343 -0.000016 -0.000011 -0.000011 -0.000010 -0.000003 -0.000010 -0.000016 -0.005502 -0.076983 -0.002179 -0.000035 -0.013013 -0.005463 0.003633 -0.002967 -0.017812 -0.004125 -0.010172 -0.000153 -0.000213
0.000421 0.000000 0.000001 0.000013 0.000015 0.000005 0.000044 0.000008 0.000775 -0.000045 0.000000 0.000003 0.000049 0.000011 0.000003 0.000011 0.000014 0.000021 0.006936 0.008639 0.044191 0.038139 0.043797 0.025392 0.032908 -0.005823 -0.006320 0.005405 -0.012536 -0.039382 -0.002869 -0.006387 -0.011851 0.000027 0.000004 0.000005 0.000005 0.000004 0.000227 0.029492 0.061609 -0.003514 -0.000044 -0.000009 -0.000031 -0.000063 -0.035443 -0.014040 -0.009499 -0.036049 -0.000112 0.017837 0.005025 0.000039 0.000005 0.025669 0.056392 0.046857 0.038775 0.016272 -0.062399
0.000375 0.000099 0.000000 0.000006 0.000017 0.000006 0.000024 0.000015 0.000016 0.000254 -0.000001 0.000002 0.000029 0.000013 0.000004 0.000018 0.000023 0.000027 0.000033 0.000018 0.000060 0.004992 0.015409 0.015897 0.027032 -0.010409 0.008324 0.030074 -0.003685 -0.003067 0.004901 0.007285 0.000504 0.000000 0.000000 0.000001 0.000002 0.000005 0.000006 0.000253 0.035456 0.012501 0.003519 0.001718 0.000127 -0.003717 -0.028627 -0.021723 -0.003068 0.033414 0.000610 0.000033 0.000021 0.000016 0.000006 0.000040 0.000087 0.000026 0.000013 0.000005 0.000013
0.000018 0.000321 0.000061 0.000004 0.000013 0.000007 0.000010 0.000013 0.000019 0.000622 -0.000006 0.000000 0.000004 0.000007 0.000004 0.000029 0.000015 0.000021 0.000021 0.000036 0.000042 0.000007 0.003126 0.000018 0.000005 0.000283 0.000007 0.000004 0.000035 0.001162 0.000002 0.013373 0.011128 -0.000001 -0.000000 0.000000 0.000000 0.000001 0.000003 0.000005 0.000008 0.000118 0.011517 0.012511 0.010487 0.013791 0.017757 0.003288 0.000062 0.000030 0.000039 0.000029 0.000021 0.000016 0.000008 0.000069 0.000020 0.000033 0.000013 0.000006 0.000016
0.000006 0.000016 0.000121 0.000004 0.000004 0.000007 0.000005 0.000012 0.000021 0.000032 0.000604 -0.000001 0.000000 0.000005 0.000002 0.000017 0.000009 0.000014 0.000015 0.000023 0.000014 0.000006 0.001193 0.000010 0.000013 0.000019 0.000005 0.000012 0.000033 0.000303 0.000002 0.000221 0.005924 0.001608 0.001084 -0.000001 -0.000003 0.000000 0.000000 0.000000 0.000002 0.000004 0.000012 0.000213 0.000070 0.000004 0.000011 0.000007 0.000018 0.000015 0.000045 0.000025 0.000023 0.000022 0.000019 0.000031 0.000022 0.000014 0.000009 0.000006 0.000015
0.000004 0.000020 0.000272 0.000033 0.000000 0.000000 0.000007 0.000012 0.000026 0.000025 0.000852 0.000322 0.000009 0.000004 0.000003 0.000010 0.000008 0.000010 0.000006 0.000013 0.000022 0.000045 0.000484 0.000013 0.000013 0.000008 0.000005 0.000006 0.000083 0.000136 0.000003 0.000007 0.001574 0.000050 0.002901 0.014870 -0.002175 -0.000252 -0.000003 0.000000 0.000000 0.000000 0.000000 0.000071 0.000048 0.000000 0.000000 0.000000 0.000000 0.000003 0.000025 0.000026 0.000024 0.000022 0.000017 0.000009 0.000015 0.000006 0.000002 0.000006 0.000012
0.000050 0.000010 0.000017 0.000252 0.000010 0.000000 0.000010 0.000004 0.000013 0.000038 0.000038 0.000386 0.000043 0.000001 0.000007 0.000003 0.000008 0.000006 0.000006 0.000019 0.000070 0.000027 0.000513 0.000012 0.000008 0.000002 0.000005 0.000002 0.000149 0.000007 0.000004 0.000007 0.002659 0.000014 0.000007 0.000009 0.000489 0.075394 -0.081321 0.000532 -0.000006 -0.000004 -0.000004 0.000000 -0.000003 -0.000105 0.000427 0.000213 -0.000001 0.000000 0.000008 0.000025 0.000011 0.000008 0.000005 0.000004 0.000002 0.000001 0.000000 0.000001 0.000007
0.000094 0.000020 0.000008 0.000190 0.000018 0.000000 0.000011 0.000006 0.000015 0.000064 0.000025 0.000032 0.000314 0.000000 0.000007 0.000003 0.000007 0.000005 0.000007 0.000074 0.000002 0.000000 0.000518 0.000008 0.000005 0.000002 0.000005 0.000008 0.000128 0.000002 0.000006 0.000014 0.002482 0.000010 0.000012 0.000005 0.000008 0.000014 0.001258 0.001473 0.104376 0.001690 0.002546 0.003686 0.000723 0.001603 0.000398 0.000995 0.033339 -0.000001 0.000003 0.000009 0.000004 0.000001 0.000000 0.000000 0.000000 0.000000 0.000000 0.000000 0.000003
0.000166 0.000028 0.000011 0.000113 0.000054 0.000024 0.000014 0.000007 0.000014 0.000058 0.000012 0.000023 0.000269 0.000036 0.000008 0.000002 0.000008 0.000011 0.000010 0.000043 0.000000 -0.000001 0.000642 0.000003 0.000004 0.000002 0.000007 0.000011 0.000096 0.000002 0.000004 0.000012 0.001981 0.000011 0.000009 0.000007 0.000003 0.000012 0.000057 0.000005 0.000072 0.000065 0.000003 0.000155 0.000167 0.000014 0.000010 0.000003 0.001993 0.000107 -0.000000 -0.000000 -0.000000 -0.000000 -0.000001 -0.000001 -0.000014 -0.000006 -0.000004 -0.000001 0.000001
0.000084 0.000026 0.000031 0.000021 0.000047 0.000020 0.000012 0.000010 0.000005 0.000022 0.000018 0.000022 0.000148 0.000070 0.000004 0.000003 0.000010 0.000010 0.000010 0.000001 0.000029 0.000071 0.000809 0.000005 0.000007 0.000002 0.000007 0.000012 0.000091 0.000002 0.000002 0.000023 0.001466 0.000008 0.000006 0.000006 0.000003 0.000011 0.000025 0.000005 0.000013 0.000118 0.000004 0.000009 0.000345 0.000008 0.000006 0.000002 0.000007 0.001225 -0.000001 -0.000001 -0.000002 -0.000002 -0.000006 -0.000005 -0.000063 -0.000033 -0.000030 -0.000001 0.000000
0.000013 0.000017 0.000040 0.000027 0.000022 0.000017 0.000009 0.000006 0.000004 0.000008 0.000014 0.000021 0.000024 0.000163 0.000003 0.000004 0.000007 0.000009 0.000008 0.000035 0.000023 0.000025 0.000377 0.000005 0.000007 0.000003 0.000007 0.000010 0.000076 0.000004 0.000003 0.000094 0.000253 0.000002 0.000002 0.000002 0.000002 0.000006 0.000002 0.000005 0.000012 0.000058 0.000004 0.000011 0.000255 0.000000 0.000002 0.000002 0.000006 0.001060 0.000120 0.000092 -0.000083 -0.000287 -0.024760 0.000264 0.001150 -0.000031 0.000000 0.000000 0.000000
0.000002 0.000007 0.000007 0.000013 0.000005 0.000007 0.000002 0.000000 0.000002 0.000002 0.000009 0.000019 0.000019 0.000148 0.000008 0.000007 0.000003 0.000011 0.000018 0.000070 0.000006 0.000005 0.000330 0.000011 0.000010 0.000003 0.000006 0.000005 0.000009 0.000003 0.000001 0.000133 0.000140 0.000000 0.000000 0.000000 0.000000 0.000000 0.000000 0.000001 0.000008 0.000027 0.000003 0.000011 0.000315 0.000000 0.000000 0.000001 0.000007 0.000419 0.000137 0.000328 0.000833 0.000028 0.000007 0.000004 0.000006 0.000210 0.000000 -0.000000 -0.000000
0.000000 0.000001 0.000001 0.000001 -0.000000 -0.000000 -0.000000 -0.000001 0.000000 0.000001 0.000007 0.000014 0.000013 0.000096 0.000011 0.000007 0.000003 0.000008 0.000014 0.000028 0.000009 0.000000 0.000281 0.000010 0.000008 0.000003 0.000007 0.000006 0.000010 0.000000 0.000000 0.000265 0.025008 -0.000001 -0.000003 -0.000002 -0.000002 -0.000001 -0.000002 0.000000 0.000002 0.000004 0.000003 0.000010 0.000180 0.000035 -0.000000 0.000002 0.000004 0.000583 0.000026 0.000005 0.000066 0.000046 0.000008 0.000006 0.000002 0.000208 0.000032 0.000028 0.000041
0.000000 -0.000000 -0.000000 -0.000000 -0.000001 -0.000085 0.000017 0.000023 0.000014 0.000007 0.000004 0.000008 0.000006 0.000041 0.000009 0.000006 0.000002 0.000006 0.000011 0.000013 0.000011 0.000060 0.000256 0.000012 0.000008 0.000002 0.000002 0.000002 0.000001 -0.000000 -0.000003 0.001222 0.000626 0.001550 0.000493 0.000123 -0.000035 -0.000005 -0.000007 -0.000001 0.000000 0.000000 0.000002 0.000008 0.000012 0.000107 0.000011 0.000002 0.000005 0.000251 0.000045 0.000005 0.000001 0.000068 0.000009 0.000006 0.000002 0.000126 0.000013 0.000006 0.000011
