hipims_case/output/hUy_1800.asc
ncols 269
nrows 269
xllcorner 0.000000
yllcorner 0.000000
cellsize 10.000000
NODATA_value -9999.000000
[rows 108 to 134 of 269, columns 124 to 185 of 269]
0.000000 0.000000 0.000000 0.000000 0.000000 0.000000 0.000000 0.000000 0.000000 0.000080 0.000024 0.000051 0.000028 0.000014 0.000032 0.000146 0.000022 0.000000 -0.000005 -0.000029 0.000475 0.000651 0.001138 0.000000 0.000000 0.000312 0.000000 -0.000055 -0.000059 -0.000016 0.002184 0.016297 0.000027 0.000262 0.047658 0.025538 0.035201 0.032090 0.033438 0.038255 0.026598 -0.003189 -0.001630 -0.017613 -0.020763 -0.007201 0.000124 0.000074 0.000060 0.000008 0.000000 0.000018 0.000000 0.000000 0.000000 0.000000 -0.000143 -0.000026 -0.000007 -0.000007 -0.000028 -0.000092
0.000000 0.000000 0.000000 0.000000 0.000000 0.000000 0.000000 0.000000 0.000000 0.000000 0.000000 0.000000 0.000000 0.000000 0.000000 0.000000 0.000000 -0.000005 0.000069 0.000241 0.000186 0.000208 0.000294 0.000051 0.000183 0.000350 -0.000007 -0.000213 -0.001055 -0.000328 0.007346 0.000291 0.000043 0.000073 0.000110 0.028390 0.021197 0.020914 0.038859 0.032239 0.046695 0.001906 -0.019096 -0.021634 -0.005402 0.000001 0.000005 0.000020 0.000008 0.000004 -0.000001 0.000005 -0.000023 -0.000018 -0.000046 -0.000057 -0.000634 -0.000128 -0.000065 -0.000029 -0.000399 -0.000154
0.000000 0.000000 0.000000 0.000000 0.000000 0.000000 0.000000 0.000000 0.000000 -0.000127 -0.000015 -0.000000 -0.000023 -0.000011 -0.000012 -0.000027 -0.000060 0.000041 0.000122 0.000218 0.000131 0.000117 0.000090 0.000038 0.000033 0.000026 -0.000014 0.000790 0.002053 0.000407 0.003708 0.000358 0.000056 0.000039 0.000112 0.000128 0.000364 0.020027 0.064766 0.029360 0.064121 0.054124 0.034608 -0.006545 -0.001653 -0.000000 -0.000000 -0.000000 -0.000000 -0.000000 -0.000004 -0.000000 -0.000043 -0.000085 -0.000130 -0.000161 -0.001151 -0.000182 -0.000115 -0.000046 -0.000899 -0.000185
0.000000 0.000000 0.000000 0.000000 0.000000 0.000000 0.000000 0.000000 0.000000 -0.000462 -0.000100 -0.000000 -0.000043 -0.000020 -0.000051 -0.000507 -0.000136 0.000050 0.000029 0.000059 0.000083 0.000046 0.000006 0.000000 0.000000 0.000000 0.000763 0.002680 0.000784 0.000406 0.003077 0.000784 0.000001 0.000045 0.000099 0.000131 0.000141 0.000184 0.022636 0.000102 0.000041 0.042552 0.066410 0.029316 -0.000808 -0.000012 -0.000007 -0.000031 -0.000028 -0.000103 -0.000072 -0.000033 -0.000105 -0.000157 -0.000194 -0.001112 -0.000675 -0.000151 -0.000079 -0.000822 -0.000683 -0.000200
0.000000 0.000000 0.000000 0.000000 0.000000 0.000000 0.000000 0.000000 0.000000 -0.000841 -0.000168 -0.000065 -0.000069 -0.000029 -0.000646 -0.000308 0.000004 0.000027 0.000025 0.000012 0.000011 0.000000 0.000000 -0.000010 -0.000019 0.000319 0.003233 0.000068 0.000173 0.000206 0.001841 0.002887 0.000051 0.000092 0.000038 0.000081 0.000071 0.000099 0.011039 0.000067 0.000061 0.000102 0.064950 0.061856 0.019447 -0.005109 -0.001074 -0.000111 -0.000087 -0.000212 -0.000059 -0.000089 -0.000146 -0.000185 -0.001082 -0.001045 -0.000452 -0.000074 -0.000118 -0.001329 -0.000420 -0.000106
0.000000 0.000000 0.000000 0.000000 0.000000 0.000000 -0.000002 -0.000001 -0.000004 -0.000430 -0.000142 -0.000139 -0.000057 -0.000090 -0.001171 -0.000077 0.000000 0.000000 0.000000 0.000000 0.000000 0.000031 0.000143 0.000205 0.000457 0.002652 0.000154 0.000092 0.000161 0.000288 0.000355 0.003441 0.000105 0.000102 0.000028 0.000017 0.000004 0.000029 0.013448 0.000087 0.000112 0.000049 0.000117 0.064823 0.044752 0.072898 0.070024 0.001092 -0.000790 -0.000252 -0.000054 -0.001878 -0.002715 -0.000892 -0.000680 -0.000427 -0.000117 -0.000188 -0.001689 -0.006634 -0.002299 -0.000234
0.000000 0.000000 0.000000 0.000000 0.000000 0.000000 -0.000412 -0.000268 -0.000489 -0.000066 -0.000102 -0.000075 -0.000103 -0.002475 -0.000574 -0.000024 -0.000006 -0.000010 -0.000016 -0.000008 -0.000009 0.000039 0.000114 0.000181 0.000846 0.000332 0.000118 0.000231 0.000243 0.000325 0.000564 0.003427 0.000127 0.000073 0.000012 0.000000 0.000000 0.000138 0.015583 0.000148 0.000098 0.000051 0.000092 0.000108 0.000297 0.005347 0.043806 0.050143 0.006979 -0.005172 -0.000071 -0.012518 0.009393 0.011983 0.006889 -0.000084 -0.005111 -0.000801 0.008963 0.009356 0.003698 0.000055
0.000000 0.000000 0.000000 0.000000 0.000000 0.000000 -0.001685 -0.000359 -0.000145 -0.000000 -0.000063 -0.000113 -0.002693 -0.000509 0.000018 0.000003 -0.000037 -0.000064 -0.000055 -0.000022 -0.000029 0.000022 0.000074 0.000133 0.000207 0.000405 0.000193 0.000257 0.000268 0.000354 0.000584 0.002633 0.000130 0.000049 0.000000 -0.000023 -0.000024 0.003487 0.010139 0.000147 0.000089 0.000061 0.000021 0.000050 0.000058 0.000033 0.000907 0.077714 0.027951 0.000758 0.015914 0.001889 0.003235 0.004495 0.002246 0.011898 0.000630 0.005828 0.003153 0.001493 0.000456 0.000139
0.000000 0.000000 0.000000 0.000000 0.000000 -0.000006 -0.000286 0.000000 0.000000 0.000000 -0.000049 -0.004806 -0.000152 0.000014 -0.000000 -0.000000 -0.000065 -0.000049 -0.000100 -0.000274 -0.000040 0.000000 0.000015 0.000033 0.000065 0.000158 0.000100 0.000163 0.000194 0.000271 0.000578 0.002180 0.000105 0.000016 -0.000011 -0.000060 -0.002507 0.011906 0.000220 0.000153 0.000107 0.000019 0.000000 0.000000 0.000000 0.000000 0.000290 0.045796 0.000088 0.000047 0.000116 0.000399 0.000076 0.001046 0.000219 0.000182 0.001013 0.000808 0.002347 0.001183 0.000152 0.000037
0.000000 0.000000 0.000000 0.000000 -0.000638 -0.000465 -0.000111 0.000000 0.000000 0.000000 -0.001877 -0.001920 -0.000000 -0.000000 -0.000012 -0.000036 -0.000050 -0.000103 -0.000518 -0.000183 -0.000061 -0.000002 -0.000000 -0.000000 0.000000 0.000022 0.000042 0.000114 0.000150 0.000298 0.000870 0.001247 0.000063 0.000000 -0.000039 -0.000053 0.010545 0.000260 0.000230 0.000199 0.000114 0.000006 -0.000026 -0.000036 -0.000036 -0.000022 0.003764 0.031018 0.000107 0.000068 0.000115 0.000171 0.000203 0.001729 0.000088 0.000191 0.000135 0.000553 0.004732 0.001649 0.000132 0.000046
0.000000 0.000000 -0.006557 -0.048095 -0.000935 0.027104 0.047971 0.000000 0.000000 0.000000 -0.042458 -0.000692 -0.000074 -0.000055 -0.000146 -0.000098 -0.000048 -0.001076 -0.000419 -0.000055 -0.000043 -0.000016 -0.000034 -0.000149 -0.000005 0.000000 0.000000 0.000087 0.000183 0.000364 0.001164 0.000133 0.000014 -0.000009 -0.000041 0.012512 0.012178 0.000212 0.000151 0.000193 0.000101 0.000000 -0.000043 -0.000060 -0.000064 -0.000438 0.027364 0.016127 0.000034 0.000078 0.000048 0.000139 0.000194 0.001537 0.000176 0.000060 0.000173 0.000238 0.001556 0.002523 0.000134 0.000045
0.000000 0.000000 -1.037173 0.016630 0.000000 0.000000 0.034966 0.129503 0.015474 0.037513 0.021115 0.012037 0.000426 -0.001682 -0.006241 -0.000284 -0.000701 -0.000611 -0.000100 -0.000000 -0.000027 -0.000061 -0.000090 -0.001803 -0.000021 -0.000004 0.000049 0.000138 0.000242 0.000369 0.000154 0.000060 0.000000 0.000082 0.002308 0.009836 0.001277 0.000145 0.000142 0.000046 0.000122 0.000160 -0.000168 -0.000101 0.001076 0.000940 0.023892 0.007093 0.000000 0.000012 0.000028 0.000088 0.000154 0.001111 0.000157 0.000053 0.000149 0.000206 0.000254 0.004223 0.000177 0.000058
0.000000 0.087261 0.014026 0.000001 0.000001 0.000000 0.000001 0.002688 0.000454 0.000120 0.000132 0.000061 0.004558 0.004888 -0.035950 -0.090833 -0.000419 -0.000114 -0.000089 -0.000050 -0.000036 -0.002476 -0.013321 0.000900 0.000257 0.000867 0.000134 0.000065 0.000164 0.000079 0.000047 0.000000 0.000348 0.002112 0.000905 0.004321 0.003094 0.000116 0.000116 0.000040 0.000110 0.000090 0.000119 0.000582 0.000448 0.000443 0.008657 0.012979 -0.000003 0.000000 0.000000 0.000022 0.000074 0.000668 0.000137 0.000045 0.000128 0.000232 0.000289 0.003815 0.000236 0.000062
0.000000 0.000001 0.000002 0.000001 0.000002 0.000001 0.000001 0.001700 0.000979 0.000037 0.000066 0.000062 0.000123 0.000029 0.000093 0.045360 -0.005127 0.000982 -0.001814 -0.005333 -0.008528 -0.001513 0.000263 0.000223 0.000211 0.000466 0.000226 0.000098 0.000069 0.000043 0.000000 0.000033 0.002971 0.000055 0.000062 0.000154 0.006159 0.000116 0.000135 0.000035 0.000082 0.000140 0.000398 0.001082 0.000433 0.000281 0.000238 0.041208 -0.000035 -0.000045 -0.000026 0.000000 0.000013 0.000221 0.000101 0.000036 0.000110 0.000191 0.000272 0.002583 0.000231 0.000087
0.000000 0.000001 0.000002 0.000002 0.000003 0.000003 0.000001 0.000288 0.002376 0.000000 0.000000 0.000007 0.000025 0.000018 0.000064 0.000882 0.001934 0.000753 0.001650 0.005540 0.001713 0.000182 0.000166 0.000248 0.000211 0.000324 0.000355 0.000088 0.000034 0.000095 0.000100 0.031205 0.000099 0.000051 0.000000 0.000195 0.004593 0.000136 0.000148 0.000043 0.000090 0.000146 0.000803 0.001365 0.000082 0.000150 0.000146 0.028620 0.007000 -0.003166 -0.000090 -0.000051 0.000000 0.000000 0.000040 0.000020 0.000070 0.000125 0.000171 0.001726 0.000215 0.000142
0.000000 0.000000 0.000001 0.000001 0.000001 0.000004 0.000003 0.000002 0.002422 0.000100 -0.000000 0.000000 0.000000 0.000019 0.000084 0.002170 0.000213 0.000106 0.000037 0.000110 0.002584 0.000190 0.000077 0.000098 0.000127 0.000129 0.000285 0.000083 0.000033 0.000073 0.000099 0.002580 0.000035 0.000099 0.000170 0.000207 0.004632 0.000138 0.000131 0.000050 0.000139 0.000133 0.001333 0.000048 0.000123 0.000136 0.000116 0.011525 0.008455 0.005446 -0.004357 -0.000127 -0.000054 -0.000007 0.000000 0.000000 0.000019 0.000070 0.000113 0.001308 0.000260 0.000089
0.000000 0.000000 0.000000 0.000000 0.000000 0.000008 0.000009 0.000002 0.000037 0.053224 0.000530 0.000384 0.000200 0.000032 0.000135 0.002536 0.000266 0.000128 0.000031 0.000092 0.002018 0.000179 0.000007 0.000017 0.000040 0.000064 0.000200 0.000106 0.000037 0.000086 0.000124 0.002341 0.000052 0.000102 0.000096 0.000143 0.003434 0.000071 0.000103 0.000042 0.000110 0.000175 0.000908 0.000038 0.000077 0.000054 0.000038 0.006827 0.000146 0.000058 0.014038 -0.047435 -0.000137 -0.000092 -0.000032 -0.000046 0.000000 0.000018 0.000063 0.000933 0.000330 0.000085
0.000000 -0.000032 0.000025 0.000024 0.000009 0.000020 0.000013 0.000006 0.000068 0.000967 0.000206 0.000173 0.000111 0.000035 0.000115 0.001195 0.000266 0.000124 0.000028 0.000078 0.001292 0.000498 0.000000 0.000000 0.000000 0.000007 0.000091 0.000091 0.000029 0.000081 0.000120 0.001616 0.000105 0.000074 0.000068 0.000191 0.003093 0.000001 0.000083 0.000036 0.000118 0.000230 0.000462 0.000023 0.000018 0.000007 0.000002 0.005951 0.000182 0.000115 0.000049 0.013196 -0.006967 -0.000139 -0.000170 -0.000085 -0.000013 0.000000 0.000020 0.000068 0.000291 0.000061
-0.000000 -0.000005 0.000005 0.000012 0.000011 0.000015 0.000021 0.000020 0.000137 0.000599 0.000263 0.000157 0.000103 0.000035 0.000100 0.000615 0.000269 0.000070 0.000020 0.000057 0.000142 0.002150 -0.000003 -0.000011 -0.000008 0.000000 0.000000 0.000026 0.000026 0.000090 0.000150 0.001257 0.000050 0.000161 0.000146 0.000243 0.003096 0.000052 0.000089 0.000032 0.000109 0.000205 0.000097 0.000000 0.000000 0.000000 0.000000 0.008557 0.000105 0.000064 0.000036 0.000127 0.011267 -0.005947 -0.000154 -0.000089 -0.000058 -0.000038 0.000000 0.000000 0.000000 0.000005
0.000010 0.000003 0.000005 0.000006 0.000007 0.000019 0.000036 0.000057 0.000226 0.000230 0.000214 0.000121 0.000078 0.000027 0.000069 0.000097 0.000263 0.000035 0.000009 0.000023 0.000069 0.001208 0.000351 -0.000044 -0.000028 -0.000018 -0.000002 0.000000 0.000026 0.000088 0.000162 0.000642 0.000075 0.000149 0.000152 0.000238 0.001763 0.000084 0.000072 0.000024 0.000046 0.000049 0.000031 0.000000 -0.000000 -0.000000 -0.000000 0.014775 0.000117 0.000000 0.000013 0.000075 0.000138 0.010151 -0.002964 -0.000124 -0.000118 -0.000182 -0.000078 -0.000036 -0.000002 0.000000
0.000000 0.000001 0.000001 0.000001 0.000001 0.000012 0.000014 0.000015 0.000071 0.000100 0.000093 0.000070 0.000039 0.000017 0.000034 0.000033 0.000019 0.000000 0.000000 0.000000 0.000020 0.000045 0.000231 0.000005 -0.000018 -0.000079 -0.000029 -0.000001 0.000022 0.000026 0.000079 0.000231 0.000114 0.000144 0.000185 0.000277 0.001530 0.000125 0.000064 0.000009 0.000000 0.000000 0.000000 0.000000 0.000000 0.000000 0.000000 0.012595 0.000160 0.000000 0.000000 0.000028 0.000078 0.000132 0.019321 -0.002373 -0.002353 -0.004457 -0.000136 -0.000090 -0.000110 -0.000054
0.000000 0.000000 0.000000 0.000000 0.000000 0.000000 0.000001 0.000002 0.000008 0.000023 0.000020 0.000017 0.000001 0.000000 0.000000 0.000000 0.000000 -0.000007 -0.000069 -0.000003 -0.000000 0.000000 0.000011 -0.000000 -0.000036 -0.000182 -0.000072 -0.000020 0.000000 0.000015 0.000038 0.000090 0.000039 0.000060 0.000123 0.000209 0.000894 0.000122 0.000038 0.000000 -0.000021 -0.000010 -0.000008 -0.000022 -0.000012 -0.000038 0.001167 0.007875 0.000121 0.000000 0.000000 0.000021 0.000025 0.000120 0.001483 0.001580 0.001349 0.002712 0.040983 -0.001327 -0.001049 -0.000129
0.000000 0.000000 0.000000 0.000000 0.000000 0.000000 0.000000 0.000000 0.000000 0.000000 0.000000 0.000000 -0.000000 -0.000028 -0.000009 -0.000013 -0.000019 -0.000053 -0.000438 -0.000056 -0.000027 -0.000032 -0.000000 -0.000003 -0.000084 -0.000598 -0.000081 -0.000035 -0.000003 0.000000 0.000005 0.000007 0.000000 0.000000 0.000026 0.000083 0.000278 0.000066 0.000018 -0.000027 -0.000054 -0.000131 -0.000067 -0.000089 -0.000078 -0.000849 0.005030 0.000857 0.000227 0.000000 0.000000 0.000000 0.000011 0.000093 0.000180 0.001465 0.000140 0.000055 0.000364 0.002102 0.001675 -0.000224
0.000000 0.000000 0.000000 0.000000 -0.000000 -0.000000 -0.000000 -0.000000 -0.000000 -0.000001 -0.000023 -0.000049 -0.000219 -0.000070 -0.000022 -0.000046 -0.000064 -0.000120 -0.001006 -0.000140 -0.000099 -0.000075 -0.000021 -0.000053 -0.000527 -0.000498 -0.000042 -0.000025 -0.000020 -0.000014 0.000000 0.000000 -0.000001 -0.000008 -0.000000 0.000000 0.000002 0.000013 0.000010 -0.000079 -0.000136 -0.000458 -0.000481 -0.000193 -0.000166 0.000557 0.002528 0.000045 0.003420 0.000115 -0.000017 -0.000006 0.000000 0.000035 0.000069 0.000672 0.000189 0.000075 0.000655 0.000126 0.000046 0.001861
0.000000 0.000000 0.000000 0.000000 -0.000000 -0.000000 -0.000001 -0.000001 -0.000001 -0.000001 -0.000051 -0.000109 -0.000657 -0.000116 -0.000024 -0.000064 -0.000121 -0.000177 -0.001817 -0.000269 -0.000183 -0.000104 -0.000033 -0.000097 -0.003381 0.000211 0.000042 -0.000020 -0.000058 -0.000066 -0.000037 -0.000016 -0.000047 -0.000070 -0.000215 -0.000020 0.000000 0.000000 0.000000 0.000000 0.000000 0.000004 -0.000132 -0.000574 -0.000173 0.002999 0.000118 0.000051 0.000091 0.002146 -0.000315 -0.000048 -0.000031 0.000000 0.000000 0.000209 0.000131 0.000118 0.000349 0.000124 0.000038 0.002092
0.000000 0.000000 0.000000 0.000000 -0.000000 -0.000000 -0.000001 -0.000001 -0.000001 -0.000000 -0.000066 -0.000879 -0.000416 -0.000104 -0.000027 -0.000075 -0.000000 -0.000021 -0.002095 -0.000213 -0.000089 -0.000141 -0.003597 -0.001593 0.000983 0.000036 0.000041 -0.000023 -0.000104 -0.000091 -0.000133 -0.000031 -0.000087 -0.000131 -0.000719 -0.000081 -0.000013 -0.000008 -0.000018 -0.000022 -0.000027 -0.000000 -0.000000 -0.000000 -0.000208 0.002254 0.000076 0.000063 0.000033 0.000068 0.001382 -0.000232 -0.000150 -0.000035 -0.000007 0.000000 0.000035 0.000023 0.000181 0.000077 0.000029 0.000091
0.000000 0.000000 -0.000000 -0.000000 -0.000000 -0.000001 -0.000001 -0.000000 -0.000000 -0.000000 -0.000060 -0.001527 -0.000217 -0.000074 -0.000117 -0.000082 -0.000005 0.000003 -0.000649 -0.004118 -0.000044 -0.004893 -0.000779 0.000013 0.000021 0.000020 0.000015 -0.000036 -0.000120 -0.000424 -0.000152 -0.000057 -0.000049 -0.000150 -0.001376 -0.000102 -0.000032 -0.000012 -0.000028 -0.000033 -0.000036 -0.000017 -0.000017 -0.000015 0.000875 0.000019 0.000020 0.000015 0.000006 0.000017 0.000028 0.000987 0.000182 -0.000006 -0.000007 -0.000003 0.000000 0.000000 0.000005 0.000004 0.000014 0.000119
