hipims_case/output/hUy_6300.asc
ncols 269
nrows 269
xllcorner 0.000000
yllcorner 0.000000
cellsize 10.000000
NODATA_value -9999.000000
[rows 108 to 134 of 269, columns 61 to 121 of 269]
-0.101559 -0.238179 -0.203954 -0.049776 -0.000036 -0.000010 -0.000008 -0.000003 -0.000005 -0.000223 -0.000110 -0.000088 0.000001 0.000005 0.000006 0.000004 0.000005 0.000001 -0.000001 -0.000005 -0.000006 -0.000007 0.000047 0.021479 0.000627 0.000012 0.000009 0.000004 0.000007 0.000087 -0.000000 -0.000000 0.000002 0.000003 0.000050 0.000022 0.000009 0.000003 0.000007 0.000008 0.000032 0.000221 0.000009 0.000004 0.000021 0.000509 0.000011 0.000001 0.000000 0.000012 0.000008 0.000003 0.000009 0.000007 0.000311 0.000112 -0.000003 0.000000 0.000009 0.000004 0.000017
-0.070731 -0.215281 -0.200008 -0.097346 -0.001696 -0.000010 -0.000010 -0.000003 -0.000069 -0.018043 0.000037 0.000005 0.000009 0.000002 0.000001 0.000000 0.000001 0.000000 -0.000002 -0.000005 -0.000009 -0.000252 0.002557 0.000021 0.000023 0.000012 0.000012 0.000006 0.000003 0.000026 -0.000000 -0.000001 0.000000 0.000000 0.000011 0.000019 0.000006 0.000002 0.000001 0.000004 0.000028 0.000180 0.000004 0.000008 0.061042 0.000065 0.000005 0.000000 0.000014 0.000014 0.000012 0.000004 0.000012 0.000021 0.000032 0.000362 0.000011 -0.000002 0.000012 0.000006 0.000021
-0.062529 -0.278360 -0.230911 -0.136442 -0.003540 -0.000008 -0.000009 -0.000003 -0.022037 0.000268 0.000009 0.000008 0.000003 0.000000 -0.000000 -0.000000 0.000000 0.000000 -0.000001 -0.000003 -0.000061 0.001227 0.000016 0.000018 0.000029 0.000013 0.000015 0.000007 0.000002 0.007650 -0.000002 -0.000001 -0.000000 0.000000 0.000005 0.000004 0.000001 0.000002 0.000000 0.000001 0.000034 0.000136 0.000005 0.000010 0.000711 0.000053 0.000016 0.000019 0.000005 0.000005 0.000008 0.000005 0.000012 0.000026 0.000021 0.000025 0.000204 0.000026 0.000008 0.000006 0.000007
-0.065500 -0.264240 -0.229926 -0.091750 -0.000000 -0.000006 -0.000314 -0.000253 0.000171 0.000007 0.000007 0.000002 -0.000000 -0.000000 -0.000002 -0.000002 -0.000001 -0.000003 -0.000002 -0.000008 0.000164 0.000017 0.000013 0.000018 0.000030 0.000018 0.000016 0.000011 0.000019 0.000422 0.000000 0.000000 0.000000 0.000000 0.000001 0.000000 0.000000 0.000000 -0.000000 -0.000000 0.000097 0.000011 0.000005 0.000010 0.000644 0.000030 0.000004 0.000004 0.000001 0.000000 0.000002 0.000009 0.000005 0.000010 0.000021 0.000019 0.000117 0.000015 0.000007 0.000002 0.000000
-0.125636 -0.290346 -0.201561 -0.062466 0.000265 0.000051 -0.000241 0.000004 0.000001 0.000004 0.000001 -0.000000 -0.000001 -0.000008 -0.000006 -0.000006 -0.000004 -0.000002 -0.000003 0.000491 0.000115 0.000011 0.000012 0.000016 0.000016 0.000014 0.000006 0.000016 0.000020 0.000189 -0.000004 -0.000004 -0.000004 -0.000003 -0.000000 -0.000000 -0.000002 -0.000003 -0.000004 0.000000 0.000105 0.000011 0.000007 0.000013 0.000388 0.000016 0.000000 -0.000000 -0.000000 -0.000002 0.000000 0.000005 0.000005 0.000004 0.000008 0.000015 0.000064 0.000008 0.000004 0.000000 -0.000001
-0.175179 -0.280369 -0.175657 -0.029367 0.000025 0.000024 0.000000 0.000000 0.000001 -0.000000 -0.000000 -0.000001 -0.000025 -0.000010 -0.000004 -0.000004 -0.000002 -0.000003 -0.000001 0.000078 0.000016 0.000009 0.000009 0.000009 0.000007 0.000007 0.000003 0.000008 0.000023 0.000022 0.005054 -0.000044 -0.000011 -0.000010 -0.000005 -0.000003 -0.000012 -0.000010 -0.000012 -0.000000 0.000006 0.000012 0.000004 0.000011 0.000281 0.000005 -0.000000 -0.000005 -0.000002 -0.000003 -0.000000 0.000001 0.000000 0.000002 0.000002 0.000005 0.000017 0.000001 0.000000 -0.000000 -0.000003
-0.193262 -0.280808 -0.153446 -0.000002 0.000001 0.000048 0.000081 -0.000001 -0.000000 -0.000002 -0.000002 -0.000081 -0.000086 -0.000023 -0.000007 -0.000010 -0.000024 -0.000001 0.000001 0.000054 0.000015 0.000009 0.000009 0.000003 0.000001 0.000001 0.000001 0.000007 0.000017 0.000043 0.000026 0.000078 -0.000019 -0.000014 -0.000013 -0.000018 -0.000006 -0.000014 -0.000055 -0.000002 0.000000 0.000004 0.000003 0.000008 0.000014 0.001281 0.000022 0.000026 0.000009 0.000001 0.000000 0.000000 0.000000 0.000000 0.000000 0.000000 0.000000 0.000000 -0.000001 -0.000003 -0.000007
-0.180332 -0.240189 -0.136858 -0.000105 -0.000000 0.000001 0.000068 -0.000050 -0.000000 -0.000029 -0.000210 -0.000023 -0.000000 -0.000000 -0.000047 -0.000010 0.000001 0.000001 0.000001 0.000014 0.000006 0.000005 0.000008 0.000005 0.000000 0.000000 0.000000 0.000005 0.000012 0.000035 0.000021 0.000032 0.187234 -0.000016 -0.000017 -0.000020 -0.000006 -0.088455 -0.000141 -0.000005 -0.000001 0.000000 0.000001 0.000002 0.000006 0.000168 0.000013 0.000008 0.000002 0.000001 -0.000000 -0.000001 -0.000000 -0.000001 -0.000001 -0.000001 -0.000001 -0.000004 -0.000006 -0.000011 -0.000024
-0.154429 -0.375710 -0.360312 -0.014983 -0.000004 0.000000 0.000000 -0.000000 -0.000000 -0.000000 -0.000000 -0.000000 -0.000003 -0.000002 -0.000000 -0.000000 0.000000 0.000000 0.000000 0.000000 0.000000 0.000000 0.000012 0.000004 0.000000 0.000005 -0.000000 0.000001 0.000005 0.000014 0.000011 0.000023 0.000053 0.000322 0.000146 -0.000014 -0.000069 0.000056 0.000193 0.000155 -0.000002 0.000000 0.000000 0.000000 0.000006 0.000117 0.000009 0.000002 -0.000000 -0.000000 -0.000006 -0.000003 -0.000001 -0.000004 -0.000002 -0.000006 -0.000008 -0.000014 -0.000022 -0.000034 -0.000024
0.003007 -0.233463 -0.361858 -0.099955 -0.000520 -0.000006 -0.000006 -0.000004 -0.000003 -0.000002 -0.000005 -0.000039 -0.000016 -0.000010 -0.000001 -0.000011 -0.000001 -0.000001 -0.000001 -0.000027 -0.000005 0.000000 0.000010 0.000000 0.000000 0.000009 0.000002 0.000000 0.000001 0.000002 0.000007 0.000009 0.000035 0.000013 0.000009 0.000007 0.000006 0.000003 0.000002 0.000309 -0.000084 -0.000002 -0.000001 -0.000002 0.000014 0.000034 0.000001 -0.000000 -0.000004 -0.000011 -0.000012 -0.000008 -0.000007 -0.000004 -0.000008 -0.000012 -0.000016 -0.000023 -0.000037 -0.000100 -0.000009
0.000000 -0.105147 -0.342877 -0.150648 -0.032876 -0.063034 -0.001661 -0.000338 -0.000727 -0.007463 -0.029246 -0.003447 -0.001679 -0.000728 -0.001094 -0.000015 -0.000006 -0.000003 -0.000057 -0.000024 -0.000005 0.000000 0.000015 0.000039 0.000013 0.000002 0.000001 -0.000001 -0.000000 -0.000000 -0.000000 -0.000000 -0.000000 -0.000000 0.000000 0.000000 0.000000 0.000000 0.000000 0.000005 0.016328 -0.000005 -0.000008 -0.000002 0.000011 0.000004 0.000000 -0.000002 -0.000063 -0.000031 -0.000009 -0.000011 -0.000006 -0.000010 -0.000015 -0.000019 -0.000027 -0.000036 -0.000111 -0.000039 -0.000023
-0.000001 -0.100537 -0.368539 -0.159369 0.020695 0.000431 0.000909 0.007697 0.001233 0.000416 0.000059 0.000087 0.000008 0.000022 0.108187 -0.003241 -0.000316 -0.001818 -0.000053 -0.000012 -0.000008 -0.000000 0.000003 0.000004 0.000004 0.000000 0.000000 -0.000003 -0.000007 -0.000012 -0.000006 -0.000009 -0.000029 -0.000007 -0.000004 -0.000003 -0.000014 -0.000010 0.000007 0.000008 0.000267 0.000146 0.000019 0.000018 0.000008 0.000003 0.000006 -0.000007 -0.000151 -0.000024 -0.000003 -0.000008 -0.000004 -0.000012 -0.000029 -0.000019 -0.000033 -0.000040 -0.000150 -0.000014 -0.000026
-0.000082 -0.192732 -0.374622 -0.135358 0.000011 0.000009 0.000005 0.000040 0.000020 0.000011 0.000003 0.000202 0.000013 0.000005 0.000010 0.000046 0.000003 0.001748 -0.000080 -0.000004 -0.000000 -0.000000 -0.000000 -0.000000 -0.000000 -0.000002 -0.000006 -0.000013 -0.000018 -0.000351 -0.000255 -0.000676 -0.000074 -0.000019 -0.000022 -0.000021 -0.000018 0.000002 0.000007 0.000018 0.000007 0.000070 0.000047 0.000015 0.000011 0.000004 0.000004 -0.000006 -0.000299 -0.000018 -0.000008 -0.000008 -0.000003 -0.000012 -0.000031 -0.000047 -0.000030 -0.000278 -0.022439 -0.000006 -0.000025
-0.126129 -0.252487 -0.294404 -0.023107 0.000010 0.000011 0.000005 0.000003 0.000010 0.000007 0.000002 0.000192 0.000023 0.000007 0.000005 0.000025 0.000003 0.000009 0.000811 0.000000 0.000000 -0.000001 -0.000002 -0.000002 -0.000008 -0.000013 -0.000013 -0.431198 -0.000424 0.000289 0.000307 0.000093 0.000114 0.000183 0.000513 0.000152 0.000023 0.000036 0.000017 0.000019 0.000012 0.000005 0.000063 0.000011 0.000007 0.000003 0.000005 -0.000003 -0.000324 -0.000025 -0.000013 -0.000006 -0.000010 -0.000016 -0.000034 -0.000040 -0.000429 -0.000267 -0.000000 -0.000004 -0.000020
-0.212859 -0.255266 -0.205979 0.000133 0.000011 0.000006 0.000001 0.000000 0.000000 0.000005 0.000002 0.000063 0.000051 0.000006 0.000007 0.000006 0.000002 0.000007 0.001363 -0.000000 -0.000000 -0.000008 -0.000013 -0.000004 -0.000012 -0.001375 -0.000919 0.000127 0.000020 0.000028 0.000029 0.000056 0.000045 0.000027 0.000055 0.000032 0.000025 0.000032 0.000017 0.000011 0.000007 0.000004 0.000026 0.000004 0.000003 0.000002 0.000002 -0.000003 -0.000434 -0.000031 -0.000016 -0.000006 -0.000015 -0.000028 -0.000019 -0.000038 -0.062175 0.000001 -0.000001 -0.000010 -0.000019
-0.286192 -0.192556 0.025108 0.000008 0.000004 0.000001 -0.000000 -0.000002 -0.000000 0.000002 0.000003 0.000013 0.000051 0.000013 0.000006 0.000004 0.000002 0.000009 0.001570 0.012394 0.000134 -0.002094 -0.001716 -0.000987 -0.001641 -0.000087 0.000000 0.000000 0.000005 0.000011 0.000019 0.000019 0.000039 0.000017 0.000031 0.000017 0.000023 0.000014 0.000009 0.000004 0.000002 0.000003 0.000002 0.000000 0.000000 0.000000 0.000000 0.000000 -0.000448 -0.000031 -0.000010 -0.000013 -0.000019 -0.000028 -0.000030 -0.000078 0.000003 0.000001 -0.000003 -0.000016 -0.000021
-0.243221 0.014744 0.000005 0.000002 -0.000000 -0.000000 -0.000017 -0.000007 0.000001 0.000000 0.000004 0.000016 0.000007 0.000013 0.000006 0.000002 0.000004 0.000015 0.000021 0.000108 0.000053 0.000017 0.000019 0.000023 0.000024 0.000523 0.000135 -0.000000 0.000000 0.000000 0.000008 0.000007 0.000017 0.000012 0.000009 0.000012 0.000003 0.000004 0.000000 0.000000 0.000003 0.000000 0.000000 -0.000004 -0.000028 -0.000002 -0.000003 -0.000000 -0.000333 -0.000024 -0.000008 -0.000016 -0.000022 -0.000026 -0.000206 -0.000030 0.000000 0.000000 -0.000008 -0.000013 -0.043629
-0.144685 0.000003 0.000000 0.000000 -0.000130 0.000000 -0.000005 0.000017 0.000001 0.000002 0.000002 0.000007 0.000004 0.000002 0.000001 0.000000 0.000001 0.000007 0.000021 0.000029 0.000129 0.000022 0.000023 0.000018 0.000007 0.000020 0.000559 0.000057 -0.000000 -0.000000 0.000003 0.000001 0.000004 0.000005 0.000004 0.000001 -0.000000 -0.000000 -0.000000 -0.000001 -0.000000 -0.000000 -0.000000 -0.000005 -0.000026 -0.000058 -0.000005 -0.000000 -0.000131 -0.000615 -0.000014 -0.000006 -0.000004 -0.000010 -0.000199 0.000005 -0.000001 -0.000006 -0.000012 -0.151608 -0.000396
-0.007880 -0.000000 -0.000001 -0.000140 -0.000094 0.000007 0.000009 0.000007 0.000001 0.000002 0.000001 0.000002 0.000001 -0.000000 -0.000000 -0.000001 0.000000 0.000003 0.000024 0.000019 0.000103 0.000023 0.000022 0.000016 0.000007 0.000019 0.000027 0.000246 0.000000 0.000000 0.000000 0.000000 0.000000 0.000000 0.000000 0.000000 -0.000006 -0.000004 -0.000005 -0.000012 -0.000003 -0.000001 -0.000003 -0.000004 -0.000017 -0.053464 -0.000007 -0.000004 -0.000000 -0.003541 -0.000014 -0.000004 -0.000011 -0.000021 0.051445 0.000004 -0.000003 -0.000012 -0.019594 -0.000637 -0.000000
0.000156 -0.000017 0.000057 -0.000035 0.000001 0.000002 0.000003 0.000002 0.000004 0.000002 0.000001 -0.000000 -0.000000 -0.000001 -0.000011 -0.000004 -0.000003 0.000000 0.000011 0.000010 0.000026 0.000016 0.000012 0.000008 0.000006 0.000015 0.000029 0.000398 0.000013 -0.000002 -0.000003 -0.000001 -0.000000 -0.000000 -0.000001 -0.000003 -0.000016 -0.000018 -0.000072 -0.000029 -0.000006 -0.000002 -0.000006 -0.000008 0.000008 0.000014 -0.000010 -0.000076 -0.000002 -0.000021 -0.000419 -0.000006 -0.000017 -0.009073 0.000002 0.000000 -0.000007 -0.000294 -0.005712 -0.000068 -0.000019
0.000089 0.000076 0.000034 0.000022 0.000000 0.000000 0.000000 0.000001 0.000002 0.000001 -0.000000 -0.000011 -0.000066 -0.000045 0.000005 -0.000022 0.000015 0.000000 0.000000 0.000000 0.000005 0.000005 0.000001 0.000000 0.000004 0.000010 0.000020 0.000191 0.000091 0.000047 0.000013 -0.000001 -0.000001 -0.000002 -0.000007 -0.000012 -0.000102 -0.000034 -0.000027 -0.000000 -0.000004 -0.000005 0.000000 0.000000 0.000000 0.000000 0.000000 -0.000084 -0.000005 -0.000061 -0.000796 -0.000092 -0.000052 0.000002 -0.000000 -0.000003 -0.000010 -0.012341 0.022005 0.002165 0.000369
0.000014 0.000010 0.000005 0.000096 0.000037 0.000006 -0.000000 0.000001 0.000000 -0.000000 -0.000002 -0.000254 -0.000175 -0.000010 0.000012 0.000008 0.000046 0.000068 0.000055 0.000006 -0.000000 -0.000000 -0.000000 -0.000003 0.000003 0.000006 0.000010 0.000015 0.000080 0.000010 0.000004 0.000002 0.000000 -0.000006 -0.000014 -0.000021 -0.003115 -0.000013 -0.000009 -0.000001 -0.000002 -0.000025 -0.000002 -0.000003 -0.000002 -0.000002 -0.000001 -0.000049 -0.000222 -0.000040 -0.026880 0.000000 0.000004 0.000000 -0.000004 -0.000009 -0.013291 0.000152 0.000007 0.000006 0.000192
0.000014 0.000011 0.000008 0.000020 0.000014 0.000009 0.000005 0.000001 -0.000000 -0.000001 -0.000318 -0.000140 0.000000 0.000000 0.000000 0.000000 0.000000 0.000013 0.000060 0.000050 0.000019 -0.000008 -0.000003 0.000004 0.000006 0.000001 0.000004 0.000006 0.000023 0.000003 0.000000 0.000000 -0.000003 -0.000010 -0.000021 -0.181826 0.000071 0.000011 -0.000005 -0.000001 0.000000 -0.000021 -0.000011 -0.000111 -0.000008 -0.000012 -0.000005 -0.000000 -0.000333 -0.000237 0.000066 0.000000 0.000000 -0.000002 -0.000009 -0.006344 -0.002466 0.000000 0.000001 0.000003 0.000005
0.000004 0.000003 0.000002 0.000004 0.000002 0.000003 0.000002 0.000000 -0.000000 -0.000004 -0.000368 -0.000000 -0.000000 -0.000001 -0.000001 -0.000002 -0.000002 0.000004 0.000020 0.000040 0.000040 0.000014 0.000007 0.000003 0.000002 0.000000 0.000000 0.000000 -0.000000 -0.000000 -0.000001 -0.000005 -0.000010 -0.000018 -0.000340 0.000035 0.000002 0.000001 -0.000000 -0.000000 -0.000001 -0.000000 -0.000000 -0.000056 -0.000114 -0.000011 -0.000011 -0.000004 -0.001515 0.000001 0.000000 -0.000006 -0.000008 -0.000006 -0.000128 -0.055020 0.000482 0.000000 0.000000 0.000000 0.000000
0.000000 0.000000 0.000000 0.000000 0.000000 0.000000 0.000000 0.000000 -0.000003 -0.000729 -0.000291 0.000052 0.000061 0.000099 -0.000002 -0.000005 -0.000004 0.000002 0.000003 0.000006 0.000005 0.000009 0.000004 0.000001 0.000000 -0.000001 -0.000003 -0.000004 -0.000024 -0.000005 -0.000003 -0.000010 -0.000022 -0.000022 -0.000235 -0.000000 -0.000000 -0.000000 -0.000002 -0.000004 -0.000003 -0.000005 -0.000004 -0.000009 -0.000147 -0.000200 -0.000042 -0.000451 -0.000540 0.000000 -0.000004 -0.000110 -0.083862 -0.035325 0.017391 0.006565 0.000111 0.000650 0.000142 -0.000003 0.000000
-0.000002 -0.000005 -0.000003 -0.000001 -0.000000 -0.000000 -0.000001 -0.000003 -0.000737 0.000238 0.000021 0.000027 0.000051 0.000087 0.000307 0.000024 0.000005 0.000002 0.000000 0.000000 0.000000 0.000000 0.000001 -0.000000 -0.000001 -0.000004 -0.000012 -0.000016 -0.000059 -0.000012 -0.000005 -0.000015 -0.000034 -0.000021 -0.000209 -0.000003 -0.000002 -0.000002 -0.000013 -0.000005 -0.000011 -0.000022 -0.000027 -0.000004 0.000011 -0.000067 -0.000116 -0.000438 -0.000000 -0.000002 -0.009605 0.003404 0.006422 0.000024 0.000024 0.000058 0.000032 0.000008 0.000381 0.000010 0.000008
-0.000266 -0.000400 -0.000008 -0.000007 -0.000006 -0.000005 -0.000002 -0.000831 -0.000067 0.000010 0.000009 0.000018 0.000014 0.000017 0.000023 0.000044 0.000023 0.000005 -0.000000 -0.000000 -0.000000 -0.000000 -0.000000 -0.000001 -0.000004 -0.000011 -0.000105 -0.000047 -0.000023 -0.000096 -0.000006 -0.000025 -0.000025 -0.000375 0.000093 -0.000013 -0.000004 -0.000006 -0.000007 0.000000 -0.000008 -0.000000 -0.000000 -0.000000 -0.000000 -0.000000 -0.000567 -0.000078 -0.000001 -0.000010 -0.067914 0.000033 0.000009 0.000025 0.000020 0.000044 0.000053 0.000010 0.000014 0.000134 0.000016
