hipims_case/output/hUy_4500.asc
ncols 269
nrows 269
xllcorner 0.000000
yllcorner 0.000000
cellsize 10.000000
NODATA_value -9999.000000
[rows 54 to 80 of 269, columns 61 to 121 of 269]
0.000010 0.000045 0.000000 0.000000 0.000000 0.000004 0.000005 0.000002 0.000008 0.000012 0.000103 0.000012 0.000003 0.000010 0.000214 0.000019 0.000032 0.000020 0.000011 0.000003 0.000010 0.000320 0.000013 0.000007 0.000109 0.000018 0.000012 0.000010 0.000006 0.000007 0.000015 0.000858 0.000013 0.000016 0.000011 0.000005 0.000009 0.000057 0.000010 -0.000003 -0.000002 -0.000004 -0.000003 0.000000 0.000008 0.000020 0.000068 0.000012 0.000005 0.000001 0.000000 0.000000 0.000002 0.000002 0.000013 0.000026 0.000057 0.000031 0.000849 -0.000069 0.000002
0.000003 0.000009 0.007058 0.000100 0.000013 0.000000 0.000000 0.000001 0.000005 0.000006 0.000056 0.000011 0.000002 0.000009 0.000186 0.000021 0.000013 0.000023 0.000011 0.000002 0.000007 0.000419 0.000027 0.000021 0.000038 0.000013 0.000009 0.000007 0.000004 0.000007 0.000008 0.000532 0.000001 0.000011 0.000010 0.000010 0.000005 0.000010 0.000011 0.001060 -0.000006 -0.000013 -0.000007 -0.000000 0.000003 0.000009 0.000006 0.000002 -0.000000 -0.000000 -0.000000 -0.000001 0.000000 0.000003 0.000010 0.000017 0.000030 0.000017 0.000039 0.006595 -0.000000
0.000002 0.000008 0.000013 0.000110 0.000014 0.000026 0.000000 0.000000 0.000001 0.000001 0.000016 0.000010 0.000002 0.000007 0.000210 0.000031 0.000015 0.000011 0.000013 0.000002 0.000007 0.000192 0.000020 0.000017 0.000035 0.000012 0.000009 0.000004 0.000004 0.000003 0.000005 0.000747 0.000000 0.000001 0.000004 0.000009 0.000009 0.000008 0.000011 0.000014 0.000690 -0.000008 -0.000009 -0.000001 -0.000000 -0.000000 -0.000000 -0.000000 -0.000000 -0.000001 -0.000005 -0.000011 -0.000003 0.000003 0.000005 0.000011 0.000012 0.000015 0.000034 0.000764 0.000414
0.000003 0.000006 0.000010 0.000067 0.000004 0.000006 0.000856 -0.000015 0.000000 0.000000 0.000000 0.000013 0.000001 0.000005 0.000172 0.000050 0.000018 0.000021 0.000009 0.000003 0.000010 0.000198 0.000017 0.000016 0.000025 0.000015 0.000009 0.000002 0.000003 0.000002 0.000013 0.000405 0.000094 0.000000 0.000000 0.000008 0.000010 0.000024 0.000005 0.000012 0.000050 -0.000007 -0.000013 -0.000008 -0.000006 -0.000004 -0.000002 -0.000063 -0.000043 -0.000071 -0.000026 -0.000054 0.000009 0.000003 0.000007 0.000010 0.000003 0.000009 0.000029 0.000018 0.000150
0.000003 0.000003 0.000007 0.000038 0.000006 0.000002 0.000007 0.006627 0.000080 0.000193 0.000054 0.000023 0.000000 0.000005 0.000015 0.000061 0.000016 0.000035 0.000010 0.000003 0.000015 0.000209 0.000010 0.000021 0.000008 0.000012 0.000005 0.000003 0.000007 0.000014 0.000018 0.000019 0.000286 0.000027 0.000004 0.000006 0.000023 0.000011 0.000004 0.000015 0.000017 0.003409 -0.000026 -0.000015 -0.000013 -0.000005 -0.000455 -0.000375 -0.000220 -0.000093 0.000000 0.000004 0.000010 0.000003 0.000005 0.000009 0.000001 0.000004 0.000013 0.000009 0.000088
0.000001 0.000003 0.000004 0.000012 0.000005 0.000002 0.000005 0.000025 0.000060 0.000018 0.000022 0.000066 0.000034 0.000008 0.000008 0.000018 0.000006 0.000014 0.000005 0.000002 0.000013 0.000075 0.000007 0.000012 0.000006 0.000003 0.000001 0.000005 0.000011 0.000007 0.000011 0.000014 0.000142 0.000043 0.000003 0.000005 0.000010 0.000009 0.000004 0.000021 0.000032 0.000029 0.011075 -0.000519 -0.000362 -0.000660 -0.000191 0.000009 0.000027 0.000025 0.000018 0.000010 0.000005 0.000007 0.000002 0.000000 0.000000 0.000000 0.000002 0.000004 0.000026
0.000000 0.000000 0.000000 0.000003 0.000003 0.000003 0.000002 0.000032 0.000010 0.000009 0.000002 0.000005 0.000064 0.000005 0.000006 0.000007 0.000002 0.000004 0.000002 0.000001 0.000014 0.000035 0.000007 0.000006 0.000003 0.000001 0.000000 0.000001 0.000005 0.000003 0.000010 0.000012 0.000021 0.000148 0.000011 0.000005 0.000011 0.000012 0.000004 0.000037 0.000013 0.000046 0.000629 0.012581 0.000347 0.000049 0.000030 0.000016 0.000031 0.000015 0.000019 0.000012 0.000005 0.000004 -0.000000 -0.000000 -0.000003 -0.000001 0.000000 0.000000 -0.000000
-0.000000 -0.000000 0.000000 0.000000 0.000000 0.000000 0.000003 0.000009 0.000004 0.000010 0.000002 0.000004 0.000047 0.000024 0.000007 0.000013 0.000003 0.000000 0.000000 0.000002 0.000015 0.000005 0.000004 0.000003 0.000000 0.000000 -0.000000 0.000000 0.000000 0.000001 0.000010 0.000015 0.000026 0.000130 0.000019 0.000028 0.000018 0.000014 0.000004 0.000016 0.000032 0.000087 0.000168 0.000069 0.000062 0.000103 0.000048 0.000013 0.000020 0.000013 0.000011 0.000005 0.000003 0.000002 -0.000003 -0.000002 -0.000021 -0.000004 -0.000001 -0.000002 -0.000008
0.000015 0.000019 0.000010 0.000004 0.000018 0.000004 0.000003 0.000001 0.000001 0.000003 0.000002 0.000001 0.000003 0.000016 0.000005 0.000005 0.000003 0.000023 0.000006 0.000001 0.000002 0.000001 0.000001 0.000000 -0.000002 -0.000002 -0.000004 -0.000010 -0.000001 0.000000 0.000002 0.000015 0.000032 0.000096 0.000024 0.000024 0.000020 0.000011 0.000004 0.000015 0.000056 0.000114 0.000005 0.000059 0.000006 0.000128 0.000066 0.000011 0.000004 0.000002 0.000004 0.000000 0.000000 0.000000 -0.000004 -0.000007 -0.000051 -0.000007 -0.000002 -0.000008 -0.000016
0.000005 0.000003 0.000001 0.000002 0.000006 0.000004 0.000003 0.000000 0.000000 0.000000 0.000000 0.000000 0.000000 0.000000 0.000000 0.000000 0.000000 0.000003 0.000001 0.000000 0.000000 0.000000 0.000000 -0.000005 -0.000004 -0.000008 -0.000036 -0.000013 -0.000003 -0.000000 0.000000 0.000009 0.000035 0.000029 0.000025 0.000021 0.000012 0.000008 0.000003 0.000009 0.000072 0.000030 0.000004 0.000031 0.000006 0.000009 0.000072 0.000004 0.000000 0.000000 0.000002 -0.000000 -0.000000 -0.000004 -0.000022 -0.000004 -0.000069 -0.000011 -0.000007 -0.000018 -0.000007
0.000006 0.000001 0.000002 0.000001 0.000001 0.000003 0.000001 -0.000000 -0.000002 -0.000005 -0.000002 -0.000006 -0.000003 -0.000002 -0.000002 -0.000001 -0.000000 -0.000000 -0.000000 -0.000000 -0.000001 -0.000002 -0.000005 -0.000008 -0.000006 -0.000010 -0.000092 -0.000021 -0.000008 -0.000001 -0.000000 0.000000 0.000006 0.000012 0.000008 0.000008 0.000004 0.000003 0.000001 0.000004 0.000018 0.000037 0.000003 0.000007 0.000005 0.000003 0.000012 0.000000 0.000000 0.000005 0.000001 -0.000000 -0.000001 -0.000008 -0.000047 -0.000005 -0.002401 -0.000010 -0.000005 -0.000048 -0.000005
0.000003 0.000007 0.000001 0.000000 0.000000 0.000000 0.000000 -0.000002 -0.000005 -0.000009 -0.000029 -0.000009 -0.000016 -0.000007 -0.000004 -0.000002 -0.000001 -0.000001 -0.000001 -0.000002 -0.000004 -0.000009 -0.000007 -0.000007 -0.000008 -0.000010 -0.000118 -0.000007 -0.000001 0.000007 0.000012 0.000001 0.000001 0.000000 0.000000 0.000001 0.000000 0.000000 0.000000 0.000000 0.000018 0.000005 0.000001 0.000001 0.000000 0.000000 -0.000000 -0.000001 0.000000 0.000001 0.000000 0.000000 -0.000004 -0.000103 -0.000030 0.000000 0.000001 -0.000001 -0.000034 -0.000026 -0.000004
0.000001 0.000002 0.000000 -0.000000 -0.000001 -0.000001 -0.000000 -0.000003 -0.000006 -0.000012 -0.000070 -0.000015 -0.000034 -0.000012 -0.000005 -0.000002 -0.000003 -0.000003 -0.000001 -0.000004 -0.000007 -0.000011 -0.000035 -0.000004 -0.000011 -0.000251 -0.000028 0.000013 0.000006 0.000003 0.000004 0.000001 -0.000000 -0.000000 -0.000001 -0.000000 -0.000001 -0.000013 -0.000003 0.000008 0.000004 0.000001 0.000000 0.000000 -0.000002 -0.000005 -0.000067 0.000006 0.000005 0.000001 -0.000001 -0.000004 -0.000011 -0.004757 -0.000000 -0.000000 0.000000 -0.000001 -0.000026 -0.000103 -0.000003
-0.000000 -0.000000 -0.000000 -0.000000 -0.000006 -0.000003 -0.000001 -0.000004 -0.000007 -0.000013 -0.000166 -0.000047 -0.000004 0.000010 0.000001 -0.000002 -0.000004 -0.000003 -0.000004 -0.000007 -0.000009 -0.000042 -0.000017 -0.000002 -0.000007 -0.001111 0.000001 0.000001 0.000001 0.000002 0.000000 -0.000000 -0.000002 -0.000008 -0.000009 -0.000002 -0.000087 -0.000038 -0.000005 0.000001 0.000000 0.000000 -0.000001 -0.000003 -0.000009 -0.000164 -0.000034 0.000003 0.000002 -0.000000 -0.000002 -0.000011 -0.000063 -0.000000 -0.000002 -0.000008 -0.000003 0.000000 0.000000 -0.000062 -0.000032
-0.000001 -0.000001 -0.000001 -0.000001 -0.000019 -0.000005 -0.000002 -0.000005 -0.000009 -0.000291 -0.001512 0.000000 0.000001 0.000004 0.000001 -0.000004 -0.000004 -0.000006 -0.000013 -0.000008 -0.000041 -0.000059 -0.000007 -0.000007 -0.000263 -0.000024 -0.000000 -0.000000 -0.000000 -0.000000 -0.000000 -0.000002 -0.000023 -0.000020 -0.000027 -0.000039 -0.000073 0.000000 0.000000 0.000000 0.000000 -0.000002 -0.000003 -0.000006 -0.000011 -0.000245 -0.000009 0.000002 -0.000000 -0.000001 -0.000005 -0.000019 -0.000077 -0.000002 -0.000038 -0.000014 -0.000009 -0.000001 -0.000002 -0.000014 -0.000043
-0.000004 -0.000004 -0.000003 -0.000003 -0.000016 -0.000020 -0.000007 -0.000009 -0.000088 -0.001117 0.000001 0.000001 0.000000 0.000000 -0.000000 -0.000002 -0.000005 -0.000011 -0.000016 -0.000081 -0.000040 -0.000016 -0.000003 -0.000395 -0.000095 -0.000000 -0.000001 -0.000001 -0.000001 -0.000007 -0.000008 -0.000034 -0.000030 -0.000017 -0.000012 -0.000129 -0.000033 -0.000002 -0.000006 -0.000005 -0.000008 -0.000003 -0.000006 -0.000010 -0.000013 -0.000232 -0.000001 0.000001 -0.000000 -0.000005 -0.000010 -0.000016 -0.000106 -0.000004 -0.000081 -0.000015 -0.000011 -0.000003 -0.000013 -0.000009 -0.000027
-0.000008 -0.000003 -0.000006 -0.000033 -0.000017 -0.000009 -0.000011 -0.000014 -0.000415 -0.000009 -0.000000 -0.000000 -0.000000 -0.000000 -0.000000 -0.000003 -0.000005 -0.000011 -0.000082 -0.000047 -0.000015 -0.000006 -0.000007 -0.000290 -0.000013 -0.000003 -0.000004 -0.000007 -0.000009 -0.000014 -0.000054 -0.000052 -0.000004 -0.000003 -0.000006 -0.000166 -0.000029 -0.000012 -0.000007 -0.000041 -0.000016 -0.000004 -0.000011 -0.000016 -0.000421 -0.000018 -0.000000 -0.000000 -0.000002 -0.000009 -0.000017 -0.000015 -0.000208 -0.000027 -0.000042 -0.000015 -0.000013 -0.000005 -0.000040 -0.000008 -0.000037
-0.000006 -0.000002 -0.000007 -0.000025 -0.000056 -0.000006 -0.000013 -0.000192 -0.000206 -0.000009 -0.000001 -0.000002 -0.000001 -0.000001 -0.000001 -0.000006 -0.000012 -0.000012 -0.000120 -0.000029 -0.000012 -0.000004 -0.000169 -0.000112 -0.000025 -0.000047 -0.000011 -0.000060 -0.000033 -0.000019 -0.000001 -0.000000 -0.000003 -0.000006 -0.000004 -0.000081 -0.000202 -0.000016 -0.000007 -0.000080 -0.000019 -0.000005 -0.000017 -0.000024 -0.000395 -0.000000 -0.000002 -0.000002 -0.000007 -0.000021 -0.000017 -0.000009 -0.000729 -0.000061 -0.000005 -0.000010 -0.000007 -0.000011 -0.000091 -0.000007 -0.000100
-0.000003 -0.000008 -0.000016 -0.000027 -0.000087 -0.000031 -0.000060 -0.006463 -0.000051 -0.000016 -0.000011 -0.000006 -0.000003 -0.000003 -0.000001 -0.000006 -0.000010 -0.001001 -0.000436 -0.000086 -0.000830 -0.000441 -0.000038 0.000074 0.000024 0.000003 0.000002 0.000002 0.000001 -0.000000 -0.000000 -0.000003 -0.000009 -0.000006 -0.000009 -0.000039 -0.000173 -0.000019 -0.000046 -0.000047 -0.000015 -0.000005 -0.000015 -0.000025 -0.000419 -0.000000 -0.000004 -0.000004 -0.000012 -0.000039 -0.000022 -0.000016 -0.000413 0.000001 -0.000000 -0.000003 -0.000011 -0.000015 -0.000070 -0.000127 -0.000052
-0.000002 -0.000007 -0.000021 -0.000014 -0.000048 -0.000053 -0.001102 0.000058 0.000194 -0.000049 -0.000013 -0.000005 -0.000007 -0.000004 -0.000002 -0.000005 -0.000103 -0.003322 0.000012 0.000009 0.000026 0.000017 0.000010 0.000007 0.000006 0.000003 0.000001 -0.000000 -0.000000 -0.000001 -0.000001 -0.000025 -0.000016 -0.000005 -0.000010 -0.000022 -0.000294 -0.000117 -0.000072 -0.000027 -0.000012 -0.000005 -0.000013 -0.000233 -0.000075 -0.000000 -0.000009 -0.000005 -0.000010 -0.000027 -0.000025 -0.000053 0.000001 -0.000000 -0.000000 -0.000003 -0.000021 -0.000016 -0.000277 -0.000015 -0.000006
-0.000004 -0.000008 -0.000023 -0.000011 -0.003593 0.000242 0.000011 0.000008 0.000002 0.001454 -0.000010 -0.000003 -0.000005 -0.000003 -0.000005 -0.000008 -0.000048 0.000000 0.000000 0.000011 0.000011 0.000025 0.000016 0.000009 0.000005 0.000003 0.000000 -0.000001 -0.000011 -0.000004 -0.000002 -0.000019 -0.000031 -0.000011 -0.000011 -0.000016 -0.000465 0.000000 -0.000000 -0.000000 -0.000007 -0.000004 -0.000013 -0.000318 -0.000025 -0.000002 -0.000008 -0.000005 -0.000010 -0.000016 -0.000087 -0.000005 0.000000 -0.000016 -0.000005 -0.000026 -0.000011 -0.000197 -0.000137 0.000000 -0.000009
-0.000007 -0.000023 -0.002762 0.000014 0.000016 0.000015 0.000012 0.000009 0.000002 0.000201 -0.000084 -0.000007 -0.000006 -0.000002 -0.000007 -0.000151 0.000022 0.000025 0.000010 0.000020 0.000012 0.000010 0.000019 0.000012 0.000006 0.000004 -0.000000 -0.000003 -0.000037 -0.000007 -0.000002 -0.000015 -0.000023 -0.000048 -0.000007 -0.000375 -0.000045 -0.000000 -0.000001 -0.000003 -0.000004 -0.000009 -0.000011 -0.000655 -0.000015 -0.000008 -0.000005 -0.000010 -0.000013 -0.000014 -0.000944 -0.000000 -0.000002 -0.000016 -0.000017 -0.000297 -0.000262 -0.000122 -0.000016 -0.000002 -0.002512
-0.001612 0.000699 0.000012 0.000031 0.000023 0.000013 0.000008 0.000010 0.000002 0.000007 0.004242 -0.000121 -0.000006 -0.000002 -0.006874 0.000537 0.000009 0.000012 0.000009 0.000011 0.000009 0.000008 0.000006 0.000011 0.000004 0.000001 -0.000001 -0.000004 -0.000023 -0.000051 -0.000008 -0.000007 -0.000024 -0.000082 -0.000004 -0.000403 -0.000062 -0.000004 -0.000011 -0.000006 -0.000003 -0.000008 -0.000013 -0.000524 -0.000011 -0.000014 -0.000022 -0.000006 -0.000011 -0.000033 -0.000000 -0.000001 -0.000005 -0.000012 -0.000321 -0.000074 0.000001 -0.000000 -0.000005 -0.000011 -0.002546
0.000010 0.000034 0.000017 0.000010 0.000028 0.000015 0.000014 0.000006 0.000004 0.000010 0.000015 0.000177 0.000084 0.000023 0.000014 0.000014 0.000012 0.000010 0.000007 0.000006 0.000005 0.000004 0.000002 0.000004 0.000001 0.000001 -0.000002 -0.000002 0.000002 -0.000304 -0.000173 -0.000004 -0.000015 -0.000068 -0.000019 -0.000368 -0.000041 -0.000010 -0.000022 -0.000009 -0.000008 -0.000003 -0.000007 -0.000356 -0.000013 -0.000013 -0.000012 -0.000005 -0.000009 -0.000053 -0.000001 -0.000002 -0.000009 -0.000016 -0.000362 -0.000000 -0.000000 -0.000000 -0.000002 -0.000014 -0.002101
0.000007 0.000023 0.000015 0.000013 0.000023 0.000013 0.000022 0.000004 0.000009 0.000016 0.000018 0.000035 0.000085 0.000012 0.000009 0.000007 0.000003 0.000006 0.000003 0.000002 0.000001 0.000001 0.000000 0.000000 0.000000 0.000000 0.000000 0.000001 0.000003 0.000001 -0.000028 -0.000324 -0.000111 -0.000100 -0.000358 -0.000173 -0.000023 -0.000013 -0.000023 -0.000011 -0.000007 -0.000002 -0.000005 -0.000344 -0.000531 -0.000013 -0.000009 -0.000004 -0.000010 -0.000144 -0.000003 -0.000002 -0.000006 -0.000172 -0.000063 -0.000002 -0.000003 -0.000002 -0.000001 0.000000 -0.001466
0.000001 0.000007 0.000011 0.000017 0.000011 0.000010 0.000008 0.000004 0.000006 0.000008 0.000011 0.000014 0.000054 0.000006 0.000003 0.000001 0.000001 0.000001 0.000001 0.000001 0.000000 0.000000 -0.000001 -0.000002 -0.000001 -0.000000 -0.000000 -0.000000 -0.000000 -0.000000 0.000001 0.000001 -0.000058 -0.000113 -0.000567 -0.000057 -0.000032 -0.000014 -0.000015 -0.000010 -0.000008 -0.000006 -0.000003 -0.000000 -0.000745 -0.000016 -0.000010 -0.000003 -0.000008 -0.000127 -0.000005 -0.000002 -0.000005 -0.000276 -0.000031 -0.000006 -0.000006 -0.000003 -0.000000 -0.000000 -0.000309
0.000000 0.000000 0.000001 0.000005 0.000005 0.000007 0.000007 0.000006 0.000002 0.000004 0.000007 0.000008 0.000016 0.000002 0.000000 -0.000000 -0.000000 -0.000000 -0.000000 -0.000000 -0.000000 -0.000001 -0.000007 -0.000004 -0.000005 -0.000006 -0.000005 -0.000001 -0.000002 -0.000000 -0.000000 0.000000 0.000000 -0.000009 -0.002374 -0.000005 0.000051 -0.000003 -0.000010 -0.000005 -0.000032 -0.000009 -0.000003 -0.000003 -0.000195 -0.000326 -0.000010 -0.000003 -0.000009 -0.000121 -0.000004 -0.000008 -0.000511 -0.030203 -0.000031 -0.000009 -0.000008 -0.000006 -0.000001 -0.000001 -0.000047
