hipims_case/output/hUy_4500.asc
ncols 269
nrows 269
xllcorner 0.000000
yllcorner 0.000000
cellsize 10.000000
NODATA_value -9999.000000
[rows 81 to 107 of 269, columns 0 to 60 of 269]
-9999.000000 -9999.000000 -9999.000000 -9999.000000 -9999.000000 -9999.000000 -9999.000000 -9999.000000 -9999.000000 -9999.000000 -9999.000000 -9999.000000 -9999.000000 -9999.000000 -9999.000000 -9999.000000 -9999.000000 -9999.000000 -9999.000000 -9999.000000 -0.000000 -0.000000 -0.000001 0.000000 0.000000 -0.000002 -0.000019 -0.000005 -0.000002 -0.000004 -0.000004 -0.000000 -0.000000 -0.000067 -0.000342 -0.000029 -0.000019 -0.000030 -0.000024 -0.000986 0.000020 0.000014 0.000004 0.000009 0.000531 -0.000000 -0.000000 -0.000000 -0.000001 -0.000005 -0.000008 -0.000156 -0.000103 -0.000083 -0.000003 -0.000156 -0.013562 0.003370 0.000128 0.000105 0.000034
-9999.000000 -9999.000000 -9999.000000 -9999.000000 -9999.000000 -9999.000000 -9999.000000 -9999.000000 -9999.000000 -9999.000000 -9999.000000 -9999.000000 -9999.000000 -9999.000000 -9999.000000 -9999.000000 -9999.000000 -9999.000000 -9999.000000 0.000004 0.000003 0.000000 -0.000008 -0.000001 -0.000002 -0.000007 -0.000016 -0.000038 -0.000005 -0.000003 -0.000005 -0.000000 -0.000002 -0.000023 -0.000207 -0.000137 -0.000040 -0.000034 -0.000076 0.000027 0.000023 0.000021 0.000008 0.000010 0.000414 0.000013 -0.000003 -0.000002 -0.000004 -0.000964 -0.011828 0.000074 0.000006 0.000075 0.000050 0.000018 0.000022 0.000062 0.000156 0.000043 0.000039
-9999.000000 -9999.000000 -9999.000000 -9999.000000 -9999.000000 -9999.000000 -9999.000000 -9999.000000 -9999.000000 -9999.000000 -9999.000000 -9999.000000 -9999.000000 -9999.000000 -9999.000000 -9999.000000 -9999.000000 -9999.000000 0.000002 0.000003 0.000001 0.000000 0.000000 -0.000002 -0.000007 -0.000006 -0.000013 -0.000114 -0.000011 -0.000005 -0.000003 -0.000000 -0.000002 -0.000024 -0.000082 -0.000169 -0.000051 -0.000185 0.000974 0.000025 0.000030 0.000029 0.000016 0.000006 0.000033 0.000380 0.000157 -0.000051 0.000001 0.000017 0.000079 0.000020 0.000018 0.000014 0.000033 0.000013 0.000009 0.000003 0.000139 0.000073 0.000007
-9999.000000 -9999.000000 -9999.000000 -9999.000000 -9999.000000 -9999.000000 -9999.000000 -9999.000000 -9999.000000 -9999.000000 -9999.000000 -9999.000000 -9999.000000 -9999.000000 -9999.000000 -9999.000000 -9999.000000 0.000003 0.000003 0.000002 0.000001 0.000000 -0.000001 -0.000004 -0.000013 -0.000006 -0.000010 -0.000043 -0.000135 -0.000006 -0.000002 -0.000001 0.000000 -0.000009 -0.000150 -0.005745 0.002417 0.000635 0.000016 0.000020 0.000022 0.000033 0.000019 0.000009 0.000064 0.000051 0.000026 0.000155 0.000019 0.000009 0.000102 0.000041 0.000019 0.000010 0.000023 0.000010 0.000006 0.000004 0.000012 0.000270 0.000010
-9999.000000 -9999.000000 -9999.000000 -9999.000000 -9999.000000 -9999.000000 -9999.000000 -9999.000000 -9999.000000 -9999.000000 -9999.000000 -9999.000000 -9999.000000 -9999.000000 -9999.000000 -9999.000000 0.000000 0.000002 0.000001 0.000001 0.000000 -0.000001 -0.000004 -0.000007 -0.000013 -0.000033 -0.000004 -0.000019 -0.000133 -0.000006 -0.000002 -0.000002 -0.000000 0.000004 0.000004 0.000000 0.000003 0.000007 0.000008 0.000008 0.000003 0.000035 0.000020 0.000031 0.000113 0.000011 0.000004 0.000115 0.000028 0.000026 0.000022 0.000047 0.000019 0.000008 0.000015 0.000007 0.000002 0.000007 0.000015 0.000141 0.000016
-9999.000000 -9999.000000 -9999.000000 -9999.000000 -9999.000000 -9999.000000 -9999.000000 -9999.000000 -9999.000000 -9999.000000 -9999.000000 -9999.000000 -9999.000000 -9999.000000 -9999.000000 -0.000000 -0.000000 -0.000000 -0.000000 -0.000000 -0.000000 -0.000001 -0.000002 -0.000005 -0.000012 -0.000161 -0.000003 -0.000019 -0.000130 -0.000007 -0.000002 -0.000004 -0.000000 0.000005 0.000138 0.000000 0.000000 0.000000 0.000000 0.000003 0.000003 0.000005 0.000009 0.000109 0.000020 0.000011 0.000005 0.000078 0.000032 0.000025 0.000017 0.000040 0.000027 0.000015 0.000008 0.000006 0.000002 0.000005 0.000008 0.000085 0.000014
-9999.000000 -9999.000000 -9999.000000 -9999.000000 -9999.000000 -9999.000000 -9999.000000 -9999.000000 -9999.000000 -9999.000000 -9999.000000 -9999.000000 -9999.000000 -9999.000000 -0.000000 -0.000002 -0.000001 -0.000001 -0.000001 -0.000004 -0.000002 -0.000001 -0.000002 -0.000004 -0.000007 -0.000147 -0.000002 -0.000011 -0.000208 -0.000002 -0.000002 -0.000005 -0.000002 0.000007 0.000007 -0.000010 -0.000002 -0.000003 -0.000002 0.000000 0.000003 0.000002 0.000005 0.000031 0.000019 0.000010 0.000009 0.000025 0.000013 0.000012 0.000012 0.000014 0.000024 0.000013 0.000006 0.000004 0.000001 0.000003 0.000005 0.000039 0.000008
-9999.000000 -9999.000000 -9999.000000 -9999.000000 -9999.000000 -9999.000000 -9999.000000 -9999.000000 -9999.000000 -9999.000000 -9999.000000 -9999.000000 0.000000 0.000000 -0.000004 -0.000024 -0.000005 -0.000010 -0.000006 -0.000005 -0.000003 -0.000001 -0.000003 -0.000003 -0.000006 -0.000105 -0.000001 -0.000090 -0.000074 -0.000001 -0.000005 -0.000014 -0.000002 0.000004 0.000002 -0.000120 -0.000006 -0.000006 -0.000003 0.000000 0.000000 0.000001 0.000001 0.000001 0.000016 0.000004 0.000002 0.000006 0.000004 0.000005 0.000004 0.000010 0.000006 0.000005 0.000002 0.000001 0.000000 0.000000 0.000002 0.000012 0.000002
-9999.000000 -9999.000000 -9999.000000 -9999.000000 -9999.000000 -9999.000000 -9999.000000 -9999.000000 -9999.000000 -9999.000000 -9999.000000 0.000000 -0.000003 -0.000034 -0.000029 -0.000043 -0.000040 -0.000030 -0.000017 -0.000007 -0.000003 -0.000001 -0.000004 -0.000007 -0.000012 -0.000124 -0.000001 -0.000161 -0.000022 -0.000002 -0.000006 -0.000007 -0.000000 -0.000000 -0.000000 -0.000053 -0.000007 -0.000005 -0.000003 -0.000001 0.000000 0.000000 0.000000 0.000000 0.000002 0.000000 0.000000 0.000000 0.000001 0.000001 0.000001 0.000001 0.000001 0.000001 0.000000 0.000000 0.000000 0.000000 0.000000 0.000000 -0.000000
-9999.000000 -9999.000000 -9999.000000 -9999.000000 -9999.000000 -9999.000000 -9999.000000 -9999.000000 -9999.000000 -9999.000000 -0.000000 -0.000002 -0.000136 -0.000127 -0.000095 -0.000067 -0.000008 0.000001 0.000001 -0.000000 -0.000000 -0.000001 -0.000000 0.000000 0.000001 0.000042 0.000030 0.019083 -0.000065 -0.000002 -0.000006 -0.000012 -0.000014 -0.000005 -0.000003 -0.000137 0.000007 -0.000005 -0.000013 -0.000007 0.000000 0.000000 -0.000000 -0.000000 -0.000000 -0.000000 -0.000001 -0.000001 0.000000 0.000000 -0.000000 -0.000000 -0.000000 -0.000000 -0.000001 -0.000002 -0.000004 -0.000002 -0.000000 -0.000000 -0.000000
-9999.000000 -9999.000000 -9999.000000 -9999.000000 -9999.000000 -9999.000000 -9999.000000 -9999.000000 -9999.000000 0.000000 -0.000025 -0.000039 -0.000145 -0.000097 -0.000027 -0.000000 -0.000000 -0.000000 -0.000000 -0.000000 -0.000002 -0.000001 -0.000001 -0.000000 0.000001 0.000035 0.000009 0.000009 -0.000089 -0.000031 -0.000027 -0.000022 -0.000053 -0.000004 -0.003006 0.000705 0.000057 0.000000 0.000000 -0.000002 -0.000000 -0.000000 -0.000000 -0.000001 -0.000006 -0.000004 -0.000005 -0.000001 0.000000 -0.000000 -0.000000 -0.000002 -0.000002 -0.000002 -0.000003 -0.000002 -0.000018 -0.000004 -0.000001 -0.000011 -0.000005
-9999.000000 -9999.000000 -9999.000000 -9999.000000 -9999.000000 -9999.000000 -9999.000000 -9999.000000 -9999.000000 -0.000000 -0.000083 -0.000055 -0.000083 -0.000046 -0.000019 -0.000005 -0.000003 -0.000003 -0.000002 -0.000003 -0.000007 -0.000001 -0.000004 0.000020 0.000028 0.000048 0.000001 0.000000 0.000001 -0.000017 -0.000035 -0.004720 0.003865 0.000767 0.002149 0.000193 0.000194 -0.000000 -0.000000 -0.000002 -0.000004 -0.000013 -0.000008 -0.000012 -0.000026 -0.000016 -0.000002 -0.000000 -0.000000 -0.000002 -0.000010 -0.000007 -0.000007 -0.000008 -0.000002 -0.000004 -0.000059 -0.000005 -0.000002 -0.000015 -0.000033
-9999.000000 -9999.000000 -9999.000000 -9999.000000 -9999.000000 -9999.000000 -9999.000000 -9999.000000 0.000000 -0.000001 -0.000705 -0.000032 -0.000049 -0.000027 -0.000021 -0.000012 -0.000012 -0.000010 -0.000007 -0.000018 -0.000011 -0.000003 0.000003 0.000013 0.000002 0.000003 0.000000 -0.000001 -0.000000 -0.000000 -0.000007 0.001533 0.000015 0.000015 0.000010 0.000004 0.000576 0.000043 -0.000017 -0.000031 -0.000081 -0.000094 -0.000033 -0.000035 -0.000002 -0.000000 -0.000000 -0.000002 -0.000012 -0.000012 -0.000014 -0.000008 -0.000023 -0.000009 -0.000007 -0.000022 -0.000017 -0.000001 -0.000001 -0.000008 -0.000060
-9999.000000 -9999.000000 -9999.000000 -9999.000000 -9999.000000 -9999.000000 -9999.000000 -9999.000000 0.000000 -0.000037 -0.000151 -0.000158 -0.000014 -0.000034 -0.000015 -0.000020 -0.000031 -0.000040 -0.000029 -0.000036 0.000001 0.000001 0.000006 0.000002 0.000001 0.000000 -0.000002 -0.000009 -0.000005 -0.000005 -0.000392 0.000013 0.000015 0.000013 0.000007 0.000004 0.000009 0.000329 -0.000185 -0.000036 -0.000020 -0.000000 -0.000000 -0.000000 -0.000000 -0.000001 -0.000243 0.000224 -0.000069 -0.000043 -0.000096 -0.000021 -0.000014 -0.000004 -0.000085 -0.000033 -0.000003 -0.000001 -0.000003 -0.000007 -0.000120
-9999.000000 -9999.000000 -9999.000000 -9999.000000 -9999.000000 -9999.000000 -9999.000000 -9999.000000 0.000000 0.000000 -0.000000 -0.000027 -0.000011 -0.000004 -0.000044 -0.000038 -0.000040 -0.000050 -0.000017 0.000002 0.000001 0.000000 0.000002 0.000000 0.000000 -0.000002 -0.000008 -0.000015 -0.000015 -0.000103 0.000029 0.000018 0.000015 0.000009 0.000002 0.000005 0.000006 0.000040 0.000242 0.000021 -0.000009 -0.000003 -0.000002 -0.000001 -0.000372 -0.001554 -0.000089 0.000007 0.000007 0.000005 0.000231 0.001872 0.000014 0.000030 0.000042 0.000003 0.000002 -0.000001 -0.000004 -0.000012 -0.000267
-9999.000000 -9999.000000 -9999.000000 -9999.000000 -9999.000000 -9999.000000 -9999.000000 -9999.000000 -0.000000 -0.000004 -0.000007 0.000000 -0.000040 -0.000010 -0.000017 -0.000037 -0.000024 -0.000025 -0.000002 0.000000 0.000000 0.000000 0.000002 0.000000 -0.000002 -0.000007 -0.000012 -0.000014 -0.002662 0.000107 0.000020 0.000014 0.000011 0.000009 0.000002 0.000001 0.000002 0.000090 0.000120 0.000002 0.001022 -0.000112 -0.000196 -0.000225 -0.000125 0.000010 0.000007 0.000001 0.000006 0.000008 0.000007 0.000044 0.000014 0.000014 0.000008 0.000005 0.000001 -0.000002 -0.000008 -0.000014 -0.000202
-9999.000000 -9999.000000 -9999.000000 -9999.000000 -9999.000000 -9999.000000 -9999.000000 -9999.000000 -0.000000 -0.000093 -0.000027 -0.000000 -0.000007 -0.000541 -0.000057 -0.000021 -0.000020 -0.000015 -0.000007 -0.000003 -0.000005 -0.000000 0.000000 0.000000 -0.000005 -0.000009 -0.000010 -0.001105 0.000004 0.000007 0.000021 0.000010 0.000005 0.000013 0.000004 0.000000 0.000004 0.000237 0.000006 0.000002 0.000008 -0.001916 -0.000083 0.000002 0.000018 0.000011 0.000018 0.000004 0.000003 0.000002 0.000013 0.000011 0.000008 0.000016 0.000009 0.000003 0.000002 -0.000003 -0.000008 -0.000013 -0.000071
-9999.000000 -9999.000000 -9999.000000 -9999.000000 -9999.000000 -9999.000000 -9999.000000 -9999.000000 -0.000000 -0.000079 -0.000014 -0.000000 -0.000019 0.000000 -0.000038 -0.000049 -0.000016 -0.000016 -0.000015 -0.000014 -0.000012 -0.000006 -0.000004 -0.000001 -0.000005 -0.000004 -0.000349 0.000000 0.000000 0.000001 0.000012 0.000010 0.000003 0.000011 0.000012 0.000019 0.000023 0.000148 0.000007 0.000002 0.000006 0.000329 0.000006 0.000001 0.000003 0.000007 0.000003 0.000001 0.000000 0.000000 0.000002 0.000006 0.000007 0.000007 0.000005 0.000003 0.000004 -0.000003 -0.000006 -0.000018 -0.000068
-9999.000000 -9999.000000 -9999.000000 -9999.000000 -9999.000000 -9999.000000 -9999.000000 0.000000 -0.000066 -0.000065 -0.000017 -0.000013 -0.000051 -0.000007 -0.000035 -0.000006 -0.000048 -0.000077 -0.000015 -0.000018 -0.000014 -0.000021 -0.000011 -0.000008 -0.000005 -0.000000 0.000000 -0.000001 -0.000001 0.000000 0.000006 0.000007 0.000005 0.000007 0.000007 0.000008 0.000013 0.000108 0.000009 0.000003 0.000011 0.000482 0.000004 0.000000 0.000000 0.000001 0.000000 0.000000 0.000000 0.000000 0.000000 0.000002 0.000004 0.000004 0.000002 0.000004 0.000004 0.000004 -0.000009 -0.000029 -0.000157
-9999.000000 -9999.000000 -9999.000000 -9999.000000 -9999.000000 -9999.000000 -9999.000000 0.000000 -0.000161 -0.000065 -0.000043 -0.000035 -0.000008 -0.000056 -0.000044 -0.000032 -0.000004 -0.000005 -0.000024 -0.000055 -0.000013 -0.000031 -0.000015 -0.000014 -0.000010 -0.000003 -0.000000 -0.000022 -0.000003 -0.000001 0.000004 0.000002 0.000007 0.000004 0.000007 0.000009 0.000016 0.000069 0.000005 0.000002 0.000020 0.000702 0.000001 -0.000000 -0.000000 -0.000000 -0.000001 -0.000009 -0.000002 0.000001 0.000000 0.000000 0.000001 0.000002 0.000002 0.000001 0.000001 0.000001 0.000000 -0.000007 -0.004447
-9999.000000 -9999.000000 -9999.000000 -9999.000000 -9999.000000 -9999.000000 -9999.000000 0.000000 -0.000064 -0.000167 -0.000061 -0.000064 -0.000045 -0.000039 -0.000030 -0.000059 -0.000030 -0.000000 0.000007 -0.000001 -0.000059 -0.000137 -0.000027 -0.000002 -0.000049 -0.000003 -0.000002 -0.000279 -0.000009 0.000009 0.000005 0.000000 0.000001 0.000002 0.000004 0.000008 0.000016 0.000031 0.000001 0.000002 0.000022 0.000372 0.000019 -0.000000 -0.000004 -0.000000 0.000056 0.000005 0.000002 0.000000 0.000000 0.000000 0.000000 0.000000 0.000000 0.000000 0.000000 0.000000 0.000000 -0.000000 -0.004383
-9999.000000 -9999.000000 -9999.000000 -9999.000000 -9999.000000 -9999.000000 -9999.000000 -0.000000 -0.000031 -0.000091 -0.000371 -0.000087 -0.000077 -0.000031 -0.000010 -0.002133 -0.000155 -0.000017 -0.000000 -0.000001 0.000007 0.000017 0.000000 0.000002 0.000007 0.000006 0.000021 0.002947 0.000010 0.000007 0.000002 0.000000 0.000000 0.000000 0.000001 0.000001 0.000002 0.000003 0.000000 0.000000 0.000069 0.000242 0.000076 0.000086 0.000047 0.000021 0.000006 0.000003 0.000001 -0.000000 -0.000000 -0.000000 -0.000000 -0.000000 -0.000001 -0.000002 -0.000002 -0.000001 -0.000000 -0.000001 -0.006498
-9999.000000 -9999.000000 -9999.000000 -9999.000000 -9999.000000 -9999.000000 -9999.000000 -0.000000 -0.000018 -0.000032 -0.000199 -0.000375 -0.000082 -0.000030 0.000000 0.000000 0.000002 -0.000449 -0.000006 0.000000 0.000001 0.000007 -0.000000 0.000000 0.000002 0.000003 0.000039 0.000012 0.000009 0.000005 0.000001 -0.000001 -0.000001 -0.000000 -0.000000 -0.000000 -0.000000 -0.000000 -0.000000 0.000010 0.000339 0.000017 0.000018 0.000013 0.000007 0.000005 0.000002 -0.000000 -0.000000 -0.000001 -0.000001 -0.000001 -0.000002 -0.000003 -0.000002 -0.000004 -0.000005 -0.000005 -0.000002 -0.000004 -0.025421
-9999.000000 -9999.000000 -9999.000000 -9999.000000 -9999.000000 -9999.000000 -9999.000000 -0.000000 -0.000015 -0.000013 -0.000092 -0.000228 -0.000368 -0.000028 -0.000004 0.000000 0.000000 0.000003 -0.000258 -0.000003 0.000000 0.000007 -0.000001 -0.000002 0.000000 0.000000 0.000009 0.000006 0.000003 0.000000 0.000000 -0.000002 -0.000009 -0.000002 -0.000001 -0.000000 0.000002 0.000006 0.000043 0.000424 0.000014 0.000010 0.000019 0.000011 0.000004 0.000002 -0.000000 -0.000001 -0.000003 -0.000005 -0.000004 -0.000005 -0.000004 -0.000009 -0.000002 -0.000004 -0.000003 -0.000000 -0.000001 -0.000009 -0.078472
-9999.000000 -9999.000000 -9999.000000 -9999.000000 -9999.000000 -9999.000000 -1.120954 -0.000000 -0.000009 -0.000021 -0.000061 -0.000116 -0.023681 -0.000017 -0.000009 -0.000002 0.000000 0.000000 0.000000 -0.000004 -0.000005 0.000000 -0.000006 -0.000005 -0.000003 -0.000000 0.000000 0.000000 0.000000 -0.000000 -0.000001 -0.000001 -0.000007 -0.000007 -0.000011 -0.000000 0.000001 0.000003 0.000044 0.000012 0.000009 0.000010 0.000007 0.000004 0.000002 0.000000 -0.000001 -0.000007 -0.000040 -0.000011 -0.000007 -0.000007 -0.000005 -0.000010 -0.000003 -0.000002 -0.000001 -0.000000 0.000004 0.000048 -0.102121
-9999.000000 -9999.000000 -9999.000000 -9999.000000 -9999.000000 -9999.000000 -1.122177 -0.000000 -0.000004 -0.000016 -0.000027 -0.000194 0.008942 0.000003 -0.000013 -0.000007 -0.000004 -0.000002 -0.000002 -0.000034 -0.000010 -0.000008 -0.000002 -0.000345 -0.000007 -0.000004 -0.000004 -0.000003 -0.000001 -0.000004 -0.000030 -0.000002 -0.000005 -0.000010 -0.000029 0.000000 0.000000 0.000002 0.000020 0.000008 0.000006 0.000005 0.000004 0.000002 0.000000 -0.000001 -0.000004 -0.000009 -0.000182 -0.000048 -0.000027 -0.000016 -0.000032 -0.000008 -0.000004 -0.000001 -0.000002 0.000003 0.000008 0.000009 -0.037813
-9999.000000 -9999.000000 -9999.000000 -9999.000000 -9999.000000 -9999.000000 -1.124690 -0.000001 -0.000004 -0.000007 -0.000025 0.000185 0.000027 0.000006 -0.000013 -0.000016 -0.000015 -0.000014 -0.000020 -0.000010 -0.000014 -0.000007 -0.000003 0.000000 -0.000046 -0.000010 -0.000012 -0.000012 -0.000010 -0.000009 -0.000025 -0.000002 -0.000005 -0.000049 -0.000019 -0.000002 -0.000001 0.000000 0.000001 0.000004 0.000003 0.000001 0.000001 0.000000 0.000000 -0.000002 -0.000007 -0.000370 -0.000017 0.000001 0.000001 0.000000 -0.000000 -0.000000 -0.000000 -0.000000 -0.000000 0.000001 0.000006 0.000010 0.000003
