001_floodsim/hipims_case/output/h_2700.asc
ncols 269
nrows 269
xllcorner 0.000000
yllcorner 0.000000
cellsize 10.000000
NODATA_value -9999.000000
[rows 84 to 111 of 269, columns 186 to 247 of 269]
0.429741 0.401595 0.419038 0.463231 0.457288 0.429229 0.315598 0.205243 0.081893 0.047300 0.133009 0.362026 0.476230 0.445945 0.421604 0.405851 0.368523 0.359912 0.373147 0.380167 0.380946 0.197611 0.003064 0.002433 0.001426 0.001689 0.002140 0.039951 0.085748 0.002565 0.002021 0.001197 0.004857 0.059597 0.046822 0.048842 0.001775 0.001412 0.001009 0.001532 0.001916 0.002323 0.002770 0.052109 0.045652 0.024028 0.002796 0.002727 0.002506 0.002185 0.002475 0.001897 0.001714 0.002005 0.001006 0.000939 0.001310 0.001358 0.000936 0.001449 0.001573 0.000974
0.570927 0.583054 0.562312 0.530478 0.438836 0.346454 0.206722 0.009826 0.001894 0.001207 0.001616 0.009877 0.257327 0.410244 0.433371 0.451243 0.406388 0.372195 0.331497 0.335370 0.394308 0.341877 0.210435 0.003420 0.001628 0.023875 0.280404 0.352720 0.226438 0.013638 0.021436 0.034521 0.065132 0.048765 0.002393 0.001860 0.001288 0.000651 0.001423 0.001902 0.002294 0.040709 0.400577 0.270685 0.052783 0.001193 0.001363 0.002301 0.002046 0.001935 0.001714 0.001070 0.001148 0.001356 0.001853 0.002777 0.002533 0.001930 0.001571 0.002347 0.001206 0.001641
0.532986 0.520320 0.465562 0.408923 0.300555 0.203610 0.066176 0.003979 0.001752 0.001549 0.001027 0.001931 0.002709 0.128871 0.145355 0.267815 0.310506 0.126939 0.002662 0.001142 0.220322 0.371560 0.414735 0.398699 0.416119 0.451626 0.463801 0.435795 0.353100 0.068854 0.048233 0.042690 0.002930 0.002407 0.002050 0.001575 0.000651 0.001303 0.001787 0.003313 0.288441 0.584534 0.315399 0.066523 0.112198 0.069678 0.001671 0.000959 0.001172 0.001150 0.001348 0.001845 0.001642 0.001118 0.006228 0.003314 0.002238 0.002316 0.001893 0.002876 0.001082 0.001857
0.345234 0.363686 0.296908 0.184812 0.077171 0.019761 0.006605 0.005058 0.001009 0.001012 0.001037 0.001799 0.002455 0.012005 0.001077 0.002345 0.099166 0.005008 0.001731 0.000999 0.001715 0.094786 0.317594 0.360022 0.347153 0.359947 0.416152 0.425121 0.357806 0.007401 0.002684 0.002570 0.002413 0.002044 0.002660 0.001414 0.000899 0.001574 0.126257 0.592035 0.419464 0.013645 0.002248 0.001192 0.001947 0.069228 0.063592 0.002064 0.002112 0.002102 0.002154 0.002167 0.001822 0.001048 0.006059 0.002844 0.002812 0.002667 0.002290 0.001820 0.001907 0.002276
0.099642 0.096265 0.041020 0.009947 0.005967 0.006380 0.004850 0.007004 0.013688 0.004118 0.001647 0.002263 0.003112 0.010949 0.001167 0.002554 0.018972 0.007223 0.001509 0.000994 0.001485 0.001814 0.002224 0.006354 0.002069 0.001721 0.066391 0.422378 0.309014 0.002067 0.002061 0.002049 0.001959 0.001592 0.001287 0.000651 0.001341 0.142872 0.505890 0.009228 0.003153 0.003602 0.002241 0.001449 0.001717 0.002027 0.134565 0.003443 0.002619 0.002559 0.002328 0.003381 0.002754 0.003119 0.006455 0.003381 0.003166 0.002990 0.001564 0.002146 0.002428 0.008683
0.021367 0.002943 0.002870 0.006052 0.007465 0.004139 0.002551 0.001179 0.007817 0.002490 0.001970 0.001194 0.002514 0.008997 0.001331 0.002951 0.015126 0.010489 0.001000 0.001007 0.000970 0.001374 0.001831 0.004484 0.001553 0.002641 0.003226 0.346179 0.216435 0.001058 0.001099 0.001210 0.001499 0.000897 0.000651 0.001257 0.127815 0.606137 0.083113 0.004330 0.003324 0.004480 0.002983 0.002030 0.000930 0.002286 0.066152 0.025336 0.021080 0.033922 0.083038 0.038286 0.013931 0.021112 0.042438 0.003507 0.002973 0.002146 0.001243 0.002205 0.012225 0.010556
0.014799 0.002242 0.001134 0.001972 0.012278 0.002829 0.002198 0.001220 0.006104 0.002174 0.001703 0.001423 0.002633 0.009677 0.002327 0.003361 0.007902 0.019160 0.007954 0.001490 0.000895 0.000651 0.001449 0.002854 0.002363 0.002954 0.003438 0.072080 0.295378 0.001820 0.002123 0.001611 0.000992 0.000978 0.001353 0.112013 0.572546 0.008607 0.003107 0.004489 0.004344 0.002865 0.002509 0.002001 0.001126 0.001906 0.052780 0.252350 0.084865 0.050047 0.026678 0.116301 0.066300 0.045747 0.031442 0.060130 0.046892 0.004121 0.005347 0.011686 0.014069 0.002754
0.012281 0.002332 0.001305 0.001811 0.008836 0.003482 0.002761 0.001472 0.004507 0.001840 0.001013 0.001944 0.003661 0.006180 0.003284 0.004970 0.010254 0.007208 0.006964 0.013567 0.005310 0.003377 0.000977 0.002183 0.002497 0.002806 0.003292 0.003945 0.285241 0.242218 0.002904 0.001919 0.001506 0.000987 0.111396 0.139700 0.002654 0.002643 0.002688 0.002589 0.003840 0.002484 0.002333 0.001841 0.000973 0.001773 0.002294 0.008107 0.002516 0.001986 0.001018 0.001942 0.014488 0.010006 0.001758 0.000997 0.083332 0.046357 0.016588 0.018926 0.003073 0.002677
0.013072 0.002453 0.001701 0.001382 0.006903 0.002844 0.002513 0.002063 0.002857 0.001735 0.001009 0.001845 0.003616 0.002426 0.006911 0.004653 0.003702 0.006573 0.001994 0.005965 0.002470 0.001988 0.001297 0.002214 0.003455 0.004132 0.004591 0.003897 0.012966 0.334359 0.404205 0.191305 0.232068 0.244485 0.154870 0.002034 0.002072 0.002061 0.002109 0.002108 0.003294 0.002945 0.002085 0.001676 0.000898 0.001662 0.002070 0.006205 0.002360 0.001982 0.001027 0.001900 0.008344 0.018997 0.002336 0.000920 0.002019 0.037187 0.002152 0.004526 0.002757 0.002456
0.009115 0.002446 0.001902 0.001015 0.005338 0.002534 0.002260 0.001831 0.002167 0.001547 0.001003 0.001699 0.003018 0.002175 0.008390 0.001508 0.002032 0.003939 0.002544 0.004318 0.002182 0.001754 0.001289 0.003114 0.002838 0.002767 0.003130 0.002416 0.002400 0.015332 0.033235 0.004557 0.006431 0.101891 0.077438 0.000952 0.001147 0.001067 0.001143 0.001333 0.001729 0.002249 0.001718 0.001427 0.000651 0.001449 0.001738 0.004324 0.002068 0.001976 0.001024 0.001720 0.014938 0.009995 0.001834 0.001191 0.001931 0.051693 0.011614 0.004580 0.002275 0.003246
0.006575 0.002244 0.001762 0.001011 0.003687 0.002096 0.001882 0.001642 0.001017 0.001005 0.000981 0.001413 0.002288 0.001958 0.007138 0.002207 0.001718 0.000964 0.002011 0.004106 0.001870 0.001288 0.002296 0.003049 0.002009 0.002053 0.002016 0.002030 0.001451 0.024777 0.024995 0.002001 0.001031 0.001899 0.122854 0.029600 0.002042 0.001822 0.002171 0.001681 0.001020 0.001019 0.001011 0.000986 0.000912 0.000986 0.001017 0.001819 0.001353 0.001947 0.001009 0.002388 0.020863 0.002843 0.002379 0.001028 0.002576 0.031221 0.009361 0.008844 0.001072 0.001087
0.004447 0.001945 0.001510 0.001002 0.001369 0.001375 0.001094 0.001173 0.002190 0.001530 0.000905 0.000651 0.001305 0.001844 0.005559 0.001952 0.001465 0.000898 0.002082 0.001891 0.001566 0.001778 0.001879 0.002262 0.001243 0.001123 0.001061 0.001037 0.013749 0.048199 0.002974 0.001836 0.001038 0.001783 0.098321 0.598915 0.049825 0.002521 0.002469 0.002157 0.001867 0.001756 0.001542 0.000995 0.001518 0.003813 0.002228 0.002334 0.002004 0.001765 0.000941 0.001803 0.013437 0.002508 0.001832 0.001010 0.002085 0.026012 0.008831 0.011641 0.017628 0.001988
0.002183 0.001499 0.000909 0.000988 0.001718 0.003063 0.003263 0.002647 0.002490 0.002030 0.001643 0.001322 0.000651 0.001441 0.003704 0.001594 0.000903 0.000651 0.000904 0.000985 0.001196 0.000899 0.000990 0.001010 0.001629 0.002098 0.001772 0.001951 0.126591 0.029907 0.002970 0.002298 0.001048 0.001552 0.049981 0.080894 0.054197 0.061437 0.060361 0.002637 0.002409 0.003630 0.003606 0.004803 0.006824 0.013676 0.014178 0.008007 0.005061 0.002619 0.001260 0.002527 0.016895 0.003628 0.002476 0.000934 0.003002 0.025408 0.007882 0.008433 0.012806 0.024677
0.000985 0.000905 0.000651 0.001424 0.001998 0.002895 0.006355 0.002919 0.002423 0.003128 0.002134 0.001813 0.001403 0.000925 0.001260 0.001185 0.001499 0.000901 0.001486 0.001744 0.002401 0.001670 0.001848 0.001910 0.002129 0.002446 0.002518 0.155272 0.034487 0.002528 0.002956 0.001903 0.001032 0.001007 0.081444 0.002042 0.001619 0.001213 0.209854 0.028674 0.022232 0.027444 0.021000 0.021354 0.014990 0.010458 0.005946 0.003972 0.002480 0.001944 0.001183 0.001936 0.010028 0.002923 0.002151 0.001193 0.003052 0.024331 0.003479 0.003020 0.001350 0.011850
0.001737 0.001484 0.000905 0.001685 0.002200 0.002883 0.008737 0.003164 0.002694 0.004271 0.003029 0.003108 0.002587 0.001987 0.002060 0.001947 0.001762 0.000976 0.001762 0.002152 0.002629 0.002554 0.002581 0.002598 0.002691 0.002934 0.057448 0.032499 0.003502 0.002477 0.002072 0.001756 0.001513 0.001708 0.285925 0.001556 0.001014 0.001568 0.052042 0.002651 0.002656 0.002738 0.002696 0.004194 0.003153 0.003030 0.004846 0.004512 0.003870 0.002826 0.001405 0.001688 0.008041 0.002931 0.002142 0.001092 0.003756 0.016940 0.003197 0.002868 0.001794 0.002057
0.002115 0.001747 0.000977 0.001832 0.002354 0.003422 0.011689 0.004105 0.004403 0.005292 0.003881 0.002513 0.002324 0.002404 0.002131 0.003173 0.002141 0.001664 0.001319 0.004259 0.006635 0.008072 0.009099 0.010910 0.012263 0.043980 0.029842 0.003632 0.003805 0.003177 0.002272 0.001023 0.001867 0.004212 0.341259 0.002093 0.001015 0.001005 0.051014 0.001954 0.001955 0.002024 0.002042 0.003345 0.002652 0.002650 0.002522 0.004167 0.002771 0.002353 0.001911 0.000926 0.006050 0.002955 0.002086 0.001161 0.004801 0.020464 0.004561 0.003018 0.002789 0.001458
0.002357 0.001898 0.001004 0.001905 0.002468 0.002790 0.019658 0.012182 0.004371 0.003567 0.002721 0.003800 0.003153 0.003341 0.003711 0.007833 0.008671 0.006974 0.004416 0.001377 0.001832 0.001302 0.001113 0.002953 0.011493 0.022113 0.003359 0.002825 0.003751 0.002537 0.001897 0.001019 0.001633 0.002323 0.162633 0.001500 0.000999 0.003339 0.066116 0.001033 0.001061 0.001138 0.001282 0.002413 0.002126 0.002138 0.002095 0.003137 0.002470 0.002060 0.001757 0.001078 0.004073 0.003004 0.002824 0.001994 0.009118 0.011785 0.004142 0.003979 0.003023 0.001975
0.002880 0.001982 0.001015 0.001947 0.002549 0.040586 0.068603 0.028361 0.041769 0.030468 0.027992 0.040207 0.007419 0.006818 0.008812 0.016320 0.005283 0.003311 0.004236 0.001881 0.001207 0.004001 0.005845 0.006148 0.010679 0.014604 0.002945 0.002429 0.003099 0.002455 0.001796 0.001016 0.002102 0.002254 0.117324 0.000962 0.000934 0.001890 0.080104 0.007863 0.001987 0.001890 0.001664 0.000968 0.001306 0.001385 0.001922 0.001689 0.002252 0.001660 0.001434 0.000887 0.001439 0.002560 0.001968 0.002728 0.010914 0.003743 0.003491 0.003172 0.004412 0.002513
0.002216 0.001426 0.001714 0.002232 0.042458 0.163687 0.003117 0.002920 0.002819 0.003857 0.003497 0.022295 0.092983 0.022007 0.012143 0.003748 0.003367 0.003105 0.002569 0.001500 0.002155 0.002442 0.002836 0.003531 0.013296 0.006349 0.003899 0.003115 0.002100 0.002381 0.001570 0.001015 0.001517 0.001716 0.073625 0.002265 0.001443 0.001734 0.045140 0.007652 0.013898 0.010017 0.008387 0.006475 0.006734 0.001698 0.001008 0.000929 0.001133 0.000973 0.000899 0.000651 0.000910 0.001563 0.001876 0.002606 0.007980 0.003225 0.002959 0.002527 0.003376 0.002211
0.002277 0.001195 0.001979 0.098624 0.059074 0.003036 0.002639 0.002209 0.002841 0.002137 0.001745 0.000973 0.001878 0.012251 0.004761 0.003393 0.002929 0.003059 0.002736 0.002146 0.001071 0.001978 0.002504 0.003478 0.011659 0.003276 0.002835 0.002386 0.001978 0.001550 0.001015 0.001019 0.001008 0.001002 0.071051 0.026477 0.001581 0.001009 0.053308 0.001184 0.001387 0.002571 0.002395 0.002610 0.004159 0.004382 0.002625 0.001949 0.001791 0.002192 0.001708 0.001484 0.002000 0.001120 0.001325 0.002558 0.005381 0.002880 0.002712 0.002295 0.002779 0.001825
0.050033 0.052302 0.064328 0.058777 0.002214 0.002706 0.002282 0.001938 0.001865 0.001787 0.001473 0.000898 0.001722 0.009093 0.005201 0.005441 0.003743 0.002719 0.002646 0.002148 0.001133 0.001894 0.002332 0.003706 0.008864 0.002842 0.002493 0.002029 0.001559 0.001019 0.001019 0.001571 0.001762 0.009803 0.073406 0.181052 0.000989 0.001002 0.041009 0.416130 0.021972 0.001021 0.001018 0.000974 0.001381 0.001486 0.002182 0.002420 0.002159 0.003346 0.002493 0.002503 0.002611 0.002528 0.001899 0.002890 0.002427 0.002539 0.002448 0.002299 0.002067 0.001712
0.006345 0.002459 0.002040 0.002779 0.001864 0.001479 0.001870 0.000995 0.000902 0.001133 0.000901 0.000651 0.001509 0.005732 0.004073 0.004487 0.004851 0.003865 0.002397 0.002183 0.001307 0.001663 0.002063 0.004204 0.005958 0.002382 0.002173 0.001686 0.001045 0.001019 0.001673 0.013294 0.017979 0.009547 0.006667 0.064428 0.001521 0.001015 0.001023 0.029160 0.527422 0.047889 0.002684 0.003348 0.004399 0.008664 0.011380 0.018050 0.043441 0.021519 0.003690 0.003993 0.003189 0.001637 0.000993 0.001335 0.001447 0.002007 0.001950 0.001865 0.001731 0.001490
0.004324 0.001985 0.001566 0.002084 0.001301 0.000651 0.000909 0.003411 0.001945 0.001915 0.001742 0.001530 0.001159 0.002093 0.002987 0.003309 0.003163 0.003074 0.003281 0.002162 0.001762 0.000977 0.001717 0.005366 0.002071 0.001852 0.001872 0.001335 0.001117 0.001593 0.010598 0.112854 0.001803 0.001008 0.001701 0.060584 0.058800 0.001547 0.001054 0.001777 0.002356 0.047333 0.040054 0.047427 0.034243 0.032029 0.033684 0.036424 0.011270 0.018374 0.088784 0.002796 0.002365 0.002225 0.001842 0.002300 0.001716 0.001024 0.001020 0.001005 0.000976 0.000903
0.001793 0.001491 0.000857 0.001099 0.000651 0.001293 0.001597 0.002912 0.005493 0.002509 0.002335 0.002061 0.002649 0.002335 0.001807 0.002843 0.002534 0.002091 0.002492 0.001811 0.001489 0.000906 0.001499 0.003736 0.001495 0.000899 0.001487 0.001807 0.004422 0.006752 0.009349 0.003765 0.001606 0.001021 0.001514 0.005688 0.530376 0.001761 0.001132 0.001398 0.002091 0.002602 0.001974 0.010318 0.002796 0.002528 0.001609 0.004510 0.001706 0.000921 0.024726 0.056078 0.012937 0.003135 0.002620 0.002594 0.002235 0.001992 0.001958 0.001892 0.001696 0.002238
0.001013 0.000995 0.000970 0.001565 0.001636 0.001872 0.012223 0.012181 0.017198 0.020959 0.014088 0.012161 0.015444 0.003964 0.004602 0.002436 0.002181 0.001808 0.001454 0.001167 0.000902 0.000651 0.000908 0.001562 0.000906 0.000651 0.000909 0.002316 0.002749 0.002697 0.002764 0.004781 0.001119 0.001053 0.001021 0.001657 0.153808 0.006465 0.004525 0.002670 0.001870 0.001010 0.001937 0.008482 0.003554 0.002520 0.002394 0.002654 0.002019 0.001091 0.001856 0.016706 0.015078 0.019979 0.017579 0.014901 0.012723 0.009462 0.005186 0.006010 0.007911 0.008740
0.001525 0.001001 0.001508 0.001904 0.002133 0.012189 0.011667 0.009554 0.001458 0.002012 0.002731 0.001451 0.008223 0.005840 0.002243 0.001897 0.001685 0.001076 0.001132 0.002112 0.001250 0.001178 0.001571 0.003756 0.001667 0.001406 0.000979 0.001642 0.002377 0.001756 0.002143 0.002627 0.001329 0.001733 0.001893 0.001376 0.060285 0.002664 0.002356 0.002112 0.001747 0.001007 0.001840 0.006088 0.002817 0.002856 0.003715 0.002252 0.001422 0.000889 0.001637 0.005733 0.002686 0.002635 0.004124 0.004175 0.005529 0.007599 0.013565 0.007270 0.002201 0.001768
0.001746 0.001002 0.001705 0.002172 0.014175 0.013655 0.011049 0.005779 0.001959 0.001531 0.002259 0.002162 0.002890 0.002007 0.001753 0.001096 0.001248 0.001688 0.002681 0.002066 0.001094 0.001633 0.002011 0.007065 0.004251 0.005516 0.003827 0.002125 0.000977 0.001540 0.001769 0.001502 0.001637 0.002124 0.002368 0.057509 0.092339 0.002175 0.001879 0.001776 0.001554 0.001001 0.001695 0.003840 0.001868 0.001532 0.002095 0.001473 0.000897 0.000651 0.001395 0.003690 0.001932 0.001803 0.002412 0.002031 0.001905 0.001772 0.002501 0.001910 0.001686 0.000933
0.001303 0.001625 0.002064 0.016021 0.015601 0.010574 0.004964 0.003302 0.002249 0.002213 0.001319 0.001683 0.002036 0.001369 0.001433 0.001603 0.001088 0.001873 0.004394 0.001432 0.001741 0.002092 0.012741 0.011605 0.006258 0.002531 0.001729 0.001469 0.000910 0.000980 0.000997 0.001731 0.002463 0.002320 0.008117 0.194603 0.001959 0.001706 0.001016 0.001009 0.001004 0.000977 0.001436 0.001595 0.001317 0.000651 0.000907 0.000989 0.003029 0.001403 0.000922 0.001184 0.001020 0.001007 0.000935 0.001172 0.001004 0.000942 0.001238 0.001167 0.001374 0.001810
