001_floodsim/hipims_case/output/h_2700.asc
ncols 269
nrows 269
xllcorner 0.000000
yllcorner 0.000000
cellsize 10.000000
NODATA_value -9999.000000
[rows 84 to 111 of 269, columns 124 to 185 of 269]
0.397027 0.576190 0.597479 0.397820 0.008598 0.000350 0.000323 0.000589 0.000369 0.000257 0.001798 0.002718 0.058926 0.500938 0.523480 0.216507 0.009236 0.002611 0.002032 0.002541 0.001564 0.001050 0.006689 0.002268 0.002001 0.001132 0.005284 0.002448 0.001393 0.003181 0.003276 0.049412 0.271991 0.279422 0.247378 0.193717 0.238150 0.477289 0.590853 0.515825 0.343910 0.120638 0.010917 0.005004 0.005041 0.010672 0.006914 0.003957 0.002982 0.002832 0.001402 0.001727 0.002787 0.049275 0.315504 0.528754 0.587597 0.593922 0.599488 0.544095 0.499412 0.488682
0.509083 0.509172 0.504930 0.489802 0.268399 0.003164 0.000285 0.002659 0.000853 0.000689 0.001133 0.009623 0.305319 0.504496 0.160994 0.003992 0.001960 0.001912 0.001876 0.001559 0.000969 0.001701 0.007913 0.002670 0.001817 0.001042 0.003465 0.002364 0.001817 0.003535 0.002305 0.002820 0.003279 0.010264 0.002290 0.001603 0.001011 0.005902 0.308886 0.318689 0.018607 0.004302 0.003599 0.004825 0.001664 0.009585 0.006411 0.002880 0.002504 0.003127 0.001884 0.001095 0.001811 0.002140 0.013110 0.297393 0.448919 0.462676 0.430214 0.470242 0.542332 0.572237
0.000000 0.000000 0.145354 0.451813 0.445772 0.424471 0.364906 0.510256 0.487192 0.262071 0.041612 0.145752 0.429994 0.356759 0.003024 0.001561 0.000990 0.000896 0.001201 0.000986 0.000905 0.000651 0.003307 0.001837 0.001600 0.001094 0.003187 0.001202 0.001593 0.002859 0.002005 0.002496 0.002661 0.004775 0.001720 0.001057 0.001022 0.001020 0.047545 0.082494 0.003520 0.004498 0.003249 0.002965 0.002448 0.001272 0.008178 0.003625 0.002633 0.002169 0.001671 0.001233 0.001667 0.001809 0.017691 0.092280 0.063411 0.049146 0.053120 0.133842 0.334047 0.492445
0.000000 0.000000 0.000000 0.068103 0.289664 0.456866 0.467776 0.473287 0.492099 0.583592 0.520793 0.465343 0.458010 0.143877 0.001438 0.001018 0.001017 0.001544 0.003761 0.001883 0.001716 0.001424 0.000950 0.001186 0.001132 0.001310 0.001778 0.001554 0.001001 0.002303 0.001794 0.002274 0.002198 0.002121 0.001474 0.001201 0.001656 0.006111 0.056006 0.022235 0.005949 0.003473 0.002976 0.002984 0.002626 0.001538 0.005821 0.003107 0.003291 0.001754 0.001129 0.001644 0.001227 0.001083 0.020734 0.002291 0.001731 0.001403 0.002672 0.003545 0.007819 0.224543
0.000000 0.000000 0.000000 0.000000 0.000000 0.137996 0.296101 0.373017 0.376730 0.565177 0.600280 0.585944 0.462468 0.000896 0.000651 0.001439 0.002266 0.001791 0.006161 0.002686 0.002664 0.002691 0.003238 0.001982 0.001837 0.001637 0.001011 0.001010 0.001016 0.001549 0.001678 0.002030 0.001405 0.001158 0.001761 0.001987 0.043539 0.029907 0.030407 0.013173 0.005252 0.005509 0.004319 0.002770 0.002705 0.002730 0.003482 0.002270 0.003151 0.001976 0.001291 0.001090 0.001600 0.018076 0.018375 0.001942 0.001094 0.001853 0.002829 0.002414 0.003066 0.006053
0.033683 0.000000 0.000000 0.000000 0.000000 0.000000 0.000000 0.000000 0.084715 0.543099 0.614113 0.614588 0.501565 0.003109 0.001209 0.016050 0.010690 0.005016 0.009884 0.003671 0.002876 0.002326 0.002270 0.003577 0.002858 0.002035 0.001726 0.001528 0.000986 0.000913 0.000651 0.001436 0.003403 0.004812 0.006564 0.068102 0.029710 0.001444 0.001868 0.007464 0.003629 0.003590 0.003558 0.003671 0.003063 0.002527 0.002408 0.002032 0.002430 0.001106 0.002418 0.004316 0.061196 0.017896 0.002617 0.001902 0.001230 0.001652 0.002136 0.002519 0.002861 0.003268
0.050302 0.065033 0.071925 0.000000 0.000000 0.000000 0.000000 0.000000 0.385267 0.606516 0.608018 0.612263 0.591805 0.524375 0.443651 0.333924 0.210590 0.080082 0.069422 0.081154 0.005606 0.003498 0.002841 0.004389 0.002731 0.002773 0.002749 0.002414 0.001724 0.001479 0.000912 0.000978 0.001535 0.001952 0.002320 0.021581 0.010270 0.002033 0.001296 0.004877 0.002828 0.002808 0.002667 0.002383 0.002017 0.002076 0.002101 0.002115 0.001716 0.001247 0.002013 0.002507 0.013503 0.004205 0.002805 0.001789 0.001610 0.001105 0.001858 0.002330 0.002709 0.003155
0.000000 0.001788 0.079899 0.077798 0.057474 0.089953 0.172032 0.384885 0.543190 0.530535 0.537944 0.550875 0.553493 0.569256 0.519429 0.458609 0.432503 0.381610 0.384356 0.321604 0.157679 0.093490 0.090539 0.013479 0.003332 0.002969 0.002363 0.002203 0.002199 0.001943 0.001515 0.001000 0.001003 0.001529 0.001884 0.015252 0.014926 0.001901 0.001783 0.002697 0.002225 0.002275 0.002299 0.002126 0.001060 0.001115 0.001265 0.001698 0.001177 0.001639 0.001938 0.002276 0.010450 0.006584 0.005109 0.001035 0.001079 0.001231 0.001661 0.002150 0.002634 0.002983
0.000000 0.000000 0.000000 0.000000 0.000000 0.000000 0.066232 0.221267 0.300060 0.243281 0.302594 0.321593 0.253971 0.238053 0.164475 0.098637 0.098370 0.141587 0.238774 0.289190 0.285125 0.267902 0.256898 0.193551 0.004183 0.002975 0.003436 0.002415 0.002947 0.002209 0.001660 0.002081 0.000999 0.001010 0.001410 0.001909 0.028656 0.000984 0.000920 0.001264 0.001136 0.001275 0.001635 0.002359 0.004977 0.005878 0.004198 0.002375 0.001449 0.000986 0.001506 0.001939 0.005671 0.005490 0.005963 0.005979 0.004292 0.002296 0.001098 0.001941 0.002485 0.004091
0.000000 0.000000 0.000000 0.000000 0.000000 0.000000 0.000000 0.000000 0.002933 0.020826 0.017583 0.025499 0.020484 0.008924 0.002585 0.001830 0.000944 0.002032 0.003207 0.009748 0.084850 0.279258 0.387162 0.260577 0.064002 0.003524 0.003287 0.003601 0.002902 0.002226 0.001277 0.003756 0.001673 0.001410 0.000651 0.001500 0.020492 0.022141 0.016265 0.011330 0.023051 0.014387 0.010399 0.011688 0.006728 0.002439 0.001996 0.001422 0.000651 0.000907 0.000978 0.001649 0.003582 0.001007 0.005220 0.002479 0.002075 0.001716 0.001206 0.001896 0.004004 0.003696
0.000000 0.000000 0.000000 0.000000 0.000000 0.000000 0.000000 0.000000 0.003710 0.011586 0.002043 0.001014 0.021748 0.011469 0.002538 0.002388 0.001193 0.001938 0.002956 0.004188 0.003579 0.005987 0.259613 0.296620 0.065925 0.010318 0.004991 0.005892 0.002738 0.001556 0.001886 0.006079 0.002628 0.002736 0.003242 0.001206 0.001597 0.009943 0.010056 0.013025 0.003353 0.006306 0.003265 0.002804 0.002445 0.002104 0.001709 0.000975 0.000910 0.001489 0.001775 0.001328 0.001799 0.001029 0.003531 0.002130 0.001605 0.001175 0.002352 0.003096 0.003900 0.002564
0.000000 0.000000 0.000000 0.000000 0.000000 0.000000 0.000000 0.000000 0.005542 0.011079 0.001924 0.000954 0.023883 0.016963 0.002008 0.001847 0.001083 0.002401 0.004341 0.002838 0.004004 0.003655 0.031861 0.273319 0.085359 0.002167 0.003462 0.003810 0.003796 0.004180 0.009052 0.010636 0.006095 0.004213 0.001801 0.001568 0.001037 0.001633 0.004057 0.002336 0.001165 0.006369 0.002859 0.002361 0.002015 0.001690 0.001434 0.001001 0.001512 0.001930 0.002238 0.004400 0.001943 0.001059 0.001074 0.001870 0.000983 0.001448 0.001708 0.001849 0.002770 0.001895
0.000000 0.000000 0.000000 0.000000 0.000000 0.000000 0.000000 0.000000 0.011112 0.009615 0.002794 0.001247 0.002414 0.036254 0.001257 0.001664 0.001169 0.001798 0.002459 0.003775 0.006430 0.004675 0.005114 0.268804 0.229689 0.020119 0.006441 0.011936 0.016638 0.014687 0.016801 0.001043 0.001030 0.001028 0.001036 0.001050 0.001103 0.001266 0.001665 0.002586 0.001430 0.004473 0.002575 0.001949 0.001503 0.000900 0.000651 0.001426 0.001892 0.002296 0.005740 0.003684 0.002263 0.001827 0.001584 0.000980 0.000912 0.000651 0.000900 0.000978 0.001715 0.001136
0.000000 0.000000 0.000000 0.000000 0.000000 0.000000 0.000000 0.000000 0.011578 0.002000 0.002260 0.001161 0.001999 0.023030 0.022694 0.001130 0.001414 0.002013 0.002313 0.003091 0.004298 0.003168 0.003521 0.113242 0.471024 0.186253 0.019800 0.017472 0.005533 0.001314 0.001732 0.003547 0.002046 0.002008 0.001984 0.001793 0.002286 0.001701 0.001040 0.001687 0.002151 0.001985 0.002449 0.001548 0.001008 0.000985 0.001425 0.001848 0.002251 0.002684 0.009724 0.005555 0.006425 0.002409 0.002174 0.001892 0.000979 0.001416 0.001663 0.003919 0.002134 0.001616
0.000000 0.000000 0.000000 0.000000 0.000000 0.000000 0.000000 0.000000 0.010947 0.001889 0.002267 0.001341 0.001810 0.002402 0.022200 0.020010 0.001957 0.001140 0.001892 0.003114 0.002425 0.004505 0.003264 0.008342 0.283493 0.429840 0.086112 0.003620 0.001482 0.002159 0.003513 0.002861 0.003101 0.003320 0.002560 0.002282 0.003048 0.002181 0.001781 0.002346 0.001298 0.001724 0.001453 0.001017 0.001020 0.001577 0.001915 0.002240 0.002646 0.033588 0.015858 0.008651 0.004292 0.005644 0.003543 0.001046 0.001563 0.001916 0.002162 0.003402 0.005495 0.002077
0.000000 0.000000 0.000000 0.000000 0.000000 0.000000 0.000000 0.000000 0.014190 0.001742 0.002301 0.001790 0.001349 0.002303 0.002838 0.071595 0.002867 0.001285 0.001664 0.002629 0.002302 0.002837 0.005370 0.007219 0.029801 0.349169 0.314213 0.008815 0.002661 0.002896 0.005093 0.003982 0.004068 0.002636 0.002818 0.003959 0.003692 0.002627 0.002305 0.003109 0.002118 0.000899 0.000651 0.001459 0.002189 0.001781 0.002634 0.002934 0.021316 0.018086 0.002439 0.002133 0.001730 0.001881 0.001028 0.001040 0.002139 0.002878 0.002333 0.003738 0.010502 0.002859
0.000000 0.000000 0.000000 0.000000 0.000000 0.000000 0.000000 0.000000 0.009113 0.002048 0.001958 0.001197 0.001811 0.002393 0.002707 0.018275 0.002639 0.002284 0.001024 0.002016 0.002379 0.002628 0.003074 0.004432 0.002645 0.100095 0.612777 0.448309 0.254635 0.013241 0.010708 0.003905 0.003124 0.003176 0.004429 0.004188 0.002456 0.001705 0.006681 0.004571 0.001675 0.001489 0.000897 0.001664 0.002303 0.003078 0.002084 0.021060 0.105951 0.002045 0.002064 0.001709 0.001481 0.000903 0.001543 0.001789 0.001995 0.003311 0.002571 0.003091 0.010055 0.002569
0.000000 0.000000 0.000000 0.000000 0.000000 0.000000 0.000000 0.000000 0.008284 0.001987 0.002630 0.001979 0.001412 0.002079 0.003604 0.016022 0.002441 0.001916 0.001018 0.001974 0.002064 0.002187 0.002728 0.003294 0.001607 0.061003 0.501916 0.528537 0.551384 0.544263 0.223991 0.008896 0.004756 0.006188 0.003922 0.002649 0.001654 0.007165 0.005621 0.001350 0.001897 0.001185 0.001572 0.002002 0.004603 0.002126 0.002523 0.023413 0.003657 0.002388 0.001636 0.000971 0.000905 0.000651 0.001635 0.002110 0.002475 0.003243 0.003253 0.009886 0.007788 0.002961
0.000000 0.000000 0.000000 0.000000 0.000000 0.000000 0.000000 0.000000 0.007667 0.001574 0.001813 0.001052 0.001999 0.002967 0.003021 0.018946 0.002246 0.001750 0.001002 0.001897 0.002760 0.002979 0.002649 0.001804 0.023927 0.045814 0.050743 0.157426 0.283633 0.625631 0.508967 0.135568 0.003874 0.005255 0.004136 0.001690 0.007637 0.006412 0.003124 0.002053 0.001868 0.002211 0.001239 0.002436 0.004810 0.002779 0.017469 0.121515 0.001723 0.001119 0.001281 0.001713 0.001465 0.000891 0.001730 0.002253 0.002689 0.003310 0.003669 0.013855 0.005971 0.002926
0.000000 0.000000 0.000000 0.000000 0.000000 0.000000 0.000000 0.000000 0.006487 0.002370 0.001676 0.001086 0.001876 0.002315 0.003487 0.013021 0.003295 0.002386 0.000921 0.001786 0.001923 0.001388 0.001176 0.002915 0.043580 0.002814 0.001219 0.001642 0.006095 0.413629 0.648586 0.394612 0.135225 0.009342 0.003551 0.007089 0.007645 0.004043 0.002651 0.001398 0.003859 0.002189 0.001209 0.001924 0.004795 0.004191 0.023254 0.009113 0.001369 0.001886 0.001737 0.001265 0.001806 0.001767 0.002100 0.002491 0.002915 0.003513 0.117015 0.060251 0.035000 0.002946
0.000000 0.000000 0.000000 0.000000 0.000000 0.000000 0.000000 0.000000 0.006762 0.002466 0.001310 0.001870 0.002592 0.002997 0.002935 0.010344 0.002477 0.001949 0.001166 0.001557 0.002732 0.004324 0.003535 0.011180 0.022267 0.003399 0.002175 0.001003 0.001740 0.006453 0.661695 0.703252 0.652596 0.553082 0.357679 0.132562 0.008402 0.003629 0.002358 0.001165 0.005479 0.002339 0.001610 0.001435 0.002665 0.004505 0.027475 0.005887 0.001857 0.002628 0.001852 0.001098 0.001894 0.002175 0.002515 0.079420 0.289274 0.093408 0.068623 0.020286 0.033367 0.075038
0.000000 0.000000 0.000000 0.000000 0.000000 0.000000 0.000000 0.000000 0.005107 0.004111 0.005451 0.002454 0.001393 0.001696 0.002191 0.008291 0.002274 0.001778 0.001011 0.001953 0.001957 0.001991 0.009320 0.010211 0.013530 0.006216 0.001627 0.000977 0.001487 0.002593 0.402697 0.701768 0.658615 0.684073 0.657029 0.593934 0.384217 0.062138 0.005280 0.002721 0.005842 0.002682 0.001947 0.002350 0.001628 0.002677 0.043036 0.003963 0.001313 0.002451 0.004147 0.001547 0.295415 0.441118 0.084091 0.087565 0.002929 0.002259 0.002041 0.001705 0.000995 0.001994
0.000000 0.000000 0.000000 0.000000 0.000000 0.000000 0.000000 0.000000 0.002746 0.002006 0.003346 0.002498 0.001905 0.001006 0.001890 0.006661 0.002017 0.001505 0.001004 0.000995 0.001000 0.001012 0.008342 0.009136 0.001171 0.006924 0.002215 0.000906 0.000979 0.001586 0.058588 0.559143 0.511525 0.559973 0.617624 0.600103 0.536585 0.533527 0.457232 0.154805 0.008680 0.003229 0.001614 0.005304 0.001257 0.002526 0.169269 0.102482 0.126941 0.146888 0.065075 0.060328 0.078254 0.002195 0.002020 0.001887 0.002641 0.001783 0.001630 0.001400 0.000967 0.001965
0.000000 0.000000 0.000000 0.000000 0.000000 0.000000 0.000000 0.000000 0.002131 0.002036 0.002359 0.002360 0.001757 0.000977 0.001741 0.005098 0.001697 0.000898 0.000982 0.001522 0.001741 0.006907 0.012700 0.000880 0.001434 0.005250 0.001743 0.000651 0.001421 0.001160 0.004737 0.314657 0.214489 0.309235 0.484025 0.579753 0.540646 0.548901 0.540173 0.468378 0.256632 0.002059 0.001049 0.003349 0.051786 0.077494 0.085054 0.069762 0.002976 0.002526 0.002027 0.002101 0.001679 0.001501 0.001253 0.001286 0.001759 0.000978 0.000895 0.000651 0.000908 0.002004
0.000000 0.000000 0.000000 0.000000 0.000000 0.000000 0.000000 0.000000 0.000000 0.001814 0.001617 0.002240 0.001484 0.000899 0.001470 0.003432 0.001464 0.000651 0.001420 0.005735 0.007744 0.006219 0.008068 0.000651 0.000887 0.003586 0.001725 0.001778 0.002480 0.001875 0.043435 0.081571 0.001169 0.051634 0.278780 0.464582 0.490829 0.499452 0.500098 0.478000 0.391940 0.072512 0.020322 0.089734 0.116572 0.057705 0.008534 0.002832 0.002694 0.002263 0.001901 0.002474 0.000894 0.000651 0.000909 0.000976 0.003806 0.001740 0.001472 0.000908 0.001488 0.003827
0.000000 0.000000 0.000000 0.000000 0.000000 0.000000 0.000000 0.000000 0.000000 0.000609 0.000894 0.001154 0.000903 0.000651 0.000904 0.001182 0.001057 0.001259 0.004425 0.004731 0.003167 0.003226 0.003291 0.004678 0.006321 0.006414 0.004095 0.003580 0.020291 0.020296 0.048907 0.005572 0.001217 0.001707 0.006224 0.199077 0.354020 0.396355 0.426002 0.453046 0.417961 0.330631 0.224757 0.145664 0.058514 0.002416 0.002188 0.002218 0.002375 0.002515 0.003820 0.001759 0.001468 0.000894 0.001457 0.001671 0.005752 0.002452 0.001692 0.000968 0.004348 0.003046
0.000000 0.000000 0.000000 0.000000 0.000000 0.000000 0.000000 0.000000 0.000000 0.003010 0.002934 0.005579 0.001937 0.000903 0.001514 0.001839 0.002890 0.003674 0.002873 0.003112 0.002045 0.002457 0.003257 0.003438 0.002384 0.002293 0.003426 0.015935 0.014455 0.007720 0.025366 0.008079 0.002368 0.001142 0.001911 0.002536 0.024358 0.201492 0.315648 0.318368 0.317257 0.406154 0.343913 0.187856 0.038567 0.001042 0.001041 0.001051 0.001107 0.001228 0.002309 0.001059 0.001167 0.001550 0.001898 0.002137 0.007351 0.002097 0.001845 0.000993 0.006006 0.002756
0.000000 0.000000 0.000000 0.000000 0.000000 0.000000 0.000000 0.000000 0.000000 0.003938 0.002444 0.001192 0.001521 0.000982 0.001753 0.006716 0.005226 0.001958 0.001195 0.001572 0.002358 0.002213 0.002165 0.001678 0.001118 0.001077 0.015923 0.012386 0.006308 0.005203 0.019845 0.011768 0.001947 0.001326 0.001653 0.002090 0.002442 0.004734 0.099952 0.006100 0.001367 0.159183 0.382307 0.247964 0.051948 0.002272 0.001987 0.001886 0.001763 0.002685 0.002125 0.001007 0.001597 0.001991 0.002316 0.007078 0.005622 0.002245 0.001366 0.005221 0.004900 0.002518
