001_floodsim/hipims_case/output/h_2700.asc
ncols 269
nrows 269
xllcorner 0.000000
yllcorner 0.000000
cellsize 10.000000
NODATA_value -9999.000000
[rows 196 to 223 of 269, columns 124 to 185 of 269]
0.000000 0.000000 0.000000 0.000000 0.000000 0.085951 0.000000 0.000000 0.000000 0.030371 0.025508 0.002745 0.006488 0.001860 0.000429 0.000416 0.000388 0.000603 0.000475 0.000414 0.000337 0.000260 0.000404 0.003781 0.000460 0.000457 0.000267 0.003218 0.002946 0.000366 0.000268 0.000372 0.000258 0.000340 0.000541 0.000567 0.000413 0.000507 0.000569 0.094573 0.001303 0.000620 0.000637 0.000373 0.000217 0.000404 0.000510 0.002702 0.000694 0.000587 0.000639 0.000433 0.000308 0.000140 0.000303 0.000397 0.000466 0.000532 0.002010 0.008121 0.001993 0.000222
0.000000 0.000000 0.000000 0.000000 0.010894 0.010561 0.000001 0.000001 0.000001 0.000005 0.000716 0.000301 0.010411 0.003835 0.000222 0.000223 0.000218 0.000321 0.000361 0.000310 0.000208 0.000457 0.001018 0.004231 0.000603 0.000442 0.000327 0.000213 0.068991 0.000419 0.000393 0.000261 0.000344 0.000222 0.000590 0.000214 0.000376 0.000463 0.000542 0.002607 0.000838 0.000999 0.000487 0.000440 0.000209 0.000369 0.000471 0.002208 0.000951 0.000567 0.000581 0.000370 0.000210 0.000307 0.000382 0.000457 0.001732 0.002330 0.001796 0.006252 0.005118 0.001965
0.000000 0.000000 0.000000 0.009476 0.008521 0.000003 0.000006 0.000006 0.000004 0.000012 0.000447 0.000423 0.006246 0.004790 0.110694 0.014594 0.006759 0.000373 0.000213 0.000208 0.000195 0.000368 0.000538 0.002944 0.000302 0.000403 0.000394 0.000207 0.002798 0.002616 0.001434 0.000343 0.000228 0.000241 0.000279 0.000215 0.000330 0.000428 0.000493 0.001955 0.000428 0.000421 0.000413 0.000340 0.000192 0.000312 0.000445 0.001612 0.000858 0.000920 0.000497 0.000468 0.000339 0.000408 0.000467 0.001521 0.001493 0.000954 0.000836 0.000786 0.006321 0.000690
0.000000 0.000000 0.000000 0.000000 0.000003 0.000011 0.000017 0.000014 0.000011 0.000029 0.000297 0.000433 0.003529 0.000225 0.000760 0.000415 0.018532 0.006519 0.000361 0.000289 0.000140 0.000327 0.000503 0.004371 0.000369 0.000216 0.000208 0.000191 0.000140 0.001612 0.001387 0.001677 0.000404 0.000362 0.000278 0.000216 0.000217 0.000361 0.000623 0.001495 0.000239 0.000268 0.000345 0.000281 0.000140 0.000193 0.000436 0.001018 0.000602 0.000905 0.000621 0.000380 0.000387 0.000991 0.001961 0.001139 0.000857 0.000708 0.000573 0.000602 0.009084 0.000218
0.000000 0.000000 0.000000 0.000000 0.000009 0.000020 0.000028 0.000032 0.000022 0.000023 0.000370 0.000599 0.003257 0.000234 0.000684 0.000223 0.000438 0.006527 0.005665 0.000474 0.000319 0.000471 0.000482 0.002338 0.040221 0.001906 0.000408 0.000391 0.000395 0.000422 0.000668 0.001537 0.001907 0.001478 0.001474 0.000329 0.000210 0.000484 0.000528 0.001192 0.000390 0.000327 0.000190 0.000140 0.000282 0.000351 0.000471 0.000341 0.000501 0.000713 0.000469 0.000245 0.000403 0.000548 0.000677 0.000424 0.000431 0.000434 0.000633 0.000508 0.005735 0.000437
0.000000 0.000000 0.000000 0.000000 0.000011 0.000021 0.000029 0.000035 0.000023 0.000048 0.000279 0.000404 0.004764 0.000277 0.000386 0.000222 0.000420 0.000605 0.010281 0.000348 0.000211 0.000195 0.000352 0.000840 0.001105 0.024018 0.017945 0.001970 0.000547 0.000557 0.000573 0.000339 0.000511 0.000551 0.000867 0.000923 0.000320 0.000383 0.000438 0.000488 0.026420 0.000389 0.000294 0.000190 0.000344 0.000947 0.000536 0.000455 0.000376 0.000583 0.000488 0.000269 0.000325 0.000525 0.000401 0.000302 0.000251 0.000247 0.000212 0.000223 0.005624 0.001362
0.000000 0.000000 0.000000 0.000000 0.000000 0.000015 0.000024 0.000047 0.000092 0.000101 0.000216 0.000324 0.002664 0.002383 0.000362 0.000228 0.000393 0.000573 0.005312 0.005127 0.000288 0.000140 0.000306 0.001014 0.000421 0.000259 0.000490 0.000655 0.069930 0.000601 0.000515 0.000383 0.000277 0.000382 0.000348 0.000534 0.000365 0.000257 0.000341 0.000399 0.000470 0.049680 0.001373 0.002119 0.004448 0.003032 0.002580 0.001715 0.001129 0.000568 0.000513 0.000461 0.000237 0.000395 0.000283 0.000384 0.000417 0.000461 0.001443 0.002055 0.007447 0.003091
0.000000 0.000000 0.000000 0.000000 0.000000 0.000007 0.000094 0.000084 0.000110 0.000159 0.000208 0.000198 0.000399 0.002364 0.000545 0.000239 0.000461 0.000731 0.000542 0.004772 0.014723 0.000300 0.000232 0.000712 0.000379 0.000314 0.000512 0.000603 0.002126 0.023792 0.000548 0.000425 0.000334 0.000211 0.000199 0.000278 0.000261 0.000330 0.000213 0.000315 0.000401 0.000475 0.264995 0.003912 0.000558 0.000606 0.000956 0.000859 0.000677 0.000490 0.000412 0.000351 0.000193 0.000348 0.000436 0.001094 0.001652 0.002262 0.001488 0.001163 0.002737 0.003714
0.000000 0.000000 0.000000 0.004351 0.004228 0.010254 0.005292 0.000357 0.000521 0.000734 0.000641 0.000251 0.000359 0.001874 0.000470 0.000271 0.000378 0.000538 0.000429 0.000664 0.004425 0.003819 0.000270 0.000362 0.000265 0.000450 0.000507 0.000696 0.001002 0.000643 0.039156 0.000499 0.000423 0.000360 0.000450 0.000400 0.000345 0.000214 0.000211 0.000193 0.000336 0.000407 0.003560 0.003246 0.000346 0.000530 0.000552 0.000857 0.000694 0.000710 0.000527 0.000276 0.000140 0.000573 0.001066 0.000889 0.000813 0.000581 0.000397 0.000297 0.000747 0.000228
0.000000 0.007454 0.054839 0.012537 0.003403 0.002658 0.005375 0.012097 0.007478 0.000231 0.000320 0.000214 0.000378 0.001542 0.000531 0.000374 0.000276 0.000348 0.000497 0.000748 0.001058 0.003768 0.002915 0.000254 0.000338 0.000403 0.000553 0.000643 0.000793 0.000551 0.000701 0.279402 0.006213 0.000472 0.000584 0.000473 0.000420 0.000354 0.000300 0.000140 0.000277 0.000338 0.000466 0.006807 0.000415 0.000312 0.000429 0.000597 0.000505 0.000447 0.000380 0.000254 0.000691 0.000573 0.000581 0.000446 0.000329 0.000263 0.003501 0.058209 0.000394 0.000237
0.055908 0.021065 0.002510 0.002575 0.005517 0.001606 0.000000 0.000000 0.008322 0.000110 0.000213 0.000212 0.000200 0.001165 0.000936 0.000260 0.000353 0.000216 0.000405 0.000819 0.001374 0.000954 0.002935 0.002395 0.000734 0.000399 0.000439 0.000588 0.000460 0.000516 0.000685 0.007414 0.005875 0.151081 0.025260 0.008118 0.000457 0.000458 0.000366 0.000275 0.000140 0.000191 0.000422 0.004396 0.004233 0.000376 0.000229 0.000332 0.000408 0.000362 0.000311 0.000193 0.000355 0.000270 0.000261 0.000212 0.000369 0.003114 0.003568 0.000450 0.000350 0.000264
0.000000 0.000000 0.000000 0.000000 0.000000 0.015219 0.000000 0.000003 0.007206 0.006994 0.000359 0.000308 0.000170 0.000170 0.001071 0.000726 0.000441 0.000210 0.000370 0.001279 0.001520 0.000266 0.000441 0.002084 0.000671 0.000522 0.000307 0.000365 0.000446 0.000557 0.000927 0.003649 0.000464 0.000255 0.000414 0.011247 0.008135 0.007137 0.000413 0.000330 0.000192 0.000317 0.000462 0.000355 0.004167 0.003883 0.000404 0.000355 0.000234 0.000207 0.000195 0.000140 0.000299 0.000380 0.000456 0.000395 0.000476 0.096284 0.000497 0.000389 0.000238 0.000341
0.000000 0.000000 0.000000 0.000000 0.000000 0.000089 0.000119 0.000010 0.000013 0.006995 0.006973 0.000409 0.000334 0.000391 0.000234 0.000251 0.000309 0.000193 0.000477 0.001566 0.000602 0.000398 0.000497 0.001558 0.000673 0.000540 0.000421 0.000225 0.000377 0.000441 0.001056 0.004222 0.000491 0.000315 0.000373 0.000709 0.000442 0.136180 0.007321 0.000419 0.000338 0.000426 0.000223 0.000238 0.000431 0.003828 0.003723 0.000526 0.000484 0.000417 0.000314 0.000195 0.000207 0.000643 0.001033 0.001395 0.002570 0.002819 0.000421 0.000345 0.000272 0.000232
0.000000 0.000000 0.000000 0.000000 0.000000 0.000000 0.000144 0.000012 0.000025 0.000037 0.006682 0.007215 0.005310 0.004559 0.000383 0.000326 0.000191 0.000140 0.000400 0.001148 0.000637 0.000569 0.000365 0.001076 0.000658 0.000508 0.000398 0.000239 0.000343 0.000377 0.001545 0.003255 0.000518 0.000417 0.000241 0.000664 0.000284 0.000404 0.008699 0.077300 0.000570 0.000627 0.000365 0.000280 0.000392 0.000215 0.003385 0.036714 0.000451 0.000652 0.000363 0.000209 0.000332 0.000255 0.000409 0.000456 0.001533 0.000529 0.000438 0.000215 0.000342 0.000376
0.000000 0.000000 0.000000 0.000000 0.000000 0.000000 0.000149 0.000101 0.000072 0.000048 0.000275 0.002532 0.002645 0.004261 0.007353 0.000431 0.000372 0.000332 0.000416 0.000565 0.000558 0.000587 0.000557 0.000545 0.000654 0.000465 0.000351 0.000273 0.000231 0.000221 0.002273 0.002923 0.000709 0.000497 0.000272 0.000366 0.000392 0.000407 0.000290 0.006804 0.004049 0.000604 0.000705 0.000841 0.000545 0.000301 0.000477 0.002920 0.002537 0.000493 0.000453 0.000366 0.000446 0.000642 0.000398 0.000300 0.001002 0.000481 0.000383 0.000208 0.000442 0.001017
0.000000 0.000000 0.000000 0.000000 0.000000 0.000000 0.000077 0.000062 0.000082 0.000103 0.000217 0.000651 0.000403 0.000250 0.006116 0.052716 0.001026 0.001362 0.001125 0.000726 0.000626 0.000496 0.000432 0.000610 0.000439 0.000420 0.000219 0.000488 0.000970 0.002104 0.003655 0.000578 0.000537 0.000430 0.000348 0.000259 0.000229 0.000219 0.001628 0.004950 0.004024 0.002516 0.000573 0.000299 0.000434 0.000346 0.000648 0.000575 0.002270 0.001477 0.000911 0.000229 0.000943 0.000669 0.001422 0.095743 0.000489 0.000418 0.000336 0.000193 0.000308 0.000657
0.000000 0.000000 0.000000 0.000000 0.000000 0.000000 0.000035 0.000034 0.000065 0.000123 0.000216 0.000140 0.000355 0.000294 0.000346 0.005665 0.001921 0.000313 0.000439 0.000432 0.000418 0.000381 0.000267 0.000458 0.000295 0.000421 0.000218 0.000398 0.000575 0.001574 0.001817 0.000463 0.000503 0.000356 0.000222 0.000339 0.000382 0.002239 0.001691 0.000264 0.004670 0.002265 0.003202 0.000417 0.000356 0.000559 0.000553 0.000337 0.001019 0.000611 0.000428 0.000229 0.000443 0.001110 0.001003 0.001771 0.000533 0.000468 0.000363 0.000140 0.000189 0.000878
0.000000 0.000000 0.000000 0.000000 0.000000 0.000000 0.000000 0.001264 0.000170 0.000229 0.000449 0.000414 0.000669 0.000557 0.000267 0.004506 0.015815 0.000364 0.000222 0.000227 0.000241 0.000265 0.000457 0.000288 0.000505 0.000402 0.000208 0.000355 0.000609 0.002154 0.000559 0.000458 0.000352 0.000287 0.000242 0.000225 0.000388 0.004049 0.000373 0.000327 0.003573 0.001278 0.002690 0.003480 0.000480 0.000408 0.000858 0.000614 0.000490 0.000611 0.000409 0.000240 0.000432 0.000502 0.000705 0.000998 0.000345 0.000301 0.000239 0.000313 0.000357 0.001325
0.000000 0.000000 0.000000 0.000000 0.000000 0.000000 0.000000 0.000000 0.107803 0.004071 0.003926 0.000934 0.001173 0.000494 0.000259 0.000745 0.004699 0.004339 0.000517 0.000619 0.000799 0.001520 0.001827 0.001347 0.001380 0.000613 0.000293 0.000431 0.000698 0.001824 0.000528 0.000413 0.000201 0.000395 0.000417 0.000415 0.250786 0.005649 0.000220 0.000470 0.003138 0.000515 0.000273 0.003177 0.003002 0.000475 0.000513 0.000462 0.000481 0.000441 0.000370 0.000273 0.000420 0.000436 0.000757 0.000211 0.000191 0.000140 0.000279 0.000386 0.000893 0.002330
0.000000 0.000000 0.000000 0.000000 0.000000 0.000000 0.000000 0.000000 0.000000 0.000005 0.037323 0.003194 0.000609 0.000514 0.000424 0.001160 0.000366 0.004150 0.004285 0.001039 0.001688 0.001888 0.000557 0.000490 0.000402 0.000523 0.000319 0.000193 0.000803 0.001345 0.000509 0.000381 0.000245 0.000350 0.000461 0.000519 0.015766 0.000419 0.000219 0.000499 0.002924 0.000549 0.000339 0.000383 0.002746 0.002366 0.000241 0.000279 0.000378 0.000340 0.000255 0.000363 0.000393 0.000289 0.000252 -9999.000000 -9999.000000 -9999.000000 0.000140 0.000609 0.000512 0.000468
0.000000 0.000000 0.000000 0.000000 0.000000 0.000000 0.000000 0.000000 0.000001 0.000011 0.000316 0.003068 0.001055 0.000708 0.000604 0.000570 0.000663 0.000219 0.003547 0.003617 0.002095 0.000613 0.000493 0.000415 0.000315 0.000376 0.000195 0.000140 0.001149 0.000586 0.000464 0.000461 0.000209 0.000451 0.000528 0.018195 0.006097 0.000417 0.000217 0.000551 0.002467 0.000838 0.000642 0.000315 0.000510 0.002265 0.001239 0.000349 0.000207 0.000194 0.000323 0.000258 0.000237 -9999.000000 -9999.000000 -9999.000000 -9999.000000 -9999.000000 -9999.000000 0.000140 0.000195 0.000210
0.000000 0.000000 0.000000 0.000000 0.000000 0.000000 0.000000 0.000002 0.000004 0.000018 0.000304 0.002221 0.000992 0.000510 0.000509 0.000676 0.000409 0.000217 0.000378 0.001643 0.000672 0.000580 0.000417 0.000322 0.000194 0.000140 0.000307 0.000449 0.000620 0.000546 0.000574 0.000345 0.000193 0.000305 0.000923 0.005795 0.001405 0.000411 0.000202 0.000618 0.002525 0.000692 0.000596 0.000379 0.000494 0.001251 0.000972 0.001224 0.000547 0.000140 0.000197 -9999.000000 -9999.000000 -9999.000000 -9999.000000 -9999.000000 -9999.000000 -9999.000000 -9999.000000 -9999.000000 -9999.000000 -9999.000000
0.000000 0.000000 0.000000 0.000000 0.000000 0.000000 0.000001 0.000004 0.000010 0.000028 0.000293 0.001556 0.001326 0.000322 0.000449 0.000589 0.000396 0.000216 0.000336 0.001190 0.000589 0.000589 0.000655 0.000495 0.000322 0.000195 0.000370 0.000401 0.001069 0.000276 0.000364 0.000281 0.000140 0.000189 0.000540 0.004699 0.002102 0.000410 0.000264 0.000992 0.001569 0.000662 0.000585 0.000567 0.000436 0.000329 0.000427 0.000775 0.000238 -9999.000000 -9999.000000 -9999.000000 -9999.000000 -9999.000000 -9999.000000 -9999.000000 -9999.000000 -9999.000000 -9999.000000 -9999.000000 -9999.000000 -9999.000000
0.000000 0.000000 0.000001 0.000007 0.000023 0.000026 0.000007 0.000013 0.000021 0.000043 0.000266 0.000382 0.001850 0.001016 0.000282 0.000467 0.000391 0.000224 0.000238 0.000775 0.000436 0.000347 0.000407 0.000229 0.000257 0.000343 0.000446 0.002158 0.001808 0.000915 0.000476 0.000140 0.000519 0.000806 0.000696 0.003461 0.003140 0.000366 0.000253 0.001123 0.000654 0.000626 0.000643 0.000559 0.000560 0.000270 0.000341 0.000378 0.000282 -9999.000000 -9999.000000 -9999.000000 -9999.000000 -9999.000000 -9999.000000 -9999.000000 -9999.000000 -9999.000000 -9999.000000 -9999.000000 -9999.000000 -9999.000000
0.000000 0.000000 0.000002 0.000010 0.000023 0.000036 0.000066 0.000057 0.000084 0.000091 0.000194 0.000305 0.001117 0.000765 0.000935 0.000547 0.000362 0.000317 0.000274 0.000263 0.000329 0.000194 0.000253 0.000222 0.000348 0.000434 0.002793 0.004023 0.000593 0.000487 0.000389 0.000195 0.000211 0.000348 0.000403 0.000670 0.006055 0.000268 0.000324 0.000592 0.000548 0.000517 0.000498 0.000449 0.000649 0.000355 0.000193 0.000208 0.000363 -9999.000000 -9999.000000 -9999.000000 -9999.000000 -9999.000000 -9999.000000 -9999.000000 -9999.000000 -9999.000000 -9999.000000 -9999.000000 -9999.000000 -9999.000000
0.000000 0.000000 0.000000 0.000004 0.000011 0.000021 0.000054 0.000067 0.000076 0.000112 0.000140 0.000195 0.000423 0.000345 0.000415 0.000276 0.000140 0.000746 0.000405 0.000345 0.000215 0.000209 0.000594 0.000217 0.000389 0.003369 0.002996 0.000464 0.000525 0.000421 0.000374 0.000341 0.000389 0.000278 0.000267 0.000722 0.004391 0.003777 0.000418 0.000310 0.000434 0.000426 0.000386 0.000382 0.000488 0.000282 0.000140 -9999.000000 -9999.000000 -9999.000000 -9999.000000 -9999.000000 -9999.000000 -9999.000000 -9999.000000 -9999.000000 -9999.000000 -9999.000000 -9999.000000 -9999.000000 -9999.000000 -9999.000000
0.000000 0.000000 0.000000 0.000000 0.000000 0.000010 0.000149 0.000125 0.000172 0.000251 0.000352 0.000489 0.000417 0.000210 0.000192 0.000140 0.000270 0.001096 0.000462 0.000371 0.000215 0.000328 0.004453 0.039219 0.026549 0.003751 0.000561 0.000653 0.000360 0.000312 0.000196 0.000211 0.000662 0.001046 0.002219 0.001181 0.000881 0.003843 0.001431 0.000934 0.000529 0.000303 0.000140 0.000315 0.000195 0.000140 -9999.000000 -9999.000000 -9999.000000 -9999.000000 -9999.000000 -9999.000000 -9999.000000 -9999.000000 -9999.000000 -9999.000000 -9999.000000 -9999.000000 -9999.000000 -9999.000000 -9999.000000 -9999.000000
0.000000 0.000000 0.000000 0.000000 0.000000 0.000003 0.000255 0.000198 0.000264 0.000331 0.000597 0.000532 0.000437 0.000341 0.000300 0.000188 0.065849 0.006453 0.006940 0.000388 0.000214 0.004955 0.004966 0.000623 0.000610 0.000893 0.000425 0.000434 0.000208 0.000194 0.000140 0.000521 0.000140 0.000398 0.000507 0.000392 0.000635 0.002777 0.000615 0.000491 0.000392 0.000209 0.000195 0.000368 0.000392 -9999.000000 -9999.000000 -9999.000000 -9999.000000 -9999.000000 -9999.000000 -9999.000000 -9999.000000 -9999.000000 -9999.000000 -9999.000000 -9999.000000 -9999.000000 -9999.000000 -9999.000000 -9999.000000 -9999.000000
