001_floodsim/hipims_case/output/h_6300.asc
ncols 269
nrows 269
xllcorner 0.000000
yllcorner 0.000000
cellsize 10.000000
NODATA_value -9999.000000
[rows 168 to 195 of 269, columns 124 to 185 of 269]
0.001051 0.000917 0.000548 0.000543 0.007473 0.050268 0.000357 0.000312 0.000211 0.000312 0.000380 0.000618 0.000496 0.383627 0.010070 0.000652 0.000821 0.000491 0.000604 0.000423 0.000321 0.000211 0.000311 0.000361 0.001715 0.126347 0.003899 0.000350 0.000263 0.000565 0.001107 0.000981 0.008062 0.000223 0.000238 0.000287 0.000366 0.000427 0.000511 0.000630 0.002103 0.000702 0.000233 0.144474 0.012051 0.000563 0.000334 0.000489 0.000487 0.000668 0.000556 0.000390 0.000224 0.000417 0.000575 0.000622 0.000676 0.000743 0.010123 0.000213 0.000326 0.000393
0.000727 0.000206 0.000354 0.000423 0.000588 0.006622 0.107486 0.000350 0.000212 0.000367 0.009642 0.019306 0.001266 0.000590 0.000748 0.000550 0.000453 0.000380 0.000488 0.000355 0.000210 0.000196 0.000140 0.000193 0.000427 0.000599 0.116429 0.004366 0.000388 0.000297 0.000413 0.001365 0.012140 0.000402 0.000396 0.000385 0.000278 0.000453 0.000542 0.000669 0.001456 0.013674 0.016492 0.012662 0.000466 0.000488 0.000562 0.000858 0.000810 0.000729 0.000411 0.000290 0.000362 0.000474 0.000525 0.000680 0.000736 0.009597 0.010255 0.000247 0.000427 0.000481
0.000312 0.000194 0.000301 0.000505 0.000729 0.000568 0.006124 0.094291 0.004083 0.004356 0.002941 0.000703 0.000584 0.000465 0.000626 0.000513 0.000355 0.000205 0.000284 0.000283 0.000379 0.000332 0.000232 0.000670 0.000734 0.000984 0.000681 0.004872 0.005999 0.000255 0.000342 0.000418 0.600995 0.008025 0.000488 0.000466 0.000242 0.000443 0.000531 0.000660 0.136615 0.014126 0.000462 0.000391 0.000297 0.000140 0.001247 0.000888 0.000566 0.000505 0.000443 0.000249 0.000413 0.000520 0.000602 0.000624 0.000746 0.048743 0.000314 0.000200 0.000371 0.000503
0.000346 0.000140 0.000193 0.000445 0.000536 0.000566 0.000660 0.003355 0.001666 0.000641 0.000973 0.000664 0.000591 0.000549 0.000373 0.000523 0.000289 0.000394 0.000614 0.000479 0.000463 0.000374 0.000186 0.000349 0.000388 0.000541 0.000441 0.000465 0.005119 0.000338 0.000196 0.000348 0.001181 0.065906 0.000507 0.000397 0.000229 0.000429 0.000533 0.015493 0.014452 0.000401 0.000375 0.000325 0.000208 0.000193 0.001636 0.000731 0.000632 0.000550 0.000457 0.000263 0.000518 0.000664 0.000685 0.000741 0.010386 0.011545 0.000195 0.000323 0.000434 0.028846
0.000367 0.000192 0.000311 0.000513 0.000379 0.000482 0.000585 0.002269 0.002181 0.000541 0.000863 0.000814 0.000497 0.000413 0.000218 0.000370 0.001363 0.001100 0.001503 0.002006 0.001653 0.001294 0.000894 0.000505 0.000217 0.000330 0.000385 0.000284 0.005597 0.000433 0.000140 0.000303 0.000404 0.066219 0.008588 0.000433 0.000224 0.000462 0.000575 0.071686 0.000356 0.000219 0.000216 0.000213 0.000215 0.000324 0.002049 0.000800 0.000676 0.000635 0.000447 0.000204 0.000391 0.000503 0.000738 0.000809 0.010922 0.000338 0.000140 0.000349 0.000470 0.083529
0.000395 0.000207 0.000733 0.000371 0.000200 0.000419 0.000536 0.000685 0.003342 0.000346 0.000535 0.000798 0.000630 0.000377 0.000204 0.000518 0.001249 0.003666 0.001711 0.000480 0.000485 0.000434 0.000368 0.000308 0.000212 0.000215 0.000216 0.000352 0.005585 0.000350 0.000195 0.000211 0.000352 0.000441 0.178322 0.000435 0.000222 0.000399 0.010636 0.010818 0.000289 0.000361 0.000416 0.000320 0.000215 0.000378 0.002056 0.001392 0.000716 0.000507 0.000443 0.000218 0.000420 0.000540 0.000583 0.000765 0.030187 0.000315 0.000193 0.000371 0.054576 0.322035
0.001122 0.001742 0.001160 0.000477 0.000242 0.000406 0.000672 0.000638 0.002728 0.002519 0.000795 0.000520 0.000517 0.000481 0.000267 0.000388 0.000674 0.003032 0.000242 0.000275 0.000365 0.000300 0.000194 0.000140 0.000196 0.000324 0.000366 0.000433 0.005771 0.000750 0.000247 0.000439 0.000295 0.000381 0.008287 0.011747 0.010510 0.010696 0.113971 0.023319 0.000403 0.000550 0.000451 0.000365 0.000214 0.000402 0.002596 0.001104 0.000588 0.000555 0.000443 0.000219 0.000420 0.000532 0.000624 0.011529 0.011439 0.000213 0.000209 0.000379 0.373265 0.186475
0.001396 0.000529 0.000429 0.000358 0.000210 0.000538 0.000654 0.000499 0.000572 0.001940 0.000579 0.000554 0.000413 0.000348 0.000261 0.000502 0.001088 0.057762 0.000391 0.000342 0.000192 0.000140 0.000307 0.000468 0.000321 0.000404 0.000443 0.005686 0.063436 0.000313 0.000193 0.000338 0.000410 0.000294 0.000404 0.000554 0.001046 0.000621 0.000586 0.025697 0.094847 0.106004 0.000526 0.000444 0.000356 0.000300 0.003645 0.001643 0.000762 0.000616 0.000441 0.000219 0.000418 0.000526 0.000633 0.029955 0.000297 0.000215 0.000312 0.034238 0.184385 0.001028
0.000506 0.000430 0.000358 0.000308 0.000193 0.000499 0.000392 0.000452 0.000663 0.001445 0.000449 0.000382 0.000303 0.000210 0.000335 0.000373 0.000388 0.003653 0.004065 0.000394 0.000303 0.000193 0.000366 0.000828 0.000256 0.000483 0.000610 0.005808 0.000213 0.000213 0.000212 0.000392 0.000472 0.000477 0.000329 0.000818 0.001064 0.000213 0.000361 0.000426 0.000466 0.021442 0.035464 0.072755 0.040067 0.002965 0.003706 0.000552 0.000565 0.000487 0.000316 0.000366 0.000474 0.000559 0.015597 0.012170 0.000140 0.000298 0.025146 0.231675 0.000626 0.000583
0.000442 0.000343 0.000208 0.000193 0.000140 0.000392 0.000333 0.000605 0.000585 0.000977 0.000372 0.000280 0.000140 0.000196 0.000212 0.000217 0.000217 0.000360 0.004071 0.004061 0.000390 0.000338 0.000275 0.001032 0.000232 0.000381 0.000459 0.006388 0.000367 0.000336 0.000245 0.000475 0.000637 0.000504 0.000530 0.000916 0.000326 0.000209 0.000302 0.000351 0.000375 0.000437 0.000362 0.000411 0.130875 0.022395 0.000288 0.000388 0.000631 0.000546 0.000401 0.000285 0.000489 0.000592 0.243312 0.000206 0.000194 0.021229 0.539572 0.000559 0.000505 0.000586
0.000268 0.000258 0.000416 0.000317 0.000196 0.000211 0.000219 0.000438 0.000398 0.000370 0.000286 0.000140 0.000285 0.000360 0.000399 0.000423 0.000427 0.000302 0.000252 0.004404 0.000449 0.000381 0.000238 0.001243 0.000360 0.000295 0.000451 0.006743 0.000502 0.000370 0.000200 0.000380 0.000635 0.001114 0.000465 0.000216 0.000212 0.000197 0.000140 0.000195 0.000210 0.000215 0.000219 0.000220 0.008547 0.041265 0.000475 0.000500 0.000826 0.000615 0.000526 0.000488 0.000376 0.000694 0.297249 0.000323 0.000207 0.062077 0.012785 0.000713 0.000728 0.000436
0.000608 0.000539 0.000457 0.000360 0.000210 0.000330 0.000813 0.000426 0.000187 0.000231 0.000140 0.000278 0.000382 0.000787 0.000285 0.000450 0.000504 0.001161 0.001207 0.004940 0.326660 0.004600 0.000223 0.001440 0.000412 0.000276 0.000437 0.007060 0.000441 0.000401 0.000215 0.000413 0.000537 0.001553 0.000559 0.000368 0.000326 0.000210 0.000307 0.000361 0.000384 0.000402 0.000407 0.000417 0.005037 0.035210 0.000822 0.000734 0.001380 0.001330 0.000684 0.000417 0.000245 0.000414 0.008267 0.028278 0.019967 0.063906 0.000392 0.000471 0.000398 0.000345
0.000597 0.000440 0.000562 0.000386 0.000215 0.000998 0.000741 0.000520 0.000451 0.000223 0.000308 0.000436 0.001054 0.000690 0.000424 0.000364 0.000813 0.000747 0.000498 0.000482 0.000486 0.005499 0.005008 0.001109 0.000467 0.000213 0.000686 0.006649 0.007015 0.000410 0.000216 0.000422 0.000579 0.001985 0.000489 0.000445 0.000373 0.000213 0.000361 0.000436 0.000479 0.000496 0.000525 0.000591 0.048025 0.067674 0.000862 0.001671 0.001788 0.000461 0.000482 0.000310 0.000378 0.000465 0.004871 0.017572 0.059140 0.000221 0.000217 0.000201 0.000243 0.000216
0.000714 0.000680 0.000998 0.001040 0.001372 0.002470 0.001280 0.000643 0.000328 0.000221 0.000369 0.000414 0.001533 0.000649 0.000434 0.000219 0.000215 0.000251 0.000200 0.000320 0.000361 0.000427 0.029800 0.006688 0.000378 0.000223 0.000216 0.000320 0.006984 0.006883 0.000368 0.000314 0.000660 0.003347 0.000549 0.000425 0.000535 0.000215 0.000390 0.000623 0.000494 0.000578 0.004084 0.181397 0.181685 0.167582 0.057867 0.001463 0.000231 0.000253 0.000327 0.000402 0.000921 0.049748 0.059797 0.119894 0.143268 0.032485 0.000397 0.000345 0.000424 0.000325
0.003605 0.003426 0.002994 0.003113 0.001611 0.000532 0.000440 0.000396 0.000257 0.000346 0.000439 0.000517 0.002417 0.001214 0.000773 0.000265 0.000345 0.000725 0.000214 0.000213 0.000214 0.000332 0.000398 0.012019 0.000447 0.000330 0.000213 0.000211 0.000216 0.005931 0.008261 0.000267 0.000499 0.002752 0.000544 0.000313 0.000538 0.000465 0.000518 0.002542 0.000850 0.040658 0.132542 0.095814 0.000595 0.041171 0.128894 0.000834 0.000340 0.000229 0.000385 0.005016 0.188714 0.125835 0.036045 0.032262 0.059861 0.080802 0.067332 0.061870 0.001287 0.001715
0.000438 0.000437 0.000286 0.000895 0.000437 0.000367 0.000292 0.000420 0.000232 0.000434 0.000497 0.001988 0.001675 0.000293 0.000140 0.000271 0.000386 0.001008 0.000321 0.000213 0.000324 0.000256 0.000237 0.007823 0.000509 0.000381 0.000214 0.000317 0.000430 0.002538 0.005369 0.003453 0.001630 0.069645 0.104082 0.103329 0.069989 0.124393 0.148779 0.138473 0.116313 0.113014 0.057413 0.001296 0.000269 0.000439 0.075055 0.107270 0.057226 0.002297 0.022871 0.171607 0.071816 0.000612 0.000521 0.000679 0.000307 0.000377 0.000473 0.033851 0.114099 0.002710
0.000299 0.000422 0.000409 0.000486 0.000338 0.000227 0.000246 0.000729 0.000225 0.000365 0.000557 0.002889 0.001337 0.000205 0.000195 0.000338 0.000432 0.001297 0.000362 0.000213 0.000359 0.000382 0.000529 0.008161 0.000672 0.000329 0.000435 0.000459 0.000674 0.001661 0.009215 0.027959 0.110391 0.115536 0.081886 0.125204 0.155349 0.099675 0.018156 0.003850 0.007851 0.004848 0.000746 0.000579 0.000325 0.000377 0.000718 0.033560 0.101807 0.167765 0.136452 0.070898 0.001077 0.000557 0.000519 0.000500 0.000403 0.000248 0.000393 0.000444 0.037137 0.025530
0.000804 0.000526 0.000358 0.000220 0.000221 0.000222 0.000353 0.000948 0.000538 0.000545 0.000562 0.004722 0.000725 0.000321 0.000209 0.000361 0.000463 0.001034 0.001216 0.000216 0.000390 0.000451 0.000435 0.012151 0.000419 0.000231 0.000392 0.000560 0.059514 0.103107 0.130457 0.112541 0.082662 0.002107 0.000400 0.000294 0.000907 0.000531 0.000494 0.000566 0.002252 0.000837 0.000717 0.000592 0.000449 0.000223 0.000772 0.000987 0.000240 0.000404 0.004240 0.006080 0.000729 0.000520 0.000560 0.000444 0.000356 0.000294 0.000369 0.000388 0.000410 0.122814
0.000225 0.000234 0.000263 0.000349 0.000533 0.000363 0.000270 0.000548 0.001108 0.000909 0.002915 0.002317 0.000431 0.000369 0.000214 0.000376 0.000491 0.000899 0.001902 0.000378 0.000327 0.000495 0.000544 0.008127 0.000440 0.000228 0.006793 0.166558 0.134064 0.071064 0.003950 0.001278 0.000874 0.001394 0.000305 0.000430 0.000421 0.000404 0.000232 0.000913 0.001572 0.000748 0.000666 0.000561 0.000435 0.000220 0.000941 0.000376 0.000270 0.000362 0.004611 0.007120 0.000731 0.000335 0.000486 0.000387 0.000219 0.000400 0.000278 0.000240 0.000230 0.023050
0.000446 0.000444 0.000453 0.000458 0.001918 0.001304 0.001166 0.000664 0.000520 0.001138 0.004215 0.001502 0.000425 0.000276 0.000347 0.000488 0.000940 0.001713 0.003264 0.000438 0.000239 0.000491 0.001459 0.017057 0.000304 0.037656 0.198356 0.143153 0.019378 0.004464 0.005642 0.001537 0.000697 0.001730 0.002889 0.000238 0.000269 0.000371 0.000256 0.001181 0.000724 0.000695 0.000655 0.000545 0.000422 0.000217 0.000687 0.000292 0.000384 0.000280 0.006973 0.001147 0.001193 0.001166 0.000453 0.000358 0.000220 0.000371 0.000724 0.000607 0.000817 0.020083
0.001396 0.001408 0.000771 0.000315 0.000192 0.000311 0.001013 0.001382 0.000140 0.000185 0.007532 0.001034 0.000405 0.000241 0.000429 0.000457 0.000314 0.000425 0.003341 0.002715 0.001378 0.108440 0.187220 0.139187 0.115555 0.095099 0.066826 0.002881 0.000534 0.000250 0.004287 0.089639 0.010497 0.003120 0.002920 0.002686 0.000364 0.000266 0.000343 0.000716 0.000653 0.000653 0.000676 0.000539 0.000415 0.000214 0.000396 0.000416 0.000287 0.005619 0.006164 0.000907 0.000828 0.000890 0.000694 0.000485 0.000219 0.000320 0.000363 0.000931 0.130753 0.029252
0.000362 0.000350 0.000208 0.000194 0.000140 0.000190 0.000559 0.001618 0.000189 0.000291 0.003075 0.004034 0.000409 0.000229 0.000398 0.000509 0.000578 0.000317 0.000258 0.008524 0.196775 0.181210 0.119098 0.106402 0.111783 0.000631 0.000572 0.000790 0.000567 0.000292 0.000411 0.000549 0.002651 0.001320 0.001449 0.003225 0.003359 0.000446 0.000407 0.000393 0.000532 0.000534 0.000718 0.000535 0.000404 0.000209 0.000370 0.000267 0.000371 0.006256 0.000829 0.000795 0.000766 0.000696 0.000521 0.000368 0.000218 0.000420 0.000518 0.000482 0.021837 0.000655
0.000273 0.000140 0.000574 0.000209 0.000302 0.000333 0.000502 0.001320 0.000759 0.000617 0.002026 0.006987 0.000513 0.000225 0.000440 0.000683 0.001133 0.000618 0.000536 0.072155 0.194505 0.030269 0.000264 0.000542 0.061328 0.000531 0.000556 0.000538 0.000837 0.000377 0.000305 0.000477 0.001678 0.001158 0.000314 0.000190 0.003204 0.002721 0.002094 0.001438 0.000276 0.000333 0.000601 0.000532 0.000391 0.000193 0.000320 0.000383 0.004892 0.005365 0.000891 0.000864 0.001137 0.000680 0.000524 0.000461 0.000207 0.000211 0.000212 0.000215 0.037461 0.000562
0.000140 0.000272 0.000704 0.000413 0.000419 0.000424 0.000534 0.001389 0.000816 0.000780 0.006026 0.003356 0.000419 0.000252 0.000547 0.000587 0.000866 0.000735 0.007690 0.164221 0.079697 0.000517 0.000373 0.000224 0.035233 0.000299 0.000400 0.000816 0.000512 0.000390 0.000223 0.000434 0.000585 0.002773 0.000190 0.000140 0.001084 0.000896 0.001056 0.001332 0.001482 0.001411 0.000755 0.000525 0.000383 0.000140 0.000193 0.000493 0.005140 0.000713 0.000643 0.000590 0.000906 0.000532 0.000444 0.000361 0.000299 0.000346 0.000371 0.000402 0.019190 0.000520
0.000189 0.000334 0.000505 0.000517 0.000554 0.000584 0.000650 0.001878 0.001002 0.000967 0.003998 0.004175 0.000488 0.000351 0.000608 0.000373 0.000728 0.004481 0.165880 0.154908 0.001164 0.000412 0.000261 0.000232 0.037081 0.002402 0.000550 0.000496 0.000490 0.000452 0.000226 0.000430 0.000542 0.001186 0.000387 0.000352 0.000298 0.000552 0.000505 0.000739 0.000697 0.000699 0.000556 0.000489 0.000380 0.000196 0.000315 0.000358 0.005921 0.000687 0.000610 0.000523 0.000754 0.000469 0.000374 0.000216 0.000328 0.000668 0.000721 0.010811 0.019274 0.000536
0.000204 0.000366 0.000530 0.000607 0.000687 0.000755 0.001156 0.001777 0.000913 0.000624 0.003315 0.005736 0.000330 0.000935 0.000571 0.000278 0.005614 0.150543 0.142620 0.003571 0.000551 0.000345 0.000220 0.019728 0.024590 0.002224 0.003317 0.000304 0.000416 0.000392 0.000238 0.000415 0.000463 0.000566 0.085645 0.000450 0.000369 0.000242 0.000260 0.000411 0.000542 0.000740 0.000792 0.000680 0.000560 0.000470 0.000625 0.000574 0.004364 0.000663 0.000572 0.000477 0.000579 0.000411 0.000332 0.000216 0.000213 0.000212 0.000409 0.065419 0.020552 0.000674
0.000215 0.000705 0.000365 0.000598 0.000715 0.000821 0.003715 0.002801 0.000748 0.000315 0.001688 0.012810 0.055076 0.100598 0.099782 0.085723 0.101956 0.080205 0.002636 0.000473 0.000392 0.000229 0.000221 0.055614 0.003267 0.001380 0.002481 0.002357 0.000275 0.000370 0.000273 0.000375 0.000474 0.000512 0.000696 0.133922 0.001261 0.000438 0.000414 0.000469 0.000270 0.000340 0.000507 0.000432 0.000224 0.000453 0.000453 0.003751 0.003996 0.000903 0.000769 0.000590 0.000425 0.000321 0.000214 0.000215 0.000326 0.000365 0.000466 0.019670 0.002539 0.001428
0.000757 0.001367 0.000477 0.000387 0.000644 0.101524 0.134716 0.124625 0.112701 0.088291 0.100994 0.169934 0.141346 0.070642 0.046580 0.023675 0.000642 0.000719 0.000687 0.000641 0.000468 0.000239 0.000344 0.047156 0.001293 0.001343 0.001507 0.002454 0.000372 0.000275 0.000372 0.000273 0.000359 0.000421 0.000676 0.000575 0.000824 0.312211 0.048243 0.004440 0.000462 0.000475 0.000447 0.000416 0.000221 0.000430 0.000994 0.003403 0.000753 0.000657 0.000615 0.000468 0.000357 0.000193 0.000211 0.000329 0.000409 0.000459 0.000538 0.031407 0.002633 0.000508
