001_floodsim/hipims_case/output/h_6300.asc
ncols 269
nrows 269
xllcorner 0.000000
yllcorner 0.000000
cellsize 10.000000
NODATA_value -9999.000000
[rows 28 to 55 of 269, columns 124 to 185 of 269]
0.000228 0.000459 0.003577 0.003306 0.000246 0.000277 0.000468 0.000381 0.000337 0.000197 0.000213 0.000215 0.005088 0.001768 0.000435 0.000431 0.000445 0.000760 0.001087 0.004493 0.000777 0.000623 0.000274 0.000740 0.000335 0.000217 0.000323 0.240450 0.000674 0.000580 0.000387 0.000238 0.000325 0.000496 0.001724 0.001371 0.000648 0.000644 0.000578 0.000449 0.000228 0.000415 0.000688 0.002231 0.000447 0.000199 0.002177 0.002020 0.000460 0.000294 0.000366 0.002424 0.001161 0.001172 0.000963 0.001719 0.002005 0.001609 0.001004 0.000330 0.000196 0.000140
0.098289 0.074925 0.035161 0.002221 0.000499 0.000518 0.000776 0.000447 0.000377 0.000210 0.000324 0.000374 0.005236 0.000220 0.000215 0.000211 0.000196 0.000140 0.000192 0.005440 0.000674 0.000375 0.000416 0.001125 0.000381 0.000217 0.010869 0.011579 0.000629 0.000600 0.000605 0.000378 0.000459 0.000561 0.002576 0.001164 0.000649 0.000845 0.000596 0.000453 0.000224 0.000433 0.000528 0.002548 0.000355 0.000390 0.003853 0.001042 0.000465 0.000248 0.005321 0.055184 0.003733 0.004602 0.002455 0.002793 0.000407 0.000511 0.000354 0.000216 0.000212 0.000306
0.196297 0.209464 0.190980 0.065283 0.000539 0.000719 0.000555 0.000462 0.000282 0.000350 0.000433 0.000491 0.006306 0.000416 0.000380 0.000336 0.000211 0.000303 0.000356 0.009576 0.009714 0.014187 0.026562 0.013695 0.024900 0.022475 0.011109 0.000637 0.000515 0.000437 0.000351 0.000259 0.000934 0.001433 0.003339 0.004250 0.001045 0.001045 0.000785 0.000552 0.000259 0.000456 0.003155 0.002015 0.000225 0.000421 0.003361 0.001540 0.001958 0.004406 0.005566 0.000557 0.000466 0.000607 0.000470 0.000355 0.000277 0.000282 0.000261 0.000338 0.000217 0.000371
0.000445 0.007358 0.093625 0.224415 0.210576 0.000731 0.000369 0.000513 0.000670 0.001284 0.020286 0.132043 0.013453 0.000501 0.000412 0.000260 0.000351 0.000419 0.000472 0.064313 0.020973 0.000444 0.000538 0.000218 0.000389 0.001467 0.000690 0.000633 0.000431 0.000323 0.000196 0.000330 0.000439 0.000507 0.000550 0.004490 0.004718 0.000663 0.000502 0.000289 0.000337 0.000493 0.002599 0.000831 0.000632 0.102717 0.219940 0.006347 0.005455 0.006471 0.000548 0.000467 0.000395 0.000340 0.000410 0.000194 0.000140 0.000809 0.000477 0.000495 0.000257 0.000522
0.000558 0.000312 0.000384 0.007268 0.216032 0.254872 0.196494 0.224053 0.234533 0.210069 0.209404 0.233425 0.151660 0.000586 0.000525 0.000233 0.000401 0.000503 0.061255 0.021436 0.000509 0.000449 0.000368 0.000217 0.000332 0.000903 0.000608 0.000696 0.000346 0.000196 0.000140 0.000196 0.000349 0.000401 0.000425 0.000438 0.006684 0.000657 0.000494 0.000250 0.000404 0.006114 0.006664 0.009548 0.014746 0.008976 0.000907 0.000621 0.000574 0.000522 0.000456 0.000361 0.000220 0.000219 0.000217 0.000213 0.000308 0.000653 0.001089 0.000365 0.000196 0.000363
0.000596 0.000454 0.000238 0.000410 0.000604 0.004962 0.070758 0.087291 0.033284 0.000650 0.000315 0.073736 0.174578 0.000703 0.000377 0.000227 0.000432 0.025871 0.015876 0.000468 0.000394 0.000373 0.000316 0.000218 0.000212 0.000195 0.000327 0.000878 0.000259 0.000329 0.000196 0.000329 0.000259 0.000234 0.000226 0.000222 0.003324 0.003608 0.000330 0.000396 0.076882 0.045789 0.006646 0.000610 0.000560 0.000499 0.000743 0.000508 0.000459 0.000422 0.000371 0.000288 0.000393 0.000336 0.000216 0.000330 0.000413 0.001394 0.000893 0.000490 0.000214 0.000407
0.000576 0.000447 0.000268 0.000365 0.000611 0.000508 0.000526 0.000586 0.001695 0.000380 0.000315 0.013921 0.188825 0.051985 0.007894 0.012930 0.030687 0.016081 0.000485 0.000354 0.000210 0.000195 0.000140 0.000637 0.000309 0.000140 0.000196 0.000460 0.000457 0.000440 0.000350 0.000258 0.000370 0.000411 0.000430 0.000436 0.002226 0.097507 0.053297 0.022146 0.011002 0.000826 0.000601 0.000517 0.000460 0.000430 0.000523 0.000381 0.000305 0.000267 0.000228 0.000242 0.000416 0.000760 0.000217 0.000382 0.001503 0.001246 0.000884 0.000374 0.000218 0.000427
0.000546 0.000420 0.000354 0.000232 0.000661 0.000188 0.000376 0.000461 0.001245 0.000213 0.000460 0.000646 0.176271 0.143438 0.016412 0.017089 0.000663 0.000448 0.000425 0.000279 0.000378 0.000320 0.000194 0.000961 0.000367 0.000193 0.000747 0.000473 0.000307 0.000818 0.000269 0.000377 0.000466 0.000515 0.000540 0.000573 0.060495 0.021097 0.000550 0.000534 0.000571 0.000915 0.000911 0.000774 0.000621 0.000369 0.000221 0.000222 0.000226 0.000236 0.000349 0.000393 0.000575 0.001490 0.000220 0.000420 0.002351 0.001214 0.000531 0.000619 0.000389 0.000347
0.000195 0.000269 0.000236 0.000261 0.000332 0.000224 0.000330 0.000585 0.001431 0.000321 0.000468 0.000665 0.107165 0.130021 0.000402 0.000376 0.000529 0.000227 0.000364 0.000463 0.000468 0.000379 0.000210 0.001263 0.000460 0.000780 0.000781 0.000673 0.000487 0.000480 0.000621 0.000423 0.000533 0.000589 0.000635 0.025073 0.014175 0.000433 0.000402 0.000301 0.000423 0.000383 0.000550 0.000410 0.000372 0.000286 0.000395 0.000342 0.000219 0.000342 0.000434 0.000496 0.000529 0.001794 0.001021 0.002254 0.002095 0.000668 0.000352 0.001128 0.000523 0.000221
0.000568 0.000445 0.000405 0.000345 0.000193 0.000140 0.000195 0.000437 0.000326 0.000385 0.000418 0.001230 0.035176 0.149270 0.023927 0.000223 0.000376 0.000494 0.000516 0.000891 0.000449 0.000575 0.000218 0.002541 0.001907 0.001530 0.000870 0.000467 0.000330 0.000503 0.000634 0.000788 0.000550 0.000647 0.000813 0.020759 0.000231 0.000244 0.000282 0.000375 0.000215 0.000196 0.000257 0.000222 0.000227 0.000242 0.000424 0.000471 0.000444 0.000478 0.000673 0.000509 0.002196 0.001999 0.001355 0.001630 0.001112 0.000772 0.001280 0.001067 0.000377 0.000224
0.013053 0.011415 0.006757 0.000426 0.000319 0.000193 0.000617 0.000216 0.000210 0.000214 0.000220 0.001254 0.013385 0.144492 0.108859 0.000442 0.000728 0.000615 0.000583 0.000483 0.000489 0.003410 0.001781 0.002137 0.000262 0.000335 0.000528 0.000326 0.000425 0.000553 0.000686 0.000824 0.001291 0.000410 0.019375 0.023884 0.000420 0.000621 0.000530 0.000573 0.000600 0.000485 0.000528 0.000341 0.000221 0.000347 0.000608 0.000477 0.000548 0.000583 0.000714 0.000707 0.003125 0.001369 0.001102 0.001362 0.000890 0.001129 0.000835 0.000628 0.000416 0.000222
0.001451 0.001998 0.006653 0.007905 0.007509 0.000422 0.000690 0.000325 0.000190 0.000688 0.002004 0.001670 0.000814 0.024587 0.214205 0.159282 0.118699 0.071807 0.001962 0.001446 0.000260 0.002675 0.001144 0.001008 0.000374 0.000258 0.000655 0.000421 0.000518 0.000961 0.032747 0.099275 0.111578 0.108903 0.172722 0.131336 0.080533 0.000862 0.000851 0.000589 0.000458 0.000444 0.000498 0.000263 0.000356 0.000438 0.000724 0.000537 0.000645 0.001649 0.051408 0.053172 0.015126 0.001287 0.000983 0.000729 0.000864 0.001874 0.000790 0.000569 0.000295 0.000367
0.000771 0.000639 0.000291 0.001353 0.067859 0.018245 0.008638 0.000396 0.000263 0.000356 0.001562 0.000299 0.000373 0.000536 0.003226 0.134019 0.192675 0.229462 0.272511 0.303018 0.189438 0.067042 0.003091 0.000782 0.000279 0.000560 0.002246 0.055566 0.130346 0.136089 0.097010 0.077158 0.017169 0.013902 0.009890 0.002009 0.079206 0.104744 0.022774 0.000662 0.000572 0.000543 0.000476 0.000236 0.000400 0.000511 0.002059 0.038234 0.117923 0.118640 0.094622 0.095091 0.096539 0.078591 0.024839 0.007996 0.019584 0.002285 0.002588 0.003905 0.008569 0.009739
0.000481 0.000764 0.000509 0.000235 0.000866 0.000320 0.006507 0.006431 0.000219 0.000228 0.001225 0.000394 0.000217 0.000508 0.000580 0.000821 0.003098 0.000521 0.049030 0.146929 0.243109 0.290576 0.219880 0.116875 0.125924 0.214043 0.222869 0.201888 0.199886 0.176405 0.022988 0.000453 0.000473 0.000447 0.000359 0.000265 0.000454 0.062525 0.114389 0.031101 0.000733 0.000355 0.000517 0.000484 0.002888 0.135360 0.196460 0.168301 0.117281 0.010791 0.002165 0.000513 0.000243 0.038731 0.115795 0.091489 0.055668 0.027519 0.120271 0.033156 0.004269 0.000305
0.000318 0.000598 0.000396 0.000250 0.000546 0.000444 0.000580 0.006775 0.000341 0.000248 0.000922 0.000517 0.000200 0.000539 0.000747 0.000770 0.001074 0.000717 0.001627 0.000999 0.041903 0.113991 0.081367 0.116064 0.075185 0.046761 0.078278 0.036792 0.039257 0.101323 0.009759 0.000207 0.000307 0.000340 0.000216 0.000334 0.000418 0.000778 0.055455 0.130302 0.121038 0.116807 0.133912 0.160541 0.198359 0.193515 0.099362 0.010469 0.003419 0.000818 0.000676 0.000528 0.000270 0.000903 0.001428 0.000668 0.000436 0.000232 0.000469 0.057152 0.002547 0.000375
0.003819 0.000986 0.000498 0.000297 0.000374 0.000467 0.000530 0.006052 0.005509 0.000305 0.000448 0.000429 0.000258 0.000871 0.000539 0.000638 0.000714 0.001136 0.001379 0.000912 0.010992 0.000550 0.000287 0.001002 0.000348 0.000293 0.000894 0.003316 0.000197 0.033548 0.042620 0.000416 0.000377 0.000218 0.000216 0.000212 0.000305 0.000437 0.000470 0.000684 0.011890 0.015204 0.003236 0.002607 0.003379 0.001781 0.000943 0.000899 0.001013 0.000794 0.000672 0.000563 0.000340 0.001154 0.000532 0.000686 0.000406 0.000244 0.000470 0.018515 0.157968 0.018184
0.003553 0.000983 0.000430 0.000423 0.000231 0.000375 0.000679 0.000737 0.005494 0.000383 0.000279 0.000388 0.000239 0.000641 0.000449 0.000587 0.000659 0.001040 0.000943 0.000972 0.013936 0.000556 0.000526 0.000606 0.000292 0.000572 0.001160 0.004830 0.000273 0.000449 0.031401 0.015073 0.014493 0.000386 0.000322 0.000196 0.000140 0.000388 0.000303 0.000370 0.000733 0.003140 0.001646 0.000362 0.000558 0.000425 0.000727 0.000638 0.001080 0.000788 0.000621 0.000562 0.000477 0.000736 0.000586 0.000452 0.000353 0.000282 0.000484 0.000616 0.001712 0.109880
0.002527 0.002202 0.000283 0.000412 0.000349 0.000450 0.000627 0.000650 0.004750 0.004528 0.002700 0.000592 0.000263 0.000499 0.000422 0.000565 0.000641 0.000891 0.001110 0.001377 0.006892 0.000744 0.000473 0.000359 0.000289 0.000471 0.002176 0.002309 0.000244 0.000651 0.013114 0.000536 0.013610 0.056675 0.013861 0.011627 0.000296 0.000195 0.000140 0.000196 0.000917 0.002053 0.002528 0.000194 0.000265 0.000227 0.000393 0.000509 0.000862 0.000814 0.000815 0.000713 0.000603 0.000441 0.000572 0.000375 0.000210 0.000388 0.000499 0.000572 0.000927 0.000609
0.000424 0.002719 0.001138 0.000605 0.000445 0.000227 0.000421 0.000738 0.000714 0.002946 0.002702 0.000485 0.000498 0.000198 0.000441 0.000551 0.000583 0.001725 0.001816 0.000926 0.006130 0.000538 0.000411 0.000212 0.000402 0.000478 0.002666 0.000362 0.000278 0.000537 0.017809 0.000743 0.000349 0.000432 0.003632 0.126898 0.123423 0.018308 0.000441 0.000470 0.000817 0.000140 0.004103 0.006069 0.013146 0.007071 0.000516 0.000302 0.000418 0.000638 0.000520 0.000472 0.000419 0.000408 0.000383 0.000327 0.000196 0.000345 0.000455 0.000704 0.000785 0.000525
0.000314 0.001950 0.000701 0.000290 0.000420 0.000227 0.000383 0.001074 0.000555 0.000620 0.006112 0.000281 0.000391 0.000255 0.000440 0.000496 0.000908 0.002001 0.000193 0.000210 0.007513 0.000512 0.000404 0.000194 0.000363 0.000725 0.002366 0.000222 0.000365 0.000958 0.023658 0.000606 0.000526 0.000310 0.000380 0.000508 0.007022 0.007671 0.160434 0.012163 0.011968 0.019423 0.009662 0.011796 0.003947 0.006579 0.298456 0.000551 0.000558 0.000677 0.000402 0.000357 0.000220 0.000219 0.000213 0.000196 0.000140 0.000247 0.000392 0.000622 0.000397 0.000472
0.000450 0.001584 0.001206 0.001101 0.000598 0.000327 0.000439 0.000902 0.000291 0.000539 0.003752 0.002161 0.000540 0.000223 0.000386 0.000703 0.000809 0.001403 0.000140 0.000303 0.005288 0.000485 0.000390 0.000261 0.000528 0.000592 0.001970 0.000224 0.000528 0.001005 0.016920 0.000530 0.000553 0.000445 0.000235 0.000456 0.001079 0.000238 0.001296 0.001050 0.000216 0.002409 0.002275 0.000452 0.000412 0.000220 0.009347 0.009416 0.000223 0.000227 0.000237 0.000265 0.000343 0.000219 0.000735 0.000426 0.000427 0.000455 0.000436 0.000387 0.000285 0.000365
0.000704 0.000545 0.000765 0.000598 0.000499 0.000400 0.000235 0.000522 0.000486 0.000594 0.002281 0.001916 0.000442 0.000220 0.000519 0.000563 0.000783 0.000834 0.001489 0.001999 0.007189 0.000791 0.000542 0.000216 0.000368 0.000474 0.001571 0.000228 0.000404 0.001297 0.023001 0.000678 0.000503 0.000431 0.000259 0.000456 0.000742 0.000266 0.000486 0.001822 0.000200 0.000421 0.004544 0.000565 0.000385 0.000220 0.000400 0.009744 0.000418 0.000398 0.000352 0.000233 0.000393 0.000413 0.001747 0.001182 0.001601 0.001106 0.000659 0.000539 0.000389 0.000217
0.000980 0.000740 0.000604 0.000538 0.000454 0.000363 0.000264 0.000357 0.000473 0.000517 0.000803 0.002785 0.000461 0.000352 0.000396 0.000445 0.000533 0.001644 0.000924 0.000791 0.004084 0.000580 0.000386 0.000198 0.000500 0.000679 0.002083 0.000392 0.000693 0.002765 0.012390 0.000426 0.000414 0.000402 0.000330 0.000447 0.000219 0.000343 0.000490 0.001170 0.000254 0.000391 0.003056 0.000388 0.000337 0.000219 0.000369 0.009703 0.145031 0.005075 0.002314 0.003790 0.064913 0.005945 0.010566 0.004447 0.000632 0.000372 0.000235 0.000261 0.000335 0.000210
0.000447 0.000541 0.000374 0.000484 0.000396 0.000266 0.000347 0.000236 0.000418 0.000600 0.000653 0.002259 0.000717 0.000434 0.000222 0.000532 0.000754 0.001421 0.000376 0.000461 0.003650 0.000605 0.000551 0.000258 0.000373 0.000450 0.000738 0.000535 0.000535 0.003475 0.011391 0.000214 0.000196 0.000256 0.000221 0.000222 0.000224 0.000231 0.000457 0.000805 0.000225 0.000488 0.004134 0.000217 0.000217 0.000214 0.000527 0.005512 0.002639 0.003974 0.008972 0.004359 0.000524 0.000300 0.000372 0.003955 0.001308 0.000281 0.000359 0.000444 0.000208 0.000184
0.000389 0.000338 0.000221 0.000213 0.000319 0.000364 0.000233 0.000268 0.000386 0.000471 0.000524 0.001672 0.000532 0.000412 0.000220 0.000412 0.000535 0.000802 0.000603 0.000384 0.003348 0.000519 0.000420 0.000221 0.000478 0.000659 0.001113 0.000469 0.000316 0.005438 0.058527 0.000435 0.000432 0.000436 0.000404 0.000352 0.000457 0.000252 0.000480 0.000349 0.000234 0.000353 0.002637 0.002396 0.000329 0.000196 0.000417 0.006748 0.000927 0.000321 0.001411 0.001234 0.000560 0.000423 0.000216 0.003179 0.001507 0.001911 0.002392 0.001156 0.000682 0.000239
0.000218 0.000217 0.000220 0.001935 0.001746 0.001327 0.000920 0.000525 0.000287 0.000401 0.000412 0.001252 0.000476 0.000386 0.000219 0.000390 0.000493 0.000596 0.000607 0.002793 0.003056 0.000445 0.000391 0.000219 0.000330 0.000396 0.000539 0.000479 0.000497 0.012044 0.005312 0.012223 0.007922 0.006200 0.006906 0.000453 0.000598 0.000351 0.000223 0.000232 0.000256 0.000411 0.000484 0.002216 0.000946 0.000269 0.000403 0.003755 0.001889 0.000482 0.000194 0.001644 0.000532 0.000385 0.000198 0.002388 0.000669 0.000548 0.000680 0.000435 0.000304 0.000140
0.000649 0.000859 0.001949 0.002298 0.000547 0.000488 0.000442 0.000391 0.000401 0.000312 0.000213 0.000825 0.000392 0.000341 0.000220 0.000342 0.000436 0.000550 0.000823 0.002484 0.000644 0.000521 0.000338 0.000218 0.000216 0.000249 0.000199 0.000443 0.002933 0.005457 0.000711 0.000362 0.002826 0.002912 0.004833 0.337968 0.000579 0.000619 0.000479 0.000508 0.000321 0.000193 0.000377 0.001494 0.000572 0.000236 0.000568 0.002691 0.002279 0.000547 0.000140 0.001287 0.000819 0.000565 0.000267 0.001995 0.000583 0.000512 0.000492 0.000366 0.000195 0.000308
0.002018 0.003798 0.002175 0.000507 0.000437 0.000367 0.000308 0.000140 0.000292 0.000140 0.000197 0.000348 0.000220 0.000221 0.000221 0.000221 0.000340 0.000512 0.000632 0.001777 0.000444 0.000334 0.000219 0.000219 0.000335 0.000399 0.003599 0.005483 0.002580 0.003727 0.001299 0.000567 0.000430 0.000223 0.000430 0.043118 0.006645 0.002000 0.002066 0.000329 0.000194 0.000140 0.000342 0.001049 0.000652 0.000255 0.000428 0.000579 0.004799 0.001088 0.001018 0.001184 0.000602 0.000424 0.000244 0.002551 0.000765 0.000642 0.000437 0.000304 0.000140 0.000347
