001_floodsim/hipims_case/output/h_6300.asc
ncols 269
nrows 269
xllcorner 0.000000
yllcorner 0.000000
cellsize 10.000000
NODATA_value -9999.000000
[rows 196 to 223 of 269, columns 62 to 123 of 269]
0.000858 0.000844 0.000561 0.000357 0.000452 0.000666 0.000437 0.006051 0.000569 0.000386 0.000195 0.000210 0.000213 0.000240 0.000334 0.000393 0.000475 0.005524 0.008747 0.005242 0.005269 0.000278 0.000796 0.000502 0.000331 0.000555 0.001461 0.001441 0.000997 0.001466 1.534149 1.699887 1.966708 2.131789 2.305361 1.822764 0.000570 0.000690 0.000950 0.000973 0.000581 0.000310 0.000140 0.000197 0.000490 0.000352 0.000479 0.000773 0.193478 0.002642 0.000222 0.000352 0.004160 0.001634 0.000837 0.000417 0.002895 0.000916 0.000648 0.000317 0.009612 0.086885
0.000572 0.000363 0.000277 0.000402 0.000498 0.000503 0.005022 0.005570 0.000444 0.000352 0.000140 0.000301 0.000352 0.000386 0.000524 0.000483 0.005132 0.005282 0.000250 0.000540 0.006953 0.000538 0.000203 0.000465 0.000698 0.000991 0.001072 0.000732 0.001587 0.002553 0.000225 1.415848 1.706904 1.917568 2.284785 2.095366 0.002234 0.001921 0.001414 0.000710 0.000441 0.000408 0.000310 0.000212 0.000342 0.000205 0.000405 0.000517 0.149395 0.208001 0.119154 0.164126 0.164450 0.151418 0.151864 0.155187 0.154527 0.136683 0.142755 0.126490 0.102703 0.085627
0.000223 0.000386 0.001213 0.001694 0.002436 0.002324 0.005264 0.000579 0.000537 0.000472 0.000378 0.000418 0.000452 0.000506 0.004346 0.004917 0.004800 0.000452 0.000424 0.000900 0.004203 0.000468 0.000259 0.000473 0.000563 0.000812 0.000640 0.001149 0.001583 0.000276 0.000239 0.000226 1.811775 1.915150 2.262114 1.960577 0.000273 0.000361 0.000563 0.001426 0.000854 0.000702 0.000495 0.000811 0.000845 0.000309 0.000376 0.000464 0.000562 0.047115 0.045349 0.006497 0.004359 0.002597 0.000625 0.000279 0.001270 0.001979 0.004225 0.000821 0.000538 0.000311
0.000353 0.001157 0.001040 0.000712 0.000617 0.000533 0.003576 0.000464 0.000364 0.000217 0.000335 0.000569 0.000792 0.003411 0.003751 0.000454 0.000663 0.000271 0.000562 0.000885 0.003758 0.000445 0.000229 0.000449 0.000494 0.000623 0.001076 0.001028 0.000588 0.000379 0.000511 0.000383 1.827234 2.041345 2.258878 2.003179 1.703868 0.000585 0.000613 0.000925 0.000619 0.000624 0.001122 0.001124 0.000405 0.000343 0.000219 0.000383 0.000466 0.000543 0.001125 0.000334 0.002205 0.001014 0.000390 0.000221 0.000454 0.002038 0.000653 0.000577 0.000552 0.000432
0.000761 0.000805 0.000485 0.000461 0.000315 0.000258 0.003180 0.000415 0.000318 0.000215 0.000215 0.000360 0.002483 0.003006 0.000547 0.000412 0.000510 0.000333 0.000593 0.001000 0.003360 0.000427 0.000237 0.000417 0.000743 0.001017 0.000954 0.000390 0.000286 0.002294 0.003478 0.006662 0.003158 1.993610 2.250713 2.116738 1.883662 1.987938 1.774495 0.000764 0.000388 0.001400 0.000821 0.000196 0.000253 0.000218 0.000220 0.000339 0.000381 0.000435 0.000660 0.000491 0.002395 0.001348 0.000344 0.000225 0.000464 0.001625 0.000837 0.000681 0.000479 0.000417
0.000275 0.000448 0.000251 0.000235 0.000369 0.028806 0.002942 0.000354 0.000195 0.000212 0.000324 0.000423 0.027156 0.000616 0.000517 0.000413 0.000251 0.000488 0.000695 0.001248 0.002584 0.000416 0.000263 0.000530 0.000571 0.000715 0.000330 0.000461 0.002739 0.002183 0.001852 0.002028 0.001042 0.000993 2.289733 2.237816 2.230371 2.204709 2.179291 1.989805 0.001773 0.003659 0.001625 0.000402 0.000571 0.000461 0.000219 0.000217 0.000211 0.000305 0.000391 0.000475 0.000540 0.002620 0.000223 0.000233 0.000488 0.001029 0.000603 0.000476 0.000514 0.000363
0.000140 0.000309 0.000629 0.000549 0.002361 0.002628 0.000385 0.000302 0.000140 0.000301 0.000499 0.001067 0.002083 0.000568 0.000478 0.000367 0.000300 0.000510 0.000857 0.001570 0.001694 0.000379 0.000309 0.000483 0.000474 0.000478 0.000513 0.002709 0.002519 0.001279 0.001297 0.001340 0.000799 0.000873 1.948629 1.987987 2.195678 2.211001 2.296306 2.231967 2.077440 0.000456 0.001026 0.001067 0.001078 0.000383 0.000346 0.000416 0.000194 0.000140 0.000276 0.000601 0.000453 0.001586 0.001181 0.000260 0.000530 0.000281 0.000580 0.000481 0.000342 0.000298
0.000292 0.000241 0.000224 0.001227 0.016420 0.000387 0.000302 0.000210 0.000306 0.000396 0.000422 0.000651 0.001297 0.000540 0.000432 0.000226 0.000392 0.000502 0.001673 0.002302 0.000505 0.000236 0.000551 0.000510 0.000337 0.000267 0.002386 0.002292 0.001048 0.000858 0.001151 0.000692 0.000742 0.000859 0.001125 0.001010 1.923045 1.876150 2.157022 2.341486 2.044541 1.653348 0.000460 0.000427 0.000714 0.000516 0.000443 0.000595 0.000353 0.000278 0.000140 0.000277 0.000346 0.000476 0.000911 0.000327 0.000351 0.000372 0.000219 0.000208 0.000192 0.000140
0.000140 0.000317 0.000371 0.000964 0.001190 0.000310 0.000140 0.000193 0.000353 0.000459 0.000534 0.000728 0.000588 0.000528 0.000431 0.000238 0.000481 0.000663 0.001915 0.000389 0.000498 0.000332 0.000515 0.000328 0.002113 0.002463 0.002010 0.000895 0.000925 0.001009 0.001422 0.001007 0.001139 0.000853 0.000788 0.001195 0.001023 0.000414 2.090600 2.350694 2.084259 1.484185 0.000284 0.000140 0.001187 0.000612 0.000528 0.000752 0.000465 0.000385 0.000279 0.000140 0.000393 0.000419 0.000303 0.000424 0.000485 0.000997 0.000398 0.000357 0.000311 0.000190
0.000194 0.000464 0.000978 0.001286 0.000240 0.000224 0.000312 0.000362 0.000438 0.000523 0.001288 0.000686 0.000501 0.000497 0.000426 0.000272 0.000380 0.000505 0.001449 0.000468 0.000219 0.000422 0.000492 0.001623 0.002012 0.000363 0.000267 0.000404 0.000469 0.000552 0.001066 0.000648 0.000634 0.000897 0.001114 0.002141 0.000290 1.957094 2.128561 2.353241 2.028090 0.000194 0.000140 0.000286 0.001770 0.000886 0.000978 0.001200 0.001041 0.000611 0.000349 0.000195 0.000209 0.000217 0.000376 0.000667 0.000620 0.002496 0.000661 0.000492 0.000292 0.000349
0.000211 0.000328 0.000525 0.000390 0.000289 0.000603 0.000562 0.000567 0.000584 0.000638 0.001868 0.000567 0.000302 0.000420 0.000406 0.000372 0.000278 0.000474 0.001065 0.000426 0.000219 0.000378 0.000646 0.001320 0.000487 0.000269 0.000355 0.000379 0.000389 0.000466 0.000620 0.000422 0.000441 0.000448 0.000625 0.000381 0.000406 1.952569 2.275183 2.340461 1.966649 0.000317 0.000194 0.000360 0.002353 0.000973 0.000890 0.000626 0.000323 0.000431 0.000395 0.000211 0.000330 0.000389 0.000478 0.000831 0.001768 0.001236 0.000432 0.000277 0.000346 0.000452
0.000217 0.000382 0.000326 0.000211 0.000359 0.000414 0.000439 0.001139 0.001278 0.001706 0.019316 0.000654 0.000361 0.000222 0.000228 0.000234 0.000384 0.000489 0.000632 0.000414 0.000218 0.000455 0.000570 0.000723 0.000513 0.000377 0.000234 0.000230 0.000223 0.000361 0.000317 0.000228 0.000227 0.000224 0.000332 0.000140 0.000195 2.071151 2.360606 2.438033 2.184099 2.011382 0.002228 0.002996 0.011841 0.003070 0.002417 0.001838 0.001476 0.001175 0.000788 0.000269 0.000526 0.000415 0.000541 0.000577 0.003813 0.000675 0.000632 0.005153 0.007658 0.062511
0.000218 0.000705 0.000256 0.000338 0.000516 0.000450 0.000543 0.000357 0.000277 0.000243 0.003968 0.000487 0.000426 0.000332 0.000219 0.000825 0.000519 0.000473 0.000464 0.000383 0.000217 0.000369 0.000533 0.000455 0.000473 0.000507 0.000579 0.000418 0.000426 0.000299 0.000407 0.000533 0.000397 0.000433 0.004457 0.002080 0.001825 2.235824 2.291617 2.366428 2.318930 2.116846 0.001775 0.003052 0.000419 0.000640 0.000536 0.000583 0.000427 0.000323 0.000197 0.000295 0.000639 0.000761 0.000648 0.049302 0.156511 0.107774 0.093954 0.060948 0.043460 0.006552
0.000841 0.000663 0.000231 0.000375 0.000624 0.000485 0.000580 0.000531 0.000487 0.000465 0.003998 0.000587 0.000519 0.000474 0.000717 0.000737 0.000482 0.000283 0.000387 0.000332 0.000211 0.000310 0.000359 0.000438 0.000603 0.000968 0.000875 0.000762 0.000691 0.000610 0.000601 0.002801 0.003778 0.006175 0.003016 0.046506 0.103048 0.011299 1.971067 2.139195 2.314067 2.321966 2.264414 0.001382 0.000199 0.000266 0.000238 0.000262 0.000329 0.000196 0.000140 0.000349 0.000452 0.001033 0.228382 0.150409 0.044862 0.001231 0.000608 0.000708 0.000962 0.002132
0.000831 0.000340 0.000384 0.000446 0.000661 0.001065 0.000374 0.000522 0.000656 0.000509 0.004193 0.000921 0.001015 0.001666 0.002102 0.001681 0.001264 0.000837 0.000216 0.000212 0.000196 0.000140 0.000193 0.000346 0.000381 0.000285 0.001318 0.001959 0.002616 0.003179 0.005349 0.002439 0.001663 0.001377 0.000759 0.026923 0.000384 0.000194 0.000418 1.994620 2.142697 2.249582 2.239631 0.001014 0.000388 0.000551 0.000409 0.000354 0.000216 0.000212 0.000304 0.000417 0.013185 0.094947 0.013360 0.000197 0.000280 0.000261 0.000333 0.000211 0.000308 0.000422
0.000552 0.000273 0.000417 0.000494 0.000593 0.001124 0.000619 0.000638 0.000913 0.000625 0.003257 0.003802 0.001278 0.001351 0.000278 0.000356 0.000531 0.000606 0.000732 0.000425 0.000212 0.000312 0.000367 0.000274 0.000519 0.000897 0.000808 0.000628 0.000630 0.000735 0.000498 0.000495 0.000603 0.000403 0.000432 0.023751 0.000585 0.000236 0.000644 1.646730 1.841417 2.078880 2.264385 2.268372 0.001672 0.000764 0.000479 0.000386 0.000216 0.000332 0.000410 0.033182 0.019990 0.000234 0.000258 0.000531 0.000425 0.000355 0.000212 0.000196 0.000140 0.000327
0.000364 0.000398 0.000479 0.000555 0.000663 0.001217 0.000764 0.001442 0.000769 0.000334 0.001747 0.005044 0.001113 0.000742 0.000427 0.000380 0.000220 0.000224 0.000239 0.000281 0.000280 0.000397 0.000460 0.000462 0.000318 0.000456 0.000398 0.000432 0.000438 0.000436 0.000319 0.000266 0.000278 0.000202 0.000216 0.026341 0.000479 0.000310 0.000602 0.000701 1.702904 1.938485 2.194774 2.160937 0.015033 0.057999 0.033543 0.000440 0.000304 0.017717 0.092041 0.031692 0.005970 0.009650 0.016852 0.044926 0.005343 0.000477 0.000406 0.000380 0.000334 0.000255
0.000278 0.000566 0.000463 0.000592 0.000706 0.001785 0.000486 0.002840 0.000669 0.000274 0.001292 0.006062 0.001049 0.000779 0.000669 0.000472 0.000408 0.000388 0.000356 0.000242 0.000368 0.000465 0.000533 0.000686 0.000465 0.000320 0.000258 0.000235 0.000242 0.000209 0.000378 0.000437 0.000462 0.002324 0.035448 0.020452 0.000453 0.000342 0.000703 0.000672 1.546294 1.827229 2.179474 2.040259 0.000277 0.001089 0.016425 0.035744 0.020484 0.016656 0.012298 0.000522 0.000505 0.000352 0.016989 0.007179 0.004096 0.008260 0.004724 0.000498 0.000408 0.000461
0.003281 0.003652 0.006303 0.003775 0.002600 0.003583 0.000339 0.002521 0.001018 0.000787 0.000804 0.009256 0.005036 0.000923 0.000631 0.000757 0.000627 0.000498 0.000300 0.000374 0.000452 0.000530 0.001141 0.000613 0.000312 0.000810 0.000641 0.000551 0.000512 0.000561 0.000509 0.000565 0.060375 0.199266 0.044813 0.000428 0.000368 0.000519 0.001436 0.001010 1.466620 1.777204 2.148311 1.862922 0.000369 0.001502 0.000755 0.000694 0.000633 0.000592 0.000672 0.000366 0.000294 0.000526 0.002995 0.002238 0.001615 0.002139 0.004617 0.005069 0.007454 0.004558
0.000358 0.000398 0.000302 0.001704 0.003571 0.008748 0.000268 0.002982 0.000784 0.000533 0.000363 0.004235 0.004960 0.000664 0.000620 0.000475 0.000410 0.000272 0.000342 0.000440 0.000528 0.001411 0.000978 0.000590 0.000366 0.000390 0.000949 0.001353 0.001320 0.002117 0.001734 0.014941 0.053327 0.000485 0.000368 0.000301 0.000568 0.000830 0.000959 0.000618 1.461697 1.922007 2.078006 1.732007 0.000601 0.000952 0.000687 0.000620 0.000524 0.000718 0.000423 0.000214 0.000404 0.000543 0.001429 0.003720 0.001748 0.002059 0.001766 0.000524 0.000432 0.011368
0.000211 0.000219 0.000371 0.000330 0.000220 0.004567 0.022184 0.030203 0.000586 0.000521 0.000278 0.002966 0.006688 0.000926 0.000621 0.000514 0.000431 0.000245 0.000409 0.000503 0.003076 0.002804 0.001654 0.000493 0.000140 0.000196 0.000320 0.000372 0.000405 0.000302 0.000768 0.099986 0.000572 0.000434 0.000218 0.000425 0.000987 0.000598 0.000571 0.000527 1.513968 2.015291 2.017262 1.702851 0.000458 0.000733 0.000627 0.000564 0.000541 0.000493 0.000403 0.000193 0.000349 0.000507 0.001165 0.001688 0.000385 0.002251 0.001561 0.000742 0.000454 0.000225
0.000355 0.000400 0.000492 0.000535 0.000502 0.028622 0.066471 0.058429 0.041237 0.000493 0.000242 0.013749 0.022736 0.000643 0.000625 0.000521 0.000427 0.000229 0.000427 0.003543 0.003404 0.000540 0.000809 0.000926 0.000308 0.000212 0.000213 0.000215 0.000217 0.000358 0.000832 0.062677 0.000560 0.000431 0.000212 0.000396 0.000537 0.000530 0.000343 0.000267 1.544519 2.015525 1.916420 1.649027 0.000580 0.000404 0.000544 0.000431 0.000419 0.000400 0.000377 0.000259 0.000461 0.000463 0.001499 0.000752 0.000594 0.001339 0.001835 0.000565 0.000428 0.000221
0.000454 0.000532 -9999.000000 -9999.000000 -9999.000000 0.012584 0.000335 0.000211 0.022518 0.057153 0.017433 0.013744 0.001371 0.000723 0.000628 0.000529 0.000428 0.000223 0.003719 0.003850 0.000449 0.000378 0.000215 0.000397 0.000570 0.000355 0.000380 0.000392 0.000401 0.000594 0.000596 0.014592 0.000530 0.000416 0.000189 0.000335 0.000497 0.000325 0.000434 1.518251 1.677086 2.092722 1.915913 0.001103 0.000197 0.000258 0.000220 0.000218 0.000212 0.000191 0.000266 0.000228 0.000240 0.000545 0.002391 0.000877 0.000394 0.002306 0.000641 0.000521 0.000406 0.000218
-9999.000000 -9999.000000 -9999.000000 -9999.000000 -9999.000000 -9999.000000 0.000213 0.000193 0.000366 0.019600 0.109639 0.102838 0.003325 0.000770 0.000654 0.000547 0.000437 0.000222 0.004229 0.000460 0.000359 0.000330 0.000210 0.000361 0.000545 0.000630 0.000467 0.000496 0.000504 0.000496 0.021084 0.022384 0.000482 0.000403 0.000255 0.000473 0.000462 0.000829 0.000892 1.734825 1.931370 2.119537 1.872659 0.001678 0.003125 0.003645 0.000439 0.000428 0.000410 0.000366 0.000547 0.000371 0.000280 0.000380 0.000924 0.000788 0.000496 0.001279 0.000593 0.000494 0.000390 0.000215
-9999.000000 -9999.000000 -9999.000000 -9999.000000 -9999.000000 -9999.000000 -9999.000000 0.000140 0.000290 0.000429 0.001619 0.073464 0.044747 0.001058 0.001742 0.002004 0.002940 0.005204 0.003807 0.000422 0.000426 0.000212 0.000195 0.000311 0.000607 0.000773 0.000608 0.000629 0.000637 0.000654 0.086028 0.005495 0.000385 0.000327 0.000196 0.000213 0.000218 0.000220 0.000463 1.744747 1.843432 2.053987 1.835374 0.001747 0.001690 0.004174 0.003806 0.002974 0.000576 0.000564 0.000579 0.000520 0.000729 0.000621 0.000637 0.000872 0.000848 0.000679 0.000561 0.000484 0.000375 0.000214
-9999.000000 -9999.000000 -9999.000000 -9999.000000 -9999.000000 -9999.000000 -9999.000000 -9999.000000 0.000189 0.000359 0.000434 0.000635 0.012157 0.007910 0.002103 0.002292 0.002099 0.000371 0.000223 0.000228 0.000249 0.000311 0.000140 0.000190 0.000375 0.000782 0.000793 0.000949 0.000725 0.000780 0.070052 0.000585 0.000212 0.000196 0.000140 0.000316 0.000381 0.001240 0.001107 1.461985 1.615840 2.015978 2.054916 1.989980 0.001478 0.001199 0.001740 0.002725 0.013726 0.035718 0.003112 0.004563 0.002274 0.001624 0.000987 0.000820 0.000865 0.000612 0.000470 0.000451 0.000347 0.000215
-9999.000000 -9999.000000 -9999.000000 -9999.000000 -9999.000000 -9999.000000 -9999.000000 -9999.000000 0.000140 0.000296 0.000560 0.000798 0.010802 0.011167 0.006535 0.003216 0.001410 0.000313 0.000424 0.000407 0.000390 0.000357 0.000191 0.000299 0.000419 0.000532 0.000933 0.001328 0.001152 0.008745 0.032943 0.001196 0.001004 0.000329 0.000196 0.000372 0.000471 0.079691 0.000252 0.000510 1.560892 1.796541 1.887555 2.003667 0.000966 0.000221 0.000222 0.000230 0.000245 0.001178 0.000663 0.000633 0.000612 0.000605 0.000607 0.000633 0.000676 0.000948 0.000620 0.000381 0.000260 0.000327
-9999.000000 -9999.000000 -9999.000000 -9999.000000 -9999.000000 -9999.000000 -9999.000000 -9999.000000 -9999.000000 0.000212 0.000407 0.000656 0.000752 0.005428 0.004022 0.005567 0.001063 0.000514 0.000512 0.000479 0.000449 0.000385 0.000206 0.000374 0.000455 0.000571 0.000661 0.001682 0.000939 0.008690 0.008903 0.000817 0.000671 0.000497 0.001167 0.001780 0.004256 0.003593 0.000466 0.000882 1.364611 1.516342 1.658893 2.050082 1.922378 0.000429 0.000415 0.000381 0.000291 0.000607 0.000515 0.000472 0.000438 0.000449 0.000430 0.000394 0.000549 0.000458 0.000407 0.000295 0.000409 0.000370
