001_floodsim/hipims_case/output/h_7200.asc
ncols 269
nrows 269
xllcorner 0.000000
yllcorner 0.000000
cellsize 10.000000
NODATA_value -9999.000000
[rows 84 to 111 of 269, columns 0 to 61 of 269]
-9999.000000 -9999.000000 -9999.000000 -9999.000000 -9999.000000 -9999.000000 -9999.000000 -9999.000000 -9999.000000 -9999.000000 -9999.000000 -9999.000000 -9999.000000 -9999.000000 -9999.000000 -9999.000000 -9999.000000 0.000550 0.000488 0.000405 0.000286 0.000140 0.000288 0.000407 0.000718 0.000481 0.000585 0.001383 0.002889 0.000435 0.000243 0.000356 0.000422 0.005192 0.408384 0.459006 0.442769 0.395281 0.098552 0.000674 0.000757 0.001038 0.000792 0.000581 0.001259 0.001266 0.000827 0.002454 0.000727 0.000463 0.001934 0.001425 0.000912 0.000601 0.000858 0.000501 0.000378 0.000307 0.000474 0.004748 0.001128 0.000625
-9999.000000 -9999.000000 -9999.000000 -9999.000000 -9999.000000 -9999.000000 -9999.000000 -9999.000000 -9999.000000 -9999.000000 -9999.000000 -9999.000000 -9999.000000 -9999.000000 -9999.000000 -9999.000000 0.000443 0.000415 0.000379 0.000311 0.000140 0.000399 0.000587 0.000585 0.000736 0.001197 0.000375 0.001046 0.002363 0.000449 0.000230 0.000403 0.000287 0.008051 0.400812 0.256742 0.078987 0.002391 0.000476 0.000470 0.000256 0.001147 0.000839 0.001005 0.002242 0.000552 0.000282 0.002215 0.000784 0.000749 0.000787 0.001288 0.000695 0.000565 0.000723 0.000443 0.000227 0.000437 0.000682 0.002612 0.000870 0.000875
-9999.000000 -9999.000000 -9999.000000 -9999.000000 -9999.000000 -9999.000000 -9999.000000 -9999.000000 -9999.000000 -9999.000000 -9999.000000 -9999.000000 -9999.000000 -9999.000000 -9999.000000 0.000224 0.000223 0.000221 0.000218 0.000212 0.000197 0.000312 0.000405 0.000753 0.001026 0.003365 0.000281 0.000970 0.003047 0.000597 0.000265 0.000437 0.000460 0.000725 0.389984 0.228577 0.000263 0.000259 0.000325 0.000495 0.000316 0.000414 0.000527 0.002497 0.000846 0.000602 0.000376 0.001801 0.001076 0.000939 0.000712 0.001175 0.001024 0.000600 0.000555 0.000441 0.000236 0.000417 0.000527 0.001994 0.000695 0.000678
-9999.000000 -9999.000000 -9999.000000 -9999.000000 -9999.000000 -9999.000000 -9999.000000 -9999.000000 -9999.000000 -9999.000000 -9999.000000 -9999.000000 -9999.000000 -9999.000000 0.000311 0.000448 0.000434 0.000409 0.000357 0.000504 0.000351 0.000255 0.000440 0.000498 0.000619 0.002902 0.000288 0.000563 0.004904 0.000387 0.000195 0.000428 0.000526 0.000936 0.304250 0.291482 0.002523 0.000556 0.000636 0.000484 0.000467 0.000297 0.000459 0.001264 0.000925 0.000632 0.000595 0.001046 0.000738 0.000692 0.000667 0.000675 0.000932 0.000748 0.000510 0.000434 0.000265 0.000372 0.000465 0.001490 0.000543 0.000494
-9999.000000 -9999.000000 -9999.000000 -9999.000000 -9999.000000 -9999.000000 -9999.000000 -9999.000000 -9999.000000 -9999.000000 -9999.000000 -9999.000000 0.000197 0.000140 0.000352 0.001001 0.000497 0.000704 0.000540 0.000543 0.000408 0.000234 0.000446 0.000558 0.000672 0.002635 0.000199 0.002407 0.002267 0.000285 0.000462 0.000980 0.000986 0.000780 0.147983 0.336953 0.092192 0.000555 0.000408 0.000304 0.000440 0.000427 0.000416 0.000277 0.001060 0.000518 0.000464 0.000792 0.000662 0.000586 0.000501 0.000722 0.000541 0.000535 0.000419 0.000396 0.000346 0.000242 0.000365 0.000998 0.000406 0.000359
-9999.000000 -9999.000000 -9999.000000 -9999.000000 -9999.000000 -9999.000000 -9999.000000 -9999.000000 -9999.000000 -9999.000000 -9999.000000 0.000140 0.000301 0.001107 0.000917 0.001248 0.001618 0.002093 0.001599 0.001198 0.000782 0.000272 0.000795 0.001265 0.001836 0.003778 0.000215 0.003206 0.001553 0.000244 0.000360 0.000638 0.000302 0.000253 0.041383 0.334674 0.249323 0.000958 0.000481 0.000372 0.000217 0.000207 0.000331 0.000378 0.000556 0.000383 0.000235 0.000428 0.000585 0.000498 0.000434 0.000431 0.000365 0.000483 0.000218 0.000212 0.000191 0.000279 0.000250 0.000492 0.000222 0.000225
-9999.000000 -9999.000000 -9999.000000 -9999.000000 -9999.000000 -9999.000000 -9999.000000 -9999.000000 -9999.000000 -9999.000000 0.000212 0.000191 0.001969 0.001985 0.002201 0.002544 0.001824 0.000417 0.000366 0.000217 0.000211 0.000191 0.000210 0.000356 0.000584 0.005929 0.004337 0.149679 0.006821 0.000229 0.000411 0.000597 0.000645 0.000430 0.168297 0.391029 0.326423 0.004438 0.001560 0.001130 0.001238 0.001008 0.001408 0.000231 0.000248 0.000290 0.000629 0.000557 0.000490 0.000366 0.000196 0.000270 0.000247 0.000292 0.000409 0.000360 0.000550 0.000412 0.000319 0.000333 0.000348 0.000222
-9999.000000 -9999.000000 -9999.000000 -9999.000000 -9999.000000 -9999.000000 -9999.000000 -9999.000000 -9999.000000 0.000170 0.001173 0.000935 0.002032 0.001370 0.001082 0.000225 0.000230 0.000245 0.000286 0.000393 0.000338 0.000212 0.000336 0.000262 0.000637 0.001345 0.000700 0.000657 0.010366 0.004554 0.002922 0.214166 0.387762 0.379422 0.410817 0.418625 0.197151 0.000529 0.000554 0.000550 0.000229 0.000245 0.000289 0.000406 0.000692 0.000592 0.001103 0.000969 0.000417 0.000291 0.000389 0.000593 0.000468 0.000472 0.000448 0.000272 0.000992 0.000440 0.000255 0.000904 0.000525 0.000221
-9999.000000 -9999.000000 -9999.000000 -9999.000000 -9999.000000 -9999.000000 -9999.000000 -9999.000000 -9999.000000 0.000170 0.004261 0.001466 0.001790 0.001250 0.000848 0.000442 0.000449 0.000452 0.000453 0.000410 0.000531 0.000219 0.000803 0.001406 0.001200 0.001416 0.000233 0.000223 0.000349 0.005904 0.233758 0.507343 0.486308 0.430231 0.411242 0.351555 0.102806 0.000278 0.000367 0.000579 0.000436 0.000751 0.000748 0.000971 0.001963 0.001724 0.001347 0.000260 0.000324 0.000475 0.000780 0.000682 0.000629 0.000640 0.000309 0.000403 0.002308 0.000600 0.000276 0.000875 0.001154 0.000384
-9999.000000 -9999.000000 -9999.000000 -9999.000000 -9999.000000 -9999.000000 -9999.000000 -9999.000000 0.000177 0.000309 0.029115 0.004444 0.001978 0.001126 0.000793 0.000583 0.000570 0.000565 0.000536 0.000843 0.000756 0.000829 0.000359 0.000746 0.000217 0.000340 0.000261 0.000425 0.000246 0.000232 0.364103 0.490696 0.272803 0.012444 0.003535 0.001424 0.024388 0.014926 0.001073 0.001437 0.002770 0.002895 0.002497 0.003040 0.003068 0.000215 0.000355 0.000449 0.000799 0.000731 0.000817 0.000704 0.001074 0.000529 0.000555 0.001080 0.001112 0.000379 0.000196 0.000497 0.001755 0.000737
-9999.000000 -9999.000000 -9999.000000 -9999.000000 -9999.000000 -9999.000000 -9999.000000 -9999.000000 0.000215 0.014468 0.036287 0.024224 0.001227 0.001994 0.000898 0.000816 0.000891 0.001081 0.001351 0.002482 0.001237 0.000384 0.000560 0.000311 0.000212 0.000216 0.000346 0.000547 0.000408 0.041980 0.440958 0.367496 0.001962 0.000524 0.000377 0.000296 0.000532 0.017053 0.014139 0.001387 0.001258 0.000221 0.000221 0.000221 0.000220 0.000217 0.006428 0.006327 0.005880 0.005303 0.007467 0.001574 0.000621 0.000351 0.002553 0.002227 0.001440 0.000280 0.000362 0.000526 0.002559 0.001220
-9999.000000 -9999.000000 -9999.000000 -9999.000000 -9999.000000 -9999.000000 -9999.000000 -9999.000000 0.000221 0.000544 0.005107 0.017556 0.002136 0.001231 0.002113 0.001477 0.001253 0.001414 0.001215 0.000489 0.000521 0.000569 0.000378 0.000140 0.000196 0.000323 0.000419 0.001310 0.140636 0.372605 0.393111 0.052408 0.000584 0.000499 0.000239 0.000417 0.000585 0.001635 0.013790 0.008670 0.001246 0.000386 0.000341 0.000219 0.006948 0.024516 0.006393 0.000700 0.000630 0.000427 0.004459 0.017074 0.003645 0.005257 0.002851 0.000466 0.000383 0.000243 0.000412 0.000703 0.004410 0.000267
-9999.000000 -9999.000000 -9999.000000 -9999.000000 -9999.000000 -9999.000000 -9999.000000 -9999.000000 0.000221 0.000488 0.005064 0.000140 0.007002 0.001217 0.001086 0.001350 0.001142 0.000852 0.000594 0.000228 0.000239 0.000272 0.000364 0.000292 0.000359 0.000421 0.006649 0.293806 0.416026 0.378299 0.062725 0.000563 0.000531 0.000541 0.000273 0.000380 0.000610 0.002304 0.008058 0.007860 0.126215 0.014339 0.004970 0.007757 0.011151 0.000891 0.000786 0.000659 0.000655 0.000720 0.000554 0.001414 0.000718 0.000702 0.000428 0.000337 0.000292 0.000384 0.000627 0.000590 0.003104 0.000233
-9999.000000 -9999.000000 -9999.000000 -9999.000000 -9999.000000 -9999.000000 -9999.000000 -9999.000000 0.000215 0.006797 0.004655 0.006086 0.002493 0.016973 0.004358 0.001301 0.001052 0.000791 0.000559 0.000373 0.000477 0.000351 0.000196 0.000140 0.000467 0.000517 0.145296 0.415721 0.190076 0.000543 0.000689 0.000436 0.000363 0.000573 0.000352 0.000265 0.000664 0.004911 0.000419 0.000216 0.000521 0.122213 0.008019 0.000651 0.000980 0.000865 0.001364 0.001053 0.000949 0.000742 0.001000 0.000706 0.000573 0.000787 0.000555 0.000291 0.000405 0.000487 0.000497 0.000779 0.002124 0.007070
-9999.000000 -9999.000000 -9999.000000 -9999.000000 -9999.000000 -9999.000000 -9999.000000 -9999.000000 0.000177 0.005414 0.002258 0.000686 0.001835 0.000140 0.007394 0.012961 0.006503 0.000780 0.000608 0.000519 0.000518 0.000418 0.000315 0.000194 0.000339 0.000652 0.283813 0.311526 0.000388 0.000538 0.000575 0.000534 0.000231 0.000627 0.000798 0.001297 0.001323 0.003027 0.000377 0.000199 0.000595 0.008661 0.000577 0.000499 0.000598 0.000665 0.000472 0.000495 0.000523 0.000822 0.000734 0.000683 0.000593 0.000496 0.000380 0.000271 0.000592 0.000620 0.000648 0.000946 0.002494 0.185259
-9999.000000 -9999.000000 -9999.000000 -9999.000000 -9999.000000 -9999.000000 -9999.000000 0.000177 0.004637 0.004615 0.004063 0.005576 0.012946 0.010273 0.011939 0.015557 0.035520 0.046486 0.025409 0.000603 0.000510 0.000617 0.000411 0.000334 0.000264 0.000398 0.257263 0.300897 0.000623 0.000312 0.000475 0.000407 0.000385 0.000502 0.000575 0.000635 0.000713 0.002221 0.000527 0.000278 0.000714 0.006680 0.000930 0.000449 0.000432 0.000385 0.000221 0.000214 0.000335 0.000397 0.000638 0.000632 0.000530 0.000425 0.000259 0.000350 0.000430 0.001047 0.001526 0.001519 0.007053 0.313400
-9999.000000 -9999.000000 -9999.000000 -9999.000000 -9999.000000 -9999.000000 -9999.000000 0.000215 0.007757 0.005748 0.006682 0.009724 0.013886 0.029488 0.024856 0.024526 0.031360 0.062842 0.083030 0.060276 0.041907 0.047542 0.043672 0.028078 0.000377 0.000280 0.230836 0.348574 0.013118 0.000421 0.000351 0.000211 0.000513 0.000428 0.000477 0.000539 0.000615 0.001710 0.000366 0.000270 0.001428 0.010084 0.000878 0.000234 0.000257 0.000320 0.000471 0.000823 0.000828 0.001035 0.000616 0.000571 0.000468 0.000382 0.000325 0.000195 0.000320 0.000377 0.000412 0.001331 0.080993 0.400100
-9999.000000 -9999.000000 -9999.000000 -9999.000000 -9999.000000 -9999.000000 -9999.000000 0.000221 0.005587 0.017844 0.011879 0.015984 0.023056 0.032197 0.060007 0.079560 0.041285 0.049097 0.088544 0.092818 0.142597 0.169342 0.182398 0.222052 0.235087 0.141967 0.268179 0.383463 0.114329 0.000966 0.000491 0.000196 0.000324 0.000435 0.000659 0.000801 0.000891 0.001299 0.000233 0.000355 0.001746 0.005551 0.002002 0.000844 0.001133 0.001584 0.003364 0.001808 0.001172 0.000336 0.000305 0.000497 0.000358 0.000212 0.000196 0.000140 0.000194 0.000210 0.000217 0.000601 0.098612 0.448197
-9999.000000 -9999.000000 -9999.000000 -9999.000000 -9999.000000 -9999.000000 -9999.000000 0.000221 0.004600 0.025147 0.039581 0.029466 0.040413 0.062767 0.084932 0.172187 0.146865 0.096722 0.060067 0.109834 0.121890 0.135518 0.112077 0.104397 0.229999 0.288146 0.352979 0.400133 0.064190 0.000434 0.000358 0.000140 0.000196 0.000350 0.000407 0.000436 0.000463 0.000554 0.000263 0.000236 0.002601 0.003924 0.002174 0.003077 0.002562 0.001801 0.000630 0.000429 0.000390 0.000254 0.000463 0.000237 0.000264 0.000337 0.000213 0.000311 0.000366 0.000400 0.000424 0.000582 0.102186 0.451451
-9999.000000 -9999.000000 -9999.000000 -9999.000000 -9999.000000 -9999.000000 -9999.000000 0.000215 0.002642 0.012843 0.025602 0.061211 0.035729 0.039010 0.021567 0.000480 0.092268 0.268906 0.153570 0.058117 0.090934 0.092837 0.060851 0.000219 0.000222 0.110608 0.195005 0.078211 0.000398 0.000346 0.000330 0.000196 0.000326 0.000258 0.000235 0.000227 0.000267 0.000193 0.000354 0.003471 0.005524 0.000775 0.000777 0.000543 0.000540 0.000467 0.000387 0.000251 0.000296 0.000619 0.000545 0.000446 0.000430 0.000388 0.000217 0.000380 0.000610 0.000996 0.000824 0.000799 0.164673 0.475557
-9999.000000 -9999.000000 -9999.000000 -9999.000000 -9999.000000 -9999.000000 -9999.000000 0.000177 0.002623 0.008596 0.032117 0.682470 0.872656 0.024726 0.012638 0.000212 0.000197 0.105505 0.180838 0.161104 0.030850 0.060085 0.044536 0.000343 0.000233 0.000250 0.000449 0.000339 0.000274 0.000140 0.000197 0.000452 0.000838 0.000483 0.000476 0.000471 0.002320 0.001579 0.002874 0.007572 0.000709 0.000626 0.000848 0.000658 0.000435 0.000352 0.000301 0.000664 0.000612 0.000697 0.000618 0.000531 0.000436 0.000551 0.000220 0.000420 0.000451 0.000308 0.001401 0.002249 0.335850 0.498686
-9999.000000 -9999.000000 -9999.000000 -9999.000000 -9999.000000 -9999.000000 5.000000 0.000255 0.001208 0.006753 0.462296 1.452652 2.005537 0.298747 0.007473 0.000305 0.000140 0.001329 0.047833 0.113033 0.103913 0.020015 0.029074 0.004445 0.000398 0.000342 0.000209 0.000194 0.000140 0.000392 0.000313 0.000369 0.000516 0.000582 0.000865 0.000789 0.000830 0.000519 0.001779 0.000701 0.000623 0.000644 0.000521 0.000432 0.000315 0.000140 0.000352 0.000597 0.001423 0.000759 0.000682 0.000604 0.000498 0.000716 0.000379 0.000301 0.000479 0.000725 0.000892 0.005169 0.455069 0.526961
-9999.000000 -9999.000000 -9999.000000 -9999.000000 -9999.000000 -9999.000000 4.999988 0.000185 0.000870 0.036740 0.982666 1.804901 2.004846 0.377943 0.004687 0.000496 0.000539 0.000692 0.080582 0.118900 0.087851 0.072871 0.012509 0.038937 0.000755 0.000440 0.000360 0.000312 0.000194 0.000404 0.001280 0.000319 0.000522 0.000636 0.001313 0.000140 0.000197 0.000422 0.001177 0.000618 0.000559 0.000493 0.000431 0.000344 0.000221 0.000317 0.000434 0.000602 0.003760 0.002889 0.002458 0.002010 0.002699 0.001524 0.000785 0.000302 0.000835 0.001154 0.000946 0.000905 0.269316 0.564283
-9999.000000 -9999.000000 -9999.000000 -9999.000000 -9999.000000 -9999.000000 4.999985 0.000208 0.000628 0.221043 1.177248 1.761197 1.586669 0.263244 0.009206 0.013224 0.023429 0.038718 0.078359 0.095819 0.087639 0.069271 0.049896 0.004304 0.008098 0.000554 0.000489 0.000460 0.000458 0.000498 0.000796 0.000206 0.000482 0.001527 0.000978 0.000363 0.000322 0.000408 0.000507 0.000513 0.000452 0.000374 0.000316 0.000214 0.000218 0.000381 0.000499 0.006100 0.003898 0.000435 0.000414 0.000362 0.000221 0.000218 0.000213 0.000197 0.000213 0.000503 0.000535 0.000711 0.006616 0.398533
-9999.000000 -9999.000000 -9999.000000 -9999.000000 -9999.000000 -9999.000000 4.999983 0.000350 0.000996 0.358213 1.147605 1.561162 1.146581 0.143778 0.020454 0.022332 0.030377 0.039007 0.069874 0.081271 0.119553 0.119044 0.124137 0.014235 0.003068 0.001442 0.000647 0.000614 0.000616 0.000641 0.000650 0.000218 0.000463 0.003235 0.000814 0.000443 0.000623 0.000447 0.000280 0.000376 0.000333 0.000196 0.000140 0.000197 0.000332 0.000450 0.004891 0.002821 0.000224 0.000227 0.000238 0.000262 0.000514 0.000397 0.000341 0.000214 0.000736 0.000574 0.000799 0.001135 0.000825 0.164409
-9999.000000 -9999.000000 -9999.000000 -9999.000000 -9999.000000 -9999.000000 4.999981 0.000213 0.000390 0.157173 0.663685 0.960437 0.535464 0.021800 0.026096 0.027035 0.036088 0.046008 0.054676 0.088248 0.097484 0.029102 0.000959 0.119742 0.004132 0.000876 0.001362 0.000759 0.000723 0.000677 0.000592 0.000380 0.000317 0.002486 0.000851 0.000733 0.001312 0.001309 0.000859 0.000462 0.000218 0.000214 0.000312 0.000369 0.000447 0.000534 0.004022 0.001893 0.000459 0.000458 0.000462 0.000456 0.000735 0.000513 0.000449 0.000352 0.000403 0.000620 0.000540 0.000495 0.000645 0.153327
-9999.000000 -9999.000000 -9999.000000 -9999.000000 -9999.000000 -9999.000000 4.999980 0.000195 0.000370 0.000462 0.144433 0.049454 0.013531 0.015406 0.023830 0.039782 0.038363 0.043727 0.048751 0.043563 0.019900 0.000283 0.000140 0.000322 0.068733 0.001543 0.000785 0.001122 0.000796 0.000699 0.000577 0.000417 0.000258 0.001756 0.004532 0.001940 0.002331 0.000447 0.000341 0.000220 0.000220 0.000342 0.000428 0.000797 0.000540 0.000630 0.006983 0.004314 0.003489 0.003173 0.002731 0.003779 0.001956 0.001338 0.000845 0.000223 0.000221 0.000220 0.000221 0.000222 0.000220 0.227747
-9999.000000 -9999.000000 -9999.000000 -9999.000000 -9999.000000 -9999.000000 4.999978 0.000140 0.000325 0.000396 0.000825 0.000291 0.000630 0.004407 0.016181 0.031150 0.064032 0.036157 0.035763 0.026730 0.000296 0.000140 0.000287 0.000244 0.000229 0.018377 0.004111 0.006230 0.009700 0.000740 0.000587 0.000427 0.000234 0.003389 0.002131 0.000241 0.000274 0.000360 0.000219 0.000221 0.000346 0.000576 0.000450 0.000557 0.000622 0.032821 0.015060 0.001145 0.000670 0.000646 0.000560 0.000765 0.000602 0.000447 0.000336 0.000223 0.000344 0.000393 0.000694 0.000451 0.001359 0.410165
