001_floodsim/hipims_case/output/h_7200.asc
ncols 269
nrows 269
xllcorner 0.000000
yllcorner 0.000000
cellsize 10.000000
NODATA_value -9999.000000
[rows 168 to 195 of 269, columns 0 to 61 of 269]
-9999.000000 -9999.000000 -9999.000000 -9999.000000 -9999.000000 -9999.000000 -9999.000000 -9999.000000 -9999.000000 -9999.000000 -9999.000000 -9999.000000 -9999.000000 -9999.000000 -9999.000000 -9999.000000 -9999.000000 -9999.000000 -9999.000000 0.000140 0.000510 0.000140 0.000196 0.000213 0.000218 0.000220 0.000733 0.000140 0.000193 0.020468 0.000953 0.000750 0.000743 0.000811 0.000548 0.000331 0.000559 0.000409 0.000509 0.000589 0.001105 0.002557 0.000596 0.000960 0.000478 0.000737 0.000431 0.000333 0.001979 0.001148 0.000257 0.000342 0.000419 0.011834 0.000627 0.000303 1.512167 1.522659 1.656066 1.662120 0.000369 0.000291
-9999.000000 -9999.000000 -9999.000000 -9999.000000 -9999.000000 -9999.000000 -9999.000000 -9999.000000 -9999.000000 -9999.000000 -9999.000000 -9999.000000 -9999.000000 -9999.000000 -9999.000000 -9999.000000 -9999.000000 -9999.000000 -9999.000000 -9999.000000 0.000140 0.000286 0.000361 0.000402 0.001028 0.000902 0.000409 0.017678 0.158902 0.015819 0.000710 0.000661 0.000533 0.000888 0.000615 0.000492 0.000304 0.000372 0.000415 0.000529 0.001410 0.001872 0.000547 0.000852 0.000420 0.000541 0.000326 0.000491 0.001232 0.001615 0.000325 0.000195 0.000319 0.008621 0.000582 0.000427 0.000589 0.000516 0.000985 0.001171 0.000232 0.000403
-9999.000000 -9999.000000 -9999.000000 -9999.000000 -9999.000000 -9999.000000 -9999.000000 -9999.000000 -9999.000000 -9999.000000 -9999.000000 -9999.000000 -9999.000000 -9999.000000 -9999.000000 -9999.000000 -9999.000000 -9999.000000 -9999.000000 -9999.000000 0.000197 0.000615 0.000964 0.001779 0.000697 0.000842 0.023951 0.112874 0.004456 0.001744 0.000670 0.000659 0.000732 0.001154 0.000519 0.000479 0.000434 0.000211 0.000480 0.000467 0.001867 0.000647 0.000524 0.000709 0.000417 0.000244 0.000478 0.000757 0.002433 0.000628 0.000196 0.000140 0.000193 0.008395 0.000570 0.000379 0.000212 0.000927 0.001721 0.000343 0.000258 0.000367
-9999.000000 -9999.000000 -9999.000000 -9999.000000 -9999.000000 -9999.000000 -9999.000000 -9999.000000 -9999.000000 -9999.000000 -9999.000000 -9999.000000 -9999.000000 -9999.000000 -9999.000000 -9999.000000 -9999.000000 -9999.000000 -9999.000000 -9999.000000 -9999.000000 0.000140 0.000195 0.000212 0.000551 0.042638 0.016732 0.000435 0.000231 0.002362 0.000546 0.000960 0.000506 0.000579 0.000390 0.000345 0.000431 0.000195 0.000324 0.000557 0.002286 0.000605 0.000558 0.000473 0.000366 0.000284 0.000493 0.000592 0.000895 0.000780 0.001538 0.001971 0.002195 0.010073 0.000609 0.000325 0.000196 0.002020 0.000356 0.000195 0.000329 0.000256
-9999.000000 -9999.000000 -9999.000000 -9999.000000 -9999.000000 -9999.000000 -9999.000000 -9999.000000 -9999.000000 -9999.000000 -9999.000000 -9999.000000 -9999.000000 -9999.000000 -9999.000000 -9999.000000 -9999.000000 -9999.000000 -9999.000000 -9999.000000 -9999.000000 0.000197 0.000582 0.000888 0.000801 0.043402 0.000507 0.000431 0.000247 0.002928 0.001986 0.000777 0.000371 0.000308 0.000191 0.000252 0.000195 0.000140 0.000195 0.000332 0.000879 0.000504 0.000482 0.000387 0.000212 0.000389 0.000500 0.000511 0.001049 0.001525 0.000951 0.000828 0.000479 0.007716 0.000715 0.000196 0.000140 0.000988 0.000287 0.000140 0.000195 0.002168
-9999.000000 -9999.000000 -9999.000000 -9999.000000 -9999.000000 -9999.000000 -9999.000000 -9999.000000 -9999.000000 -9999.000000 -9999.000000 -9999.000000 -9999.000000 -9999.000000 -9999.000000 -9999.000000 -9999.000000 -9999.000000 -9999.000000 -9999.000000 -9999.000000 -9999.000000 0.000195 0.000319 0.001082 0.018893 0.000441 0.000413 0.000294 0.000359 0.001351 0.000996 0.000195 0.000140 0.000304 0.000743 0.000320 0.000194 0.000956 0.000218 0.000208 0.000336 0.000389 0.000326 0.000196 0.000328 0.000432 0.000660 0.000918 0.000573 0.000982 0.000543 0.002601 0.012259 0.000985 0.001190 0.000863 0.000699 0.000140 0.000285 0.003445 0.002539
-9999.000000 -9999.000000 -9999.000000 -9999.000000 -9999.000000 -9999.000000 -9999.000000 -9999.000000 -9999.000000 -9999.000000 -9999.000000 -9999.000000 -9999.000000 -9999.000000 -9999.000000 -9999.000000 -9999.000000 -9999.000000 -9999.000000 -9999.000000 -9999.000000 -9999.000000 0.000140 0.000194 0.000211 0.031686 0.000267 0.000333 0.000425 0.000195 0.000359 0.001441 0.000325 0.000196 0.000503 0.001973 0.000511 0.000673 0.000574 0.000370 0.000536 0.000392 0.000213 0.000196 0.000140 0.000197 0.000334 0.000428 0.000640 0.000465 0.001210 0.002856 0.002204 0.008393 0.001448 0.000394 0.000641 0.000981 0.000330 0.000967 0.003274 0.000223
-9999.000000 -9999.000000 -9999.000000 -9999.000000 -9999.000000 -9999.000000 -9999.000000 -9999.000000 -9999.000000 -9999.000000 -9999.000000 -9999.000000 -9999.000000 -9999.000000 -9999.000000 -9999.000000 -9999.000000 -9999.000000 -9999.000000 -9999.000000 -9999.000000 -9999.000000 0.000196 0.000318 0.000936 0.034076 0.000347 0.000187 0.000228 0.000140 0.000287 0.001106 0.000742 0.000314 0.000390 0.001000 0.000743 0.001510 0.000671 0.000576 0.000596 0.000494 0.000408 0.000373 0.000312 0.000213 0.000219 0.000317 0.000376 0.000412 0.002639 0.002147 0.001239 0.004491 0.001477 0.001838 0.000626 0.000459 0.000224 0.000533 0.002762 0.000223
-9999.000000 -9999.000000 -9999.000000 -9999.000000 -9999.000000 -9999.000000 -9999.000000 -9999.000000 -9999.000000 -9999.000000 -9999.000000 -9999.000000 -9999.000000 -9999.000000 -9999.000000 -9999.000000 -9999.000000 -9999.000000 -9999.000000 -9999.000000 -9999.000000 -9999.000000 0.000214 0.001192 0.000625 0.019878 0.017955 0.000331 0.000449 0.000278 0.000140 0.000314 0.000196 0.000140 0.000395 0.006825 0.060736 0.012647 0.005797 0.009038 0.003432 0.000586 0.000513 0.000427 0.000590 0.000381 0.000316 0.000140 0.000196 0.000212 0.003205 0.000228 0.000996 0.003329 0.000880 0.001367 0.000616 0.000453 0.000223 0.000586 0.002516 0.000225
-9999.000000 -9999.000000 -9999.000000 -9999.000000 -9999.000000 -9999.000000 -9999.000000 -9999.000000 -9999.000000 -9999.000000 -9999.000000 -9999.000000 -9999.000000 -9999.000000 -9999.000000 -9999.000000 -9999.000000 -9999.000000 -9999.000000 -9999.000000 -9999.000000 -9999.000000 -9999.000000 0.000409 0.000228 0.000499 0.134162 0.195720 0.120626 0.000471 0.000318 0.000251 0.000342 0.008185 0.038986 0.020864 0.002255 0.000531 0.000320 0.003364 0.003071 0.004580 0.004012 0.003686 0.002716 0.000421 0.000570 0.000319 0.000223 0.001810 0.004673 0.000233 0.002005 0.004105 0.000852 0.001324 0.000608 0.000446 0.000222 0.000680 0.002156 0.000221
-9999.000000 -9999.000000 -9999.000000 -9999.000000 -9999.000000 -9999.000000 -9999.000000 -9999.000000 -9999.000000 -9999.000000 -9999.000000 -9999.000000 -9999.000000 -9999.000000 -9999.000000 -9999.000000 -9999.000000 -9999.000000 -9999.000000 -9999.000000 -9999.000000 -9999.000000 -9999.000000 0.000362 0.000242 0.000417 0.000517 0.000923 0.019612 0.199290 0.102944 0.008034 0.011431 0.008039 0.000654 0.000700 0.001370 0.000538 0.000470 0.000848 0.000785 0.001016 0.001833 0.002426 0.034821 0.014841 0.004876 0.001333 0.000512 0.001568 0.003705 0.000397 0.002468 0.001111 0.000826 0.001279 0.000603 0.000438 0.000221 0.000450 0.002965 0.000340
-9999.000000 -9999.000000 -9999.000000 -9999.000000 -9999.000000 -9999.000000 -9999.000000 -9999.000000 -9999.000000 -9999.000000 -9999.000000 -9999.000000 -9999.000000 -9999.000000 -9999.000000 -9999.000000 -9999.000000 -9999.000000 -9999.000000 -9999.000000 -9999.000000 -9999.000000 -9999.000000 0.000243 0.000281 0.000385 0.000453 0.000731 0.000498 0.000619 0.154252 0.000445 0.000445 0.000445 0.000423 0.000316 0.001504 0.000814 0.000621 0.000388 0.000338 0.000540 0.000245 0.000560 0.001519 0.001078 0.000950 0.000850 0.000541 0.002146 0.000834 0.000524 0.001797 0.001218 0.000805 0.001163 0.000606 0.000413 0.000211 0.000428 0.001812 0.000413
-9999.000000 -9999.000000 -9999.000000 -9999.000000 -9999.000000 -9999.000000 -9999.000000 -9999.000000 -9999.000000 -9999.000000 -9999.000000 -9999.000000 -9999.000000 -9999.000000 -9999.000000 -9999.000000 -9999.000000 -9999.000000 -9999.000000 -9999.000000 -9999.000000 -9999.000000 -9999.000000 -9999.000000 0.000376 0.000265 0.000334 0.000545 0.000441 0.000588 0.036306 0.000225 0.000233 0.000254 0.000314 0.000469 0.000848 0.000473 0.000351 0.000196 0.000140 0.000357 0.000291 0.000649 0.000533 0.000979 0.000925 0.000986 0.000956 0.001556 0.000952 0.000906 0.000822 0.001423 0.000827 0.001564 0.000612 0.000552 0.000255 0.000535 0.001408 0.000276
-9999.000000 -9999.000000 -9999.000000 -9999.000000 -9999.000000 -9999.000000 -9999.000000 -9999.000000 -9999.000000 -9999.000000 -9999.000000 -9999.000000 -9999.000000 -9999.000000 -9999.000000 -9999.000000 -9999.000000 -9999.000000 -9999.000000 -9999.000000 -9999.000000 -9999.000000 -9999.000000 -9999.000000 0.000543 0.000347 0.000140 0.000287 0.000435 0.000565 0.017990 0.040193 0.001724 0.001516 0.001171 0.000656 0.000678 0.000395 0.000259 0.000329 0.000196 0.000781 0.000334 0.000318 0.000310 0.000445 0.000749 0.000926 0.000982 0.001391 0.000899 0.000861 0.000800 0.001198 0.000907 0.001174 0.000875 0.000441 0.000229 0.000424 0.001000 0.000342
-9999.000000 -9999.000000 -9999.000000 -9999.000000 -9999.000000 -9999.000000 -9999.000000 -9999.000000 -9999.000000 -9999.000000 -9999.000000 -9999.000000 -9999.000000 -9999.000000 -9999.000000 -9999.000000 -9999.000000 -9999.000000 -9999.000000 -9999.000000 -9999.000000 -9999.000000 -9999.000000 -9999.000000 0.000247 0.000289 0.000404 0.000140 0.000379 0.000532 0.000635 0.046199 0.000338 0.000518 0.000545 0.000524 0.000941 0.000299 0.000429 0.000374 0.000402 0.002809 0.002291 0.004892 0.001878 0.000487 0.000323 0.000694 0.001089 0.001170 0.000805 0.000766 0.000860 0.001355 0.000763 0.000668 0.000805 0.000411 0.000244 0.000401 0.000636 0.000461
-9999.000000 -9999.000000 -9999.000000 -9999.000000 -9999.000000 -9999.000000 -9999.000000 -9999.000000 -9999.000000 -9999.000000 -9999.000000 -9999.000000 -9999.000000 -9999.000000 -9999.000000 -9999.000000 -9999.000000 -9999.000000 -9999.000000 -9999.000000 -9999.000000 -9999.000000 -9999.000000 -9999.000000 -9999.000000 0.000415 0.000309 0.000197 0.000361 0.000514 0.000570 0.041916 0.000410 0.000275 0.000370 0.000293 0.000386 0.000464 0.000414 0.000140 0.000404 0.009132 0.004309 0.003056 0.007020 0.004483 0.003597 0.005048 0.002366 0.001726 0.001270 0.000993 0.001321 0.000708 0.000662 0.000591 0.000738 0.000503 0.000285 0.000359 0.000462 0.000584
-9999.000000 -9999.000000 -9999.000000 -9999.000000 -9999.000000 -9999.000000 -9999.000000 -9999.000000 -9999.000000 -9999.000000 -9999.000000 -9999.000000 -9999.000000 -9999.000000 -9999.000000 -9999.000000 -9999.000000 -9999.000000 -9999.000000 -9999.000000 -9999.000000 -9999.000000 -9999.000000 -9999.000000 -9999.000000 0.000533 0.000452 0.000374 0.000276 0.000474 0.000840 0.024787 0.000907 0.000355 0.000196 0.000140 0.000392 0.000520 0.000682 0.000390 0.026366 0.003762 0.000382 0.000612 0.001061 0.000879 0.000917 0.001421 0.002021 0.001338 0.000910 0.000672 0.000804 0.000603 0.000568 0.000513 0.000632 0.000462 0.000356 0.000210 0.000396 0.000482
-9999.000000 -9999.000000 -9999.000000 -9999.000000 -9999.000000 -9999.000000 -9999.000000 -9999.000000 -9999.000000 -9999.000000 -9999.000000 -9999.000000 -9999.000000 -9999.000000 -9999.000000 -9999.000000 -9999.000000 -9999.000000 -9999.000000 -9999.000000 -9999.000000 -9999.000000 -9999.000000 -9999.000000 -9999.000000 -9999.000000 0.000616 0.000286 0.000723 0.000838 0.000731 0.015934 0.086157 0.000392 0.000211 0.000309 0.013954 0.058428 0.078826 0.053084 0.030280 0.011234 0.000511 0.000443 0.000710 0.000694 0.000839 0.001042 0.001747 0.001612 0.000997 0.000670 0.000547 0.000503 0.000480 0.000458 0.000541 0.000427 0.000402 0.000282 0.000369 0.000434
-9999.000000 -9999.000000 -9999.000000 -9999.000000 -9999.000000 -9999.000000 -9999.000000 -9999.000000 -9999.000000 -9999.000000 -9999.000000 -9999.000000 -9999.000000 -9999.000000 -9999.000000 -9999.000000 -9999.000000 -9999.000000 -9999.000000 -9999.000000 -9999.000000 -9999.000000 -9999.000000 -9999.000000 -9999.000000 -9999.000000 0.000837 0.000390 0.000230 0.000437 0.000477 0.000609 0.111637 0.036900 0.021942 0.025604 0.013689 0.001377 0.000778 0.000486 0.000230 0.009997 0.009843 0.000221 0.000215 0.000342 0.000408 0.000975 0.001038 0.002005 0.001973 0.001160 0.000415 0.000377 0.000294 0.000368 0.000410 0.000307 0.000192 0.000319 0.000252 0.000357
-9999.000000 -9999.000000 -9999.000000 -9999.000000 -9999.000000 -9999.000000 -9999.000000 -9999.000000 -9999.000000 -9999.000000 -9999.000000 -9999.000000 -9999.000000 -9999.000000 -9999.000000 -9999.000000 -9999.000000 -9999.000000 -9999.000000 -9999.000000 -9999.000000 -9999.000000 -9999.000000 -9999.000000 -9999.000000 -9999.000000 0.000251 0.000305 0.000245 0.000413 0.000326 0.000597 0.001529 0.033019 0.000630 0.000933 0.000788 0.000777 0.000898 0.000513 0.000246 0.000406 0.046874 0.009373 0.000454 0.000449 0.000615 0.000376 0.000598 0.001078 0.001856 0.001268 0.000243 0.000263 0.000400 0.000216 0.000207 0.000192 0.000140 0.000193 0.000333 0.000264
-9999.000000 -9999.000000 -9999.000000 -9999.000000 -9999.000000 -9999.000000 -9999.000000 -9999.000000 -9999.000000 -9999.000000 -9999.000000 -9999.000000 -9999.000000 -9999.000000 -9999.000000 -9999.000000 -9999.000000 -9999.000000 -9999.000000 -9999.000000 -9999.000000 -9999.000000 -9999.000000 -9999.000000 -9999.000000 -9999.000000 -9999.000000 0.000249 0.000482 0.000689 0.001110 0.001151 0.000950 0.004380 0.000557 0.000616 0.000644 0.000958 0.000691 0.000551 0.000281 0.000332 0.001132 0.067887 0.013249 0.004240 0.003560 0.002682 0.002053 0.001511 0.001578 0.002772 0.002667 0.002136 0.001747 0.001360 0.001002 0.000622 0.000194 0.000311 0.001080 0.001586
-9999.000000 -9999.000000 -9999.000000 -9999.000000 -9999.000000 -9999.000000 -9999.000000 -9999.000000 -9999.000000 -9999.000000 -9999.000000 -9999.000000 -9999.000000 -9999.000000 -9999.000000 -9999.000000 -9999.000000 -9999.000000 -9999.000000 -9999.000000 -9999.000000 -9999.000000 -9999.000000 -9999.000000 -9999.000000 -9999.000000 -9999.000000 0.000140 0.000288 0.000400 0.000495 0.000577 0.000543 0.003916 0.000281 0.000378 0.000588 0.001444 0.000697 0.000676 0.000564 0.000270 0.000470 0.000531 0.016456 0.003449 0.001562 0.001190 0.000763 0.000583 0.000623 0.000655 0.000949 0.000791 0.000627 0.000593 0.000495 0.000272 0.000660 0.001040 0.000852 0.000870
-9999.000000 -9999.000000 -9999.000000 -9999.000000 -9999.000000 -9999.000000 -9999.000000 -9999.000000 -9999.000000 -9999.000000 -9999.000000 -9999.000000 -9999.000000 -9999.000000 -9999.000000 -9999.000000 -9999.000000 -9999.000000 -9999.000000 -9999.000000 -9999.000000 -9999.000000 -9999.000000 -9999.000000 -9999.000000 -9999.000000 -9999.000000 -9999.000000 0.000140 0.000287 0.000397 0.000491 0.000721 0.003613 0.001625 0.000636 0.000670 0.000963 0.000574 0.000567 0.000454 0.000230 0.000454 0.000706 0.005272 0.004989 0.002239 0.001010 0.000805 0.000310 0.000337 0.000477 0.000729 0.000812 0.000774 0.000542 0.000492 0.000468 0.000216 0.000414 0.000474 0.000669
-9999.000000 -9999.000000 -9999.000000 -9999.000000 -9999.000000 -9999.000000 -9999.000000 -9999.000000 -9999.000000 -9999.000000 -9999.000000 -9999.000000 -9999.000000 -9999.000000 -9999.000000 -9999.000000 -9999.000000 -9999.000000 -9999.000000 -9999.000000 -9999.000000 -9999.000000 -9999.000000 -9999.000000 -9999.000000 -9999.000000 -9999.000000 -9999.000000 -9999.000000 0.000140 0.000288 0.000398 0.000405 0.005040 0.001767 0.002072 0.001530 0.001658 0.000872 0.000507 0.000456 0.000245 0.000448 0.000527 0.000587 0.005560 0.005251 0.000683 0.001171 0.002731 0.001783 0.001287 0.000649 0.000620 0.000728 0.000680 0.000560 0.000369 0.000210 0.000396 0.000561 0.000858
-9999.000000 -9999.000000 -9999.000000 -9999.000000 -9999.000000 -9999.000000 -9999.000000 -9999.000000 -9999.000000 -9999.000000 -9999.000000 -9999.000000 -9999.000000 -9999.000000 -9999.000000 -9999.000000 -9999.000000 -9999.000000 -9999.000000 -9999.000000 -9999.000000 -9999.000000 -9999.000000 -9999.000000 -9999.000000 -9999.000000 -9999.000000 -9999.000000 -9999.000000 -9999.000000 0.000140 0.000286 0.000502 0.001109 0.000507 0.000532 0.000538 0.000781 0.000662 0.000747 0.000457 0.000287 0.000426 0.000432 0.000483 0.000533 0.006740 0.003954 0.001281 0.000623 0.000575 0.000726 0.000693 0.000552 0.000523 0.000482 0.000415 0.000315 0.000194 0.000360 0.000430 0.000578
-9999.000000 -9999.000000 -9999.000000 -9999.000000 -9999.000000 -9999.000000 -9999.000000 -9999.000000 -9999.000000 -9999.000000 -9999.000000 -9999.000000 -9999.000000 -9999.000000 -9999.000000 -9999.000000 -9999.000000 -9999.000000 -9999.000000 -9999.000000 -9999.000000 -9999.000000 -9999.000000 -9999.000000 -9999.000000 -9999.000000 -9999.000000 -9999.000000 -9999.000000 -9999.000000 -9999.000000 0.000140 0.000195 0.000365 0.000254 0.000304 0.000430 0.000416 0.000380 0.000560 0.000425 0.000400 0.000347 0.000221 0.000347 0.000403 0.004270 0.031720 0.000870 0.000456 0.000461 0.000502 0.000521 0.000718 0.000411 0.000390 0.000338 0.000195 0.000140 0.000301 0.000338 0.000411
-9999.000000 -9999.000000 -9999.000000 -9999.000000 -9999.000000 -9999.000000 -9999.000000 -9999.000000 -9999.000000 -9999.000000 -9999.000000 -9999.000000 -9999.000000 -9999.000000 -9999.000000 -9999.000000 -9999.000000 -9999.000000 -9999.000000 -9999.000000 -9999.000000 -9999.000000 -9999.000000 -9999.000000 -9999.000000 -9999.000000 -9999.000000 -9999.000000 -9999.000000 -9999.000000 -9999.000000 -9999.000000 -9999.000000 -9999.000000 -9999.000000 -9999.000000 0.000220 0.000214 0.000194 0.000262 0.000222 0.000222 0.000222 0.000224 0.000227 0.000238 0.000330 0.005493 0.004717 0.000229 0.000239 0.000276 0.000361 0.000426 0.000224 0.000233 0.000245 0.000441 0.000305 0.000196 0.000140 0.000305
-9999.000000 -9999.000000 -9999.000000 -9999.000000 -9999.000000 -9999.000000 -9999.000000 -9999.000000 -9999.000000 -9999.000000 -9999.000000 -9999.000000 -9999.000000 -9999.000000 -9999.000000 -9999.000000 -9999.000000 -9999.000000 -9999.000000 -9999.000000 -9999.000000 -9999.000000 -9999.000000 -9999.000000 -9999.000000 -9999.000000 -9999.000000 -9999.000000 -9999.000000 -9999.000000 -9999.000000 -9999.000000 -9999.000000 -9999.000000 -9999.000000 -9999.000000 -9999.000000 -9999.000000 -9999.000000 -9999.000000 0.000450 0.000432 0.000405 0.000352 0.000484 0.000273 0.000367 0.000498 0.024500 0.004252 0.000382 0.000350 0.000237 0.000263 0.000506 0.000396 0.000592 0.000506 0.000410 0.000323 0.000197 0.000210
