001_floodsim/hipims_case/output/h_7200.asc
ncols 269
nrows 269
xllcorner 0.000000
yllcorner 0.000000
cellsize 10.000000
NODATA_value -9999.000000
[rows 224 to 251 of 269, columns 124 to 185 of 269]
0.000345 0.000401 0.000944 0.000215 0.087254 0.209531 0.059181 0.008269 0.010425 0.008445 0.011297 0.008280 0.007859 0.007556 0.007118 0.006708 0.007042 0.000301 0.005589 0.150165 0.005738 0.004865 0.000514 0.000479 0.000445 0.000829 0.000546 0.000377 0.000363 0.000311 0.000192 0.002799 0.000805 0.000403 0.000235 0.000339 0.000536 0.002269 0.000558 0.000448 0.000384 0.000334 0.000210 0.000397 0.000481 -9999.000000 -9999.000000 -9999.000000 -9999.000000 -9999.000000 -9999.000000 -9999.000000 -9999.000000 -9999.000000 -9999.000000 -9999.000000 -9999.000000 -9999.000000 -9999.000000 -9999.000000 -9999.000000 -9999.000000
0.000472 0.009367 0.011272 0.009877 0.012718 0.000406 0.000514 0.000382 0.000344 0.000230 0.001086 0.000694 0.000637 0.000830 0.000653 0.000644 0.000499 0.000400 0.000217 0.000428 0.001531 0.000493 0.000417 0.000352 0.000205 0.000678 0.000320 0.000140 0.002189 0.001083 0.001118 0.001959 0.000445 0.000352 0.000268 0.000232 0.000589 0.001867 0.000518 0.000352 0.000230 0.000261 0.000346 0.000458 0.000554 -9999.000000 -9999.000000 -9999.000000 -9999.000000 -9999.000000 -9999.000000 -9999.000000 -9999.000000 -9999.000000 -9999.000000 -9999.000000 -9999.000000 -9999.000000 -9999.000000 -9999.000000 -9999.000000 -9999.000000
0.011340 0.010188 0.000469 0.000405 0.000377 0.000285 0.000342 0.000227 0.000237 0.000258 0.000423 0.000579 0.000579 0.000613 0.000541 0.000670 0.000465 0.000373 0.000219 0.000432 0.001134 0.000404 0.000340 0.000289 0.000192 0.000326 0.000256 0.000326 0.002113 0.001182 0.001435 0.000511 0.000375 0.000195 0.000356 0.000874 0.000721 0.001396 0.000535 0.000262 0.000345 0.000234 0.000390 0.000501 0.000618 -9999.000000 -9999.000000 -9999.000000 -9999.000000 -9999.000000 -9999.000000 -9999.000000 -9999.000000 -9999.000000 -9999.000000 -9999.000000 -9999.000000 -9999.000000 -9999.000000 -9999.000000 -9999.000000 -9999.000000
0.010638 0.000399 0.000361 0.000234 0.000254 0.000313 0.000299 0.000220 0.001865 0.001502 0.001131 0.000705 0.000622 0.000525 0.000475 0.000577 0.000423 0.000336 0.000228 0.000447 0.000791 0.000285 0.000193 0.000140 0.000293 0.000198 0.000339 0.000427 0.002668 0.000868 0.000277 0.000467 0.000343 0.000251 0.000495 0.000511 0.000729 0.000616 0.000623 0.000363 0.000263 0.000350 0.000452 0.000952 0.000405 -9999.000000 -9999.000000 -9999.000000 -9999.000000 -9999.000000 -9999.000000 -9999.000000 -9999.000000 -9999.000000 -9999.000000 -9999.000000 -9999.000000 -9999.000000 -9999.000000 -9999.000000 -9999.000000 -9999.000000
0.000363 0.000244 0.000283 0.000391 0.000356 0.000245 0.002528 0.002270 0.001951 0.000483 0.000441 0.000431 0.000424 0.000418 0.000386 0.000455 0.000361 0.000231 0.000254 0.000474 0.000303 0.000140 0.000296 0.000334 0.000511 0.000386 0.000510 0.000540 0.038783 0.001563 0.000971 0.000624 0.000469 0.000210 0.000305 0.000353 0.000451 0.000262 0.000983 0.000272 0.000371 0.000437 0.000525 0.001586 0.000657 0.000140 -9999.000000 -9999.000000 -9999.000000 -9999.000000 -9999.000000 -9999.000000 -9999.000000 -9999.000000 -9999.000000 -9999.000000 -9999.000000 -9999.000000 -9999.000000 -9999.000000 -9999.000000 -9999.000000
0.000282 0.000363 0.000466 0.000284 0.003035 0.003093 0.002615 0.000490 0.000412 0.000348 0.000242 0.000222 0.000222 0.000224 0.000230 0.000248 0.000290 0.000392 0.000320 0.000252 0.000208 0.000191 0.000344 0.000422 0.000923 0.000370 0.000285 0.004079 0.003633 0.000426 0.000408 0.000379 0.000323 0.000194 0.000140 0.000192 0.000209 0.000344 0.000876 0.000531 0.000573 0.000570 0.002186 0.001877 0.000196 -9999.000000 -9999.000000 -9999.000000 -9999.000000 -9999.000000 -9999.000000 -9999.000000 -9999.000000 -9999.000000 -9999.000000 -9999.000000 -9999.000000 -9999.000000 -9999.000000 -9999.000000 -9999.000000 -9999.000000
0.000538 0.000604 0.001214 0.001381 0.002828 0.000408 0.000297 0.000393 0.000261 0.000308 0.000510 0.000445 0.000438 0.000436 0.000427 0.000421 0.000399 0.000591 0.000410 0.000335 0.000211 0.000314 0.000408 0.000490 0.002112 0.001785 0.002706 0.004860 0.000359 0.000221 0.000219 0.000216 0.000213 0.000211 0.000304 0.000356 0.000451 0.000546 0.000953 0.000625 0.000592 0.002682 0.002376 0.000272 0.000140 -9999.000000 -9999.000000 -9999.000000 -9999.000000 -9999.000000 -9999.000000 -9999.000000 -9999.000000 -9999.000000 -9999.000000 -9999.000000 -9999.000000 -9999.000000 -9999.000000 -9999.000000 -9999.000000 -9999.000000
0.000536 0.000380 0.002237 0.001538 0.001481 0.000306 0.000414 0.000333 0.000495 0.000505 0.000675 0.000553 0.000542 0.000533 0.000521 0.000507 0.000469 0.000741 0.000463 0.000372 0.000214 0.000371 0.000490 0.000564 0.003361 0.001897 0.001813 0.000411 0.000289 0.000477 0.000402 0.000375 0.000328 0.000215 0.000368 0.000445 0.000431 0.000466 0.000807 0.000798 0.003197 0.012722 0.000269 0.000140 -9999.000000 -9999.000000 -9999.000000 -9999.000000 -9999.000000 -9999.000000 -9999.000000 -9999.000000 -9999.000000 -9999.000000 -9999.000000 -9999.000000 -9999.000000 -9999.000000 -9999.000000 -9999.000000 -9999.000000 -9999.000000
0.000650 0.000288 0.001880 0.004263 0.001114 0.000508 0.000520 0.000481 0.000488 0.000331 0.001143 0.000594 0.000564 0.000513 0.000346 0.000513 0.000554 0.001215 0.000513 0.000430 0.000217 0.000399 0.000462 0.005368 0.005472 0.002871 0.001261 0.000316 0.000459 0.000651 0.000483 0.000414 0.000504 0.000347 0.000281 0.000462 0.000516 0.000568 0.000779 0.080985 0.003390 0.000189 0.000140 -9999.000000 -9999.000000 -9999.000000 -9999.000000 -9999.000000 -9999.000000 -9999.000000 -9999.000000 -9999.000000 -9999.000000 -9999.000000 -9999.000000 -9999.000000 -9999.000000 -9999.000000 -9999.000000 -9999.000000 -9999.000000 -9999.000000
0.001089 0.001543 0.003114 0.002416 0.001134 0.000598 0.000573 0.000536 0.000478 0.000267 0.001668 0.000636 0.000577 0.000492 0.000274 0.000502 0.001379 0.001010 0.000528 0.000394 0.000219 0.000411 0.003374 0.003668 0.000632 0.001140 0.002517 0.000480 0.000334 0.001013 0.000474 0.000293 0.000828 0.000390 0.000241 0.000443 0.000526 0.004517 0.215835 0.004164 0.000140 -9999.000000 -9999.000000 -9999.000000 -9999.000000 -9999.000000 -9999.000000 -9999.000000 -9999.000000 -9999.000000 -9999.000000 -9999.000000 -9999.000000 -9999.000000 -9999.000000 -9999.000000 -9999.000000 -9999.000000 -9999.000000 -9999.000000 -9999.000000 -9999.000000
0.002702 0.001542 0.002069 0.001830 0.000863 0.000839 0.000672 0.000521 0.000334 0.000397 0.001702 0.000678 0.000593 0.000479 0.000245 0.001553 0.001411 0.000982 0.000567 0.000311 0.000390 0.000486 0.005914 0.002742 0.000507 0.000195 0.000278 0.000268 0.000350 0.001306 0.000465 0.000249 0.001075 0.000411 0.000227 0.000432 0.004370 0.240490 0.000294 0.000191 -9999.000000 -9999.000000 -9999.000000 -9999.000000 -9999.000000 -9999.000000 -9999.000000 -9999.000000 -9999.000000 -9999.000000 -9999.000000 -9999.000000 -9999.000000 -9999.000000 -9999.000000 -9999.000000 -9999.000000 -9999.000000 -9999.000000 -9999.000000 -9999.000000 -9999.000000
2.058784 1.967314 1.974258 1.907249 0.000832 0.000633 0.000537 0.000848 0.000384 0.000384 0.002395 0.000782 0.000753 0.000782 0.000894 0.001695 0.001035 0.000672 0.000462 0.000278 0.000392 0.004042 0.003837 0.001336 0.000483 0.000318 0.000449 0.000241 0.000406 0.001592 0.000460 0.000232 0.001290 0.000429 0.000224 0.000448 0.138926 0.000284 0.000188 0.000140 -9999.000000 -9999.000000 -9999.000000 -9999.000000 -9999.000000 -9999.000000 -9999.000000 -9999.000000 -9999.000000 -9999.000000 -9999.000000 -9999.000000 -9999.000000 -9999.000000 -9999.000000 -9999.000000 -9999.000000 -9999.000000 -9999.000000 -9999.000000 -9999.000000 -9999.000000
2.099181 2.060741 2.052089 2.085472 2.042129 2.018804 1.860992 0.000865 0.000969 0.001423 0.002871 0.000953 0.000941 0.000933 0.001292 0.001273 0.000944 0.000651 0.000467 0.000222 0.000426 0.006226 0.002517 0.000985 0.000466 0.000551 0.000436 0.000227 0.000419 0.001214 0.001518 0.000645 0.001430 0.000823 0.001018 0.000712 0.000189 0.000140 -9999.000000 -9999.000000 -9999.000000 -9999.000000 -9999.000000 -9999.000000 -9999.000000 -9999.000000 -9999.000000 -9999.000000 -9999.000000 -9999.000000 -9999.000000 -9999.000000 -9999.000000 -9999.000000 -9999.000000 -9999.000000 -9999.000000 -9999.000000 -9999.000000 -9999.000000 -9999.000000 -9999.000000
2.182636 2.110228 2.095473 2.147441 2.100931 2.082860 2.085195 2.180406 2.055090 0.001224 0.002171 0.001286 0.001473 0.001196 0.001316 0.001214 0.000873 0.000836 0.000500 0.000228 0.003627 0.004007 0.001696 0.000803 0.000495 0.000749 0.000476 0.000225 0.000428 0.003278 0.176639 0.004004 0.001256 0.000684 0.000189 0.000140 -9999.000000 -9999.000000 -9999.000000 -9999.000000 -9999.000000 -9999.000000 -9999.000000 -9999.000000 -9999.000000 -9999.000000 -9999.000000 -9999.000000 -9999.000000 -9999.000000 -9999.000000 -9999.000000 -9999.000000 -9999.000000 -9999.000000 -9999.000000 -9999.000000 -9999.000000 -9999.000000 -9999.000000 -9999.000000 -9999.000000
2.165009 2.026218 1.971083 2.042644 2.054068 2.064956 2.084188 2.094191 2.116214 2.215422 2.011152 0.001189 0.001526 0.001727 0.001269 0.001035 0.000700 0.000641 0.000426 0.000225 0.005235 0.003075 0.001306 0.000713 0.000807 0.000722 0.000301 0.000366 0.003547 0.003671 0.000271 0.000140 -9999.000000 -9999.000000 -9999.000000 -9999.000000 -9999.000000 -9999.000000 -9999.000000 -9999.000000 -9999.000000 -9999.000000 -9999.000000 -9999.000000 -9999.000000 -9999.000000 -9999.000000 -9999.000000 -9999.000000 -9999.000000 -9999.000000 -9999.000000 -9999.000000 -9999.000000 -9999.000000 -9999.000000 -9999.000000 -9999.000000 -9999.000000 -9999.000000 -9999.000000 -9999.000000
0.001987 0.000313 0.000213 2.008854 1.921194 1.906265 1.986062 2.026718 2.103721 2.102335 2.051916 1.976253 0.001327 0.002624 0.001602 0.001108 0.001005 0.001143 0.001529 0.002334 0.005223 0.002363 0.001319 0.000701 0.000928 0.000560 0.000341 0.000367 0.004137 0.000190 0.000140 -9999.000000 -9999.000000 -9999.000000 -9999.000000 -9999.000000 -9999.000000 -9999.000000 -9999.000000 -9999.000000 -9999.000000 -9999.000000 -9999.000000 -9999.000000 -9999.000000 -9999.000000 -9999.000000 -9999.000000 -9999.000000 -9999.000000 -9999.000000 -9999.000000 -9999.000000 -9999.000000 -9999.000000 -9999.000000 -9999.000000 -9999.000000 -9999.000000 -9999.000000 -9999.000000 -9999.000000
0.003001 0.000140 0.000197 0.000906 0.000463 0.000195 1.903581 1.862522 2.097765 2.102181 2.049974 2.063371 2.001301 0.001592 0.001305 0.001497 0.001945 0.001815 0.002254 0.002822 0.003284 0.001412 0.001455 0.000721 0.001001 0.000542 0.000274 -9999.000000 -9999.000000 -9999.000000 -9999.000000 -9999.000000 -9999.000000 -9999.000000 -9999.000000 -9999.000000 -9999.000000 -9999.000000 -9999.000000 -9999.000000 -9999.000000 -9999.000000 -9999.000000 -9999.000000 -9999.000000 -9999.000000 -9999.000000 -9999.000000 -9999.000000 -9999.000000 -9999.000000 -9999.000000 -9999.000000 -9999.000000 -9999.000000 -9999.000000 -9999.000000 -9999.000000 -9999.000000 -9999.000000 -9999.000000 -9999.000000
0.006818 0.004222 0.005111 0.001056 0.000490 0.000140 0.000196 0.000486 2.122371 2.167147 2.044743 2.061311 2.055163 2.173554 2.020374 0.002122 0.003025 0.004539 0.003151 0.002808 0.002655 0.001392 0.001120 0.001118 0.000864 0.000511 0.000248 -9999.000000 -9999.000000 -9999.000000 -9999.000000 -9999.000000 -9999.000000 -9999.000000 -9999.000000 -9999.000000 -9999.000000 -9999.000000 -9999.000000 -9999.000000 -9999.000000 -9999.000000 -9999.000000 -9999.000000 -9999.000000 -9999.000000 -9999.000000 -9999.000000 -9999.000000 -9999.000000 -9999.000000 -9999.000000 -9999.000000 -9999.000000 -9999.000000 -9999.000000 -9999.000000 -9999.000000 -9999.000000 -9999.000000 -9999.000000 -9999.000000
0.000847 0.002987 0.001296 0.000883 0.000959 0.000445 0.000908 0.000947 0.000533 2.212678 1.884470 1.965927 2.010903 2.094261 2.028695 1.875744 0.001813 0.003298 0.002646 0.003831 0.002897 0.001342 0.001119 0.001577 0.001294 0.000503 -9999.000000 -9999.000000 -9999.000000 -9999.000000 -9999.000000 -9999.000000 -9999.000000 -9999.000000 -9999.000000 -9999.000000 -9999.000000 -9999.000000 -9999.000000 -9999.000000 -9999.000000 -9999.000000 -9999.000000 -9999.000000 -9999.000000 -9999.000000 -9999.000000 -9999.000000 -9999.000000 -9999.000000 -9999.000000 -9999.000000 -9999.000000 -9999.000000 -9999.000000 -9999.000000 -9999.000000 -9999.000000 -9999.000000 -9999.000000 -9999.000000 -9999.000000
0.000678 0.002546 0.000627 0.000656 0.000892 0.000462 0.000437 0.000434 0.010405 0.010263 0.000295 1.994120 2.029573 2.084752 2.067714 1.928064 1.992832 1.817055 0.001915 0.003555 0.003365 0.002408 0.002404 0.002571 0.000192 0.000140 -9999.000000 -9999.000000 -9999.000000 -9999.000000 -9999.000000 -9999.000000 -9999.000000 -9999.000000 -9999.000000 -9999.000000 -9999.000000 -9999.000000 -9999.000000 -9999.000000 -9999.000000 -9999.000000 -9999.000000 -9999.000000 -9999.000000 -9999.000000 -9999.000000 -9999.000000 -9999.000000 -9999.000000 -9999.000000 -9999.000000 -9999.000000 -9999.000000 -9999.000000 -9999.000000 -9999.000000 -9999.000000 -9999.000000 -9999.000000 -9999.000000 -9999.000000
0.000668 0.002028 0.000774 0.000337 0.001665 0.000789 0.000170 0.000204 0.010741 0.000546 0.000625 0.000314 2.040500 1.964349 2.057831 2.012619 2.007880 1.921791 2.095395 1.970568 0.001657 0.001523 0.000280 0.000140 -9999.000000 -9999.000000 -9999.000000 -9999.000000 -9999.000000 -9999.000000 -9999.000000 -9999.000000 -9999.000000 -9999.000000 -9999.000000 -9999.000000 -9999.000000 -9999.000000 -9999.000000 -9999.000000 -9999.000000 -9999.000000 -9999.000000 -9999.000000 -9999.000000 -9999.000000 -9999.000000 -9999.000000 -9999.000000 -9999.000000 -9999.000000 -9999.000000 -9999.000000 -9999.000000 -9999.000000 -9999.000000 -9999.000000 -9999.000000 -9999.000000 -9999.000000 -9999.000000 -9999.000000
0.000695 0.001257 0.000633 0.000365 0.000808 0.000644 0.001546 0.001143 0.055048 0.000706 0.000419 0.000451 0.000908 0.000699 2.054786 2.010930 1.952897 1.838241 1.849562 1.910274 1.913418 0.001003 0.000140 -9999.000000 -9999.000000 -9999.000000 -9999.000000 -9999.000000 -9999.000000 -9999.000000 -9999.000000 -9999.000000 -9999.000000 -9999.000000 -9999.000000 -9999.000000 -9999.000000 -9999.000000 -9999.000000 -9999.000000 -9999.000000 -9999.000000 -9999.000000 -9999.000000 -9999.000000 -9999.000000 -9999.000000 -9999.000000 -9999.000000 -9999.000000 -9999.000000 -9999.000000 -9999.000000 -9999.000000 -9999.000000 -9999.000000 -9999.000000 -9999.000000 -9999.000000 -9999.000000 -9999.000000 -9999.000000
0.000746 0.000473 0.000668 0.000572 0.000674 0.000744 0.001263 0.002586 0.021328 0.000493 0.000359 0.001092 0.001673 0.000593 0.000243 1.890743 1.795166 1.671603 1.551225 1.823019 -9999.000000 -9999.000000 -9999.000000 -9999.000000 -9999.000000 -9999.000000 -9999.000000 -9999.000000 -9999.000000 -9999.000000 -9999.000000 -9999.000000 -9999.000000 -9999.000000 -9999.000000 -9999.000000 -9999.000000 -9999.000000 -9999.000000 -9999.000000 -9999.000000 -9999.000000 -9999.000000 -9999.000000 -9999.000000 -9999.000000 -9999.000000 -9999.000000 -9999.000000 -9999.000000 -9999.000000 -9999.000000 -9999.000000 -9999.000000 -9999.000000 -9999.000000 -9999.000000 -9999.000000 -9999.000000 -9999.000000 -9999.000000 -9999.000000
0.000547 0.000383 0.000401 0.000710 0.000633 0.001251 0.001464 0.001261 0.008917 0.000438 0.000418 0.000694 0.000444 0.000451 0.000435 0.000312 0.000192 0.952129 0.928895 -9999.000000 -9999.000000 -9999.000000 -9999.000000 -9999.000000 -9999.000000 -9999.000000 -9999.000000 -9999.000000 -9999.000000 -9999.000000 -9999.000000 -9999.000000 -9999.000000 -9999.000000 -9999.000000 -9999.000000 -9999.000000 -9999.000000 -9999.000000 -9999.000000 -9999.000000 -9999.000000 -9999.000000 -9999.000000 -9999.000000 -9999.000000 -9999.000000 -9999.000000 -9999.000000 -9999.000000 -9999.000000 -9999.000000 -9999.000000 -9999.000000 -9999.000000 -9999.000000 -9999.000000 -9999.000000 -9999.000000 -9999.000000 -9999.000000 -9999.000000
0.000371 0.000293 0.000240 0.000663 0.001047 0.001105 0.001431 0.000853 0.008449 0.000233 0.000253 0.000472 0.000197 0.000252 0.000211 0.000194 0.000140 0.000320 0.000403 -9999.000000 -9999.000000 -9999.000000 -9999.000000 -9999.000000 -9999.000000 -9999.000000 -9999.000000 -9999.000000 -9999.000000 -9999.000000 -9999.000000 -9999.000000 -9999.000000 -9999.000000 -9999.000000 -9999.000000 -9999.000000 -9999.000000 -9999.000000 -9999.000000 -9999.000000 -9999.000000 -9999.000000 -9999.000000 -9999.000000 -9999.000000 -9999.000000 -9999.000000 -9999.000000 -9999.000000 -9999.000000 -9999.000000 -9999.000000 -9999.000000 -9999.000000 -9999.000000 -9999.000000 -9999.000000 -9999.000000 -9999.000000 -9999.000000 -9999.000000
0.000140 0.000327 0.000691 0.001095 0.001014 0.000920 0.001029 0.001003 0.011402 0.007700 0.000327 0.000341 0.000374 0.000532 0.000377 0.000321 0.000196 0.000421 0.000296 -9999.000000 -9999.000000 -9999.000000 -9999.000000 -9999.000000 -9999.000000 -9999.000000 -9999.000000 -9999.000000 -9999.000000 -9999.000000 -9999.000000 -9999.000000 -9999.000000 -9999.000000 -9999.000000 -9999.000000 -9999.000000 -9999.000000 -9999.000000 -9999.000000 -9999.000000 -9999.000000 -9999.000000 -9999.000000 -9999.000000 -9999.000000 -9999.000000 -9999.000000 -9999.000000 -9999.000000 -9999.000000 -9999.000000 -9999.000000 -9999.000000 -9999.000000 -9999.000000 -9999.000000 -9999.000000 -9999.000000 -9999.000000 -9999.000000 -9999.000000
-9999.000000 0.000140 0.000284 0.000410 0.001082 0.000698 0.000995 0.000501 0.000560 0.036547 0.046224 0.003968 0.008136 0.000653 0.000600 0.000619 0.001102 0.000219 -9999.000000 -9999.000000 -9999.000000 -9999.000000 -9999.000000 -9999.000000 -9999.000000 -9999.000000 -9999.000000 -9999.000000 -9999.000000 -9999.000000 -9999.000000 -9999.000000 -9999.000000 -9999.000000 -9999.000000 -9999.000000 -9999.000000 -9999.000000 -9999.000000 -9999.000000 -9999.000000 -9999.000000 -9999.000000 -9999.000000 -9999.000000 -9999.000000 -9999.000000 -9999.000000 -9999.000000 -9999.000000 -9999.000000 -9999.000000 -9999.000000 -9999.000000 -9999.000000 -9999.000000 -9999.000000 -9999.000000 -9999.000000 -9999.000000 -9999.000000 -9999.000000
-9999.000000 -9999.000000 0.000188 0.000338 0.000980 0.000706 0.000844 0.000234 0.000443 0.000584 0.012146 0.005690 0.007618 0.005894 0.003344 0.000690 0.000419 0.000213 -9999.000000 -9999.000000 -9999.000000 -9999.000000 -9999.000000 -9999.000000 -9999.000000 -9999.000000 -9999.000000 -9999.000000 -9999.000000 -9999.000000 -9999.000000 -9999.000000 -9999.000000 -9999.000000 -9999.000000 -9999.000000 -9999.000000 -9999.000000 -9999.000000 -9999.000000 -9999.000000 -9999.000000 -9999.000000 -9999.000000 -9999.000000 -9999.000000 -9999.000000 -9999.000000 -9999.000000 -9999.000000 -9999.000000 -9999.000000 -9999.000000 -9999.000000 -9999.000000 -9999.000000 -9999.000000 -9999.000000 -9999.000000 -9999.000000 -9999.000000 -9999.000000
