001_floodsim/hipims_case/output/hUx_3600.asc
ncols 269
nrows 269
xllcorner 0.000000
yllcorner 0.000000
cellsize 10.000000
NODATA_value -9999.000000
[rows 135 to 161 of 269, columns 120 to 179 of 269]
-0.000009 -0.000010 -0.000011 -0.000007 -0.000002 -0.000001 -0.000000 0.000002 0.000002 -0.000060 -0.000051 -0.000017 -0.000000 0.000003 0.000005 -0.000232 -0.000015 -0.000000 -0.000027 -0.000009 0.000000 0.000007 0.000008 0.002669 -0.000616 -0.002299 -0.000018 -0.000014 -0.000010 -0.000006 -0.000002 -0.000000 0.000006 0.000033 -0.000011 -0.000004 0.000000 0.000004 -0.000113 -0.000014 -0.000004 0.000000 0.000010 0.000073 0.000156 0.000286 0.000411 0.000484 -0.000408 -0.000029 -0.000022 -0.000007 -0.000000 0.000004 0.000019 0.000048 -0.000039 -0.000094 -0.000726 -0.000168
-0.000003 -0.000006 -0.000007 -0.000003 -0.000001 -0.000000 0.000002 0.000003 -0.000266 -0.000090 -0.000008 -0.000002 -0.000000 0.000006 0.000114 -0.000127 -0.000000 -0.000013 -0.000033 -0.000010 0.000000 0.000002 0.000012 0.002614 -0.000636 -0.000014 -0.000013 -0.000005 -0.000002 0.000000 0.000000 0.000007 0.000017 -0.000007 -0.000024 -0.000006 0.000000 0.000008 0.000080 -0.000017 -0.000008 -0.000000 0.000000 0.000011 0.000017 0.000018 0.000032 0.000096 -0.000117 -0.000056 -0.000024 -0.000012 -0.000000 0.000001 0.000015 0.000045 -0.000004 0.000000 -0.000138 -0.000131
0.000002 0.000002 0.000001 -0.000000 0.000001 0.000003 0.000008 -0.000024 -0.000012 -0.000008 -0.000004 -0.000000 0.000001 0.000011 0.000442 -0.000083 -0.000000 -0.000097 -0.000049 -0.000012 0.000000 0.000004 0.000016 0.003041 -0.000699 -0.000005 -0.000008 -0.000010 -0.000002 0.000000 0.000002 0.000009 0.000059 -0.000424 -0.000051 -0.000000 0.000001 0.000010 0.000087 -0.000027 -0.000018 -0.000006 0.000000 0.000005 0.000006 0.000006 0.000034 0.000140 -0.000122 -0.000045 -0.000054 -0.000013 -0.000001 0.000000 0.000018 -0.000000 -0.000003 0.000000 -0.000064 -0.000035
0.000002 0.000006 0.000009 0.000004 0.000005 0.000004 -0.000170 -0.000010 -0.000007 -0.000002 -0.000001 -0.000000 0.000003 0.000007 0.000213 -0.000049 -0.000000 -0.161606 -0.000090 -0.000003 0.000000 0.000005 0.000019 0.001554 -0.000008 -0.000008 -0.000003 -0.000005 -0.000002 -0.000000 0.000000 -0.000086 -0.000580 -0.000007 -0.000002 -0.000000 0.000005 0.000404 -0.050518 -0.000143 -0.000089 -0.000029 -0.000000 0.000002 0.000054 0.000106 0.000079 0.000231 -0.000041 -0.000018 -0.000037 -0.000027 -0.000000 0.000000 -0.000016 -0.000004 -0.000001 0.000000 -0.000072 -0.000011
0.000007 0.000013 0.000023 0.000020 0.000010 -0.000017 -0.000009 -0.000004 -0.000002 -0.000000 -0.000000 0.000001 0.000006 0.000010 0.000065 -0.000093 -0.000219 -0.000518 -0.000004 -0.000000 0.000000 0.000005 0.000026 0.000963 -0.000010 -0.000000 0.000003 0.000006 -0.000012 -0.000017 -0.000209 -0.000931 -0.000008 -0.000002 0.000000 0.000001 0.000006 -0.000160 -0.000006 -0.000012 -0.000011 -0.000005 -0.000000 0.000013 0.000021 0.000017 0.000013 0.000015 -0.000066 -0.000018 -0.000024 -0.000020 -0.000006 -0.000000 -0.000014 -0.000002 0.000000 0.000002 0.000002 -0.000013
0.000012 0.000000 0.000002 0.000011 0.000013 -0.000028 -0.000005 -0.000004 -0.000000 -0.000000 0.000001 0.000004 0.000009 0.000008 -0.000112 -0.000574 -0.000298 -0.000003 -0.000000 0.000002 0.000007 0.000013 0.000014 0.004022 -0.000000 0.000000 0.000190 -0.008260 -0.002176 -0.001262 -0.000323 -0.000005 -0.000003 -0.000000 -0.000000 0.000000 0.000006 -0.000530 -0.000012 -0.000005 -0.000004 -0.000002 -0.000000 0.000003 0.000006 0.000003 0.000009 0.000019 -0.000023 -0.000036 -0.000016 -0.000023 -0.000023 -0.000005 -0.000006 -0.000004 0.000000 0.000005 0.000005 -0.000009
0.000023 0.000000 0.000004 0.000011 0.000003 -0.000011 -0.000005 -0.000000 0.000001 0.000003 0.000005 0.000004 0.000000 0.000495 -0.777843 -0.000008 -0.000003 -0.000000 0.000000 0.000007 0.000012 0.000016 0.000024 0.097140 -0.000098 -0.001624 -0.001512 -0.000004 -0.000000 -0.000072 -0.000486 -0.000011 -0.000004 -0.000000 0.000001 0.000002 0.000003 -0.001114 -0.000018 -0.000018 -0.000014 -0.000007 -0.000001 0.000000 0.000000 0.000002 0.000007 0.000019 0.000005 -0.000011 -0.000022 -0.000030 -0.000021 -0.000023 -0.000015 -0.000004 0.000000 -0.000000 -0.000000 0.000000
0.000005 0.000000 0.000004 0.000037 -0.000043 -0.000006 -0.000000 0.000001 0.000005 0.000007 0.000002 0.000002 0.000002 -0.001840 -0.000004 0.000000 0.000002 0.000005 0.000006 0.000009 0.043623 -0.008041 -0.007527 -0.007490 -0.001027 -0.000087 -0.000021 -0.000007 -0.000000 0.000003 0.000019 -0.015734 -0.039999 -0.002785 -0.000150 -0.000685 -0.002216 -0.002003 -0.000234 -0.000228 -0.000165 -0.000086 -0.000045 -0.000014 -0.000000 0.000004 0.000010 0.000013 -0.000003 -0.000006 -0.000012 -0.000012 -0.000012 -0.000012 -0.000005 -0.000002 0.000000 -0.000002 -0.000001 0.000000
0.000000 0.000002 -0.000081 -0.000060 -0.000010 -0.000010 -0.000000 0.000003 0.000010 0.000012 0.000001 -0.000000 -0.000694 -0.000950 -0.000000 0.000001 0.000006 0.047919 -0.009149 -0.035068 -0.017308 -0.000013 -0.000008 -0.000002 -0.000000 -0.000070 -0.000037 -0.000009 -0.000000 0.000002 0.000008 0.000015 0.000032 -0.007301 -0.052735 -0.001256 -0.000028 -0.000030 -0.000022 -0.000019 -0.000017 -0.000014 -0.000011 -0.000006 -0.000001 0.000000 0.000001 -0.000004 -0.000004 -0.000004 -0.000003 -0.000003 -0.000005 -0.000007 -0.000010 -0.000007 -0.000007 -0.000007 -0.000003 0.000000
0.000012 -0.000102 -0.000013 -0.000007 -0.000002 0.000000 0.000003 0.000010 0.010481 -0.018460 -0.024920 -0.021269 -0.020951 -0.001436 -0.000000 -0.001221 -0.012309 -0.005895 -0.000009 -0.000033 -0.000195 -0.000010 -0.000014 -0.000008 -0.000000 -0.000008 -0.000027 -0.000023 -0.000002 0.000000 0.000003 0.000009 0.000017 0.000867 -0.006144 -0.000018 -0.000019 -0.000020 -0.000017 -0.000013 -0.000010 -0.000004 -0.000003 -0.000003 -0.000002 0.000000 0.000002 -0.000015 -0.000010 -0.000013 -0.000009 -0.000006 -0.000008 -0.000014 -0.000016 -0.000023 -0.000028 -0.000014 -0.000003 0.000000
-0.000018 -0.000010 -0.000009 -0.000004 0.000000 0.000003 0.000008 0.010311 -0.026166 -0.001064 -0.000006 -0.000026 -0.001933 -0.011642 -0.019897 -0.017912 -0.000012 -0.000004 -0.000000 0.000000 -0.000109 -0.000441 -0.000007 -0.000010 -0.000016 -0.000011 -0.000022 -0.000008 -0.000002 0.000000 0.000004 0.000005 0.000013 0.001471 -0.000422 -0.000014 -0.000011 -0.000015 -0.000013 -0.000005 -0.000004 -0.000000 -0.000008 -0.000005 -0.000000 0.000000 0.000003 0.000017 -0.000252 -0.000260 -0.000232 -0.000257 -0.000232 -0.000121 -0.000074 -0.000042 -0.000009 -0.000006 -0.000003 -0.000000
-0.000045 -0.000004 -0.000002 0.000000 0.000003 0.000008 0.008459 -0.018257 -0.000543 -0.000004 -0.000000 0.000001 0.000004 0.000005 0.000005 -0.000945 -0.000006 -0.000004 -0.000000 0.000000 0.000006 0.000028 -0.000281 -0.000158 -0.000046 -0.000019 -0.000019 -0.000009 -0.000000 0.000000 0.000006 0.000013 0.000009 0.001514 -0.000867 -0.000004 -0.000004 -0.000005 -0.000005 -0.000006 -0.000003 -0.000004 -0.000013 -0.000003 -0.000000 0.000003 0.000037 -0.000178 -0.000008 -0.000014 -0.000014 -0.000010 -0.000009 -0.000011 -0.000002 0.000000 0.000004 0.000008 0.000006 -0.000007
-0.001096 -0.000004 -0.000000 0.000003 0.000004 0.001753 -0.023855 -0.009684 -0.000005 -0.000004 -0.000001 -0.000000 0.000001 0.000004 0.000008 0.000053 -0.000856 -0.000017 -0.000008 -0.000000 0.000004 -0.000005 -0.000099 -0.000034 -0.000036 -0.000031 -0.000011 -0.000006 0.000000 0.000002 0.000014 0.000071 0.000145 0.000050 -0.000716 -0.001405 -0.000009 -0.000014 -0.000006 -0.000000 -0.008002 -0.000825 -0.000818 -0.000555 -0.000126 -0.000650 -0.000368 -0.000357 -0.000068 -0.000027 -0.000008 -0.000006 -0.000003 -0.000001 -0.000000 0.000002 0.000009 0.000013 0.000011 -0.000218
-0.015183 -0.000933 -0.000136 -0.004637 -0.045831 -0.016113 -0.000008 -0.000025 -0.000126 -0.000010 -0.000008 -0.000005 -0.000000 -0.000000 0.000002 0.000006 -0.000654 -0.000045 -0.000007 -0.000000 0.000002 0.000006 -0.000043 -0.000044 -0.000029 -0.000023 -0.000016 -0.000004 0.000000 0.000006 0.000023 0.000026 0.000026 0.000006 0.000010 -0.000110 -0.000621 -0.000908 -0.001831 -0.001224 -0.001113 -0.000016 -0.000006 -0.000002 -0.000009 -0.000004 -0.000000 -0.000039 -0.000017 -0.000015 -0.000012 -0.000004 -0.000001 0.000000 0.000003 0.000007 0.000013 0.000010 -0.000228 -0.000537
-0.001674 -0.010938 -0.023378 -0.021064 -0.000008 -0.000006 -0.000002 -0.000000 -0.000027 -0.000142 -0.000094 -0.000052 -0.000010 -0.000000 -0.000000 0.000009 -0.000100 -0.000006 -0.000003 -0.000002 -0.000002 -0.000000 -0.000004 -0.000013 -0.000019 -0.000015 -0.000006 -0.000002 0.000000 0.000001 0.000008 0.000012 0.000010 0.000011 -0.000013 -0.000003 -0.000000 0.000000 -0.000042 -0.000030 -0.000020 -0.000016 -0.000008 -0.000002 -0.000002 -0.000002 -0.000000 -0.000017 -0.000009 -0.000006 -0.000002 -0.000001 -0.000000 0.000002 0.000006 0.000013 0.000016 -0.001962 -0.000707 -0.000038
-0.000000 -0.000000 0.000000 -0.000023 -0.000017 -0.000009 -0.000003 -0.000000 0.000002 -0.000007 -0.000019 -0.000034 -0.000033 -0.000006 -0.000000 0.000006 -0.000194 -0.000029 -0.000025 -0.000055 -0.000116 -0.000018 -0.000012 -0.000015 -0.000012 -0.000009 -0.000002 0.000000 0.000002 0.000004 0.000004 0.000004 0.000003 0.000009 -0.000004 -0.000004 -0.000001 0.000000 -0.000002 -0.000026 -0.000012 -0.000011 -0.000005 -0.000001 0.000000 -0.000002 -0.000004 -0.000006 -0.000004 -0.000001 -0.000000 0.000000 0.000001 0.000004 0.000011 0.000017 0.000200 -0.000828 -0.000026 -0.000027
-0.000007 -0.000001 -0.000000 -0.000018 -0.000021 -0.000005 -0.000004 -0.000000 0.000001 -0.000004 -0.000006 -0.000014 -0.000015 -0.000006 -0.000000 0.000007 0.000236 -0.014687 -0.000322 -0.000227 -0.000080 -0.000055 -0.000024 -0.000009 -0.000008 -0.000005 0.000000 0.000001 0.000005 0.000008 -0.000016 -0.000004 -0.000000 -0.000003 -0.000007 -0.000006 -0.000001 0.000000 0.000000 -0.000027 -0.000016 -0.000008 -0.000002 0.000000 0.000002 -0.000026 -0.000004 -0.000002 0.000000 0.000002 0.000005 0.000006 0.000008 0.000008 0.000010 0.000013 -0.000899 -0.000011 -0.000018 -0.000017
-0.000008 -0.000002 -0.000000 0.000001 -0.000030 -0.000046 -0.000015 -0.000002 -0.000000 -0.000008 -0.000010 -0.000011 -0.000010 -0.000006 -0.000000 0.000006 0.000039 -0.000005 -0.000004 -0.000042 -0.000106 -0.000021 -0.000010 -0.000006 -0.000003 -0.000002 0.000000 0.000004 0.000010 0.000029 -0.000023 -0.000004 -0.000005 -0.000010 -0.000012 -0.000006 0.000000 0.000001 -0.000005 -0.000005 -0.000005 -0.000003 -0.000001 0.000000 -0.000002 -0.000001 0.000000 -0.000000 0.000000 0.000003 0.000008 0.000012 0.000014 0.000009 0.000009 -0.000104 -0.000568 -0.000013 -0.000007 -0.000006
-0.000004 -0.000002 -0.000000 -0.000000 -0.000000 -0.000015 -0.000012 -0.000010 -0.000008 -0.000007 -0.000006 -0.000008 -0.000008 -0.000003 -0.000000 0.000003 0.000005 0.000009 -0.000000 0.000000 -0.000132 -0.000031 -0.000013 -0.000002 0.000000 0.000001 0.000002 0.000007 0.000013 0.000038 -0.000012 -0.000013 -0.000011 -0.000003 -0.000005 -0.000005 0.000000 0.000001 -0.000003 -0.000002 -0.000001 0.000000 0.000001 -0.000004 -0.000003 -0.000000 0.000001 0.000007 0.000007 0.000005 0.000008 0.000022 0.000043 0.000673 -0.002916 -0.001205 -0.000615 -0.000021 -0.000018 -0.000017
-0.000038 -0.000019 -0.000008 -0.000007 -0.000006 -0.000008 -0.000007 -0.000003 -0.000004 -0.000003 -0.000002 -0.000002 -0.000004 -0.000005 -0.000001 0.000000 0.000002 0.000005 -0.000000 0.000000 -0.000031 -0.000013 -0.000004 0.000000 0.000003 0.000005 0.000002 0.000007 0.000013 0.000003 -0.000019 -0.000019 -0.000017 -0.000011 -0.000007 -0.000001 0.000000 -0.000001 -0.000003 -0.000002 -0.000000 0.000000 0.000003 -0.000010 -0.000005 -0.000000 0.000002 0.000010 0.000019 0.000000 0.000006 0.000030 0.000020 -0.009075 -0.000056 -0.000072 -0.000135 -0.000239 -0.000131 -0.000069
-0.000008 -0.000003 -0.000002 -0.000003 -0.000002 -0.000001 -0.000002 -0.000003 -0.000002 -0.000001 -0.000000 -0.000000 -0.000026 -0.000036 -0.000008 0.000000 -0.000002 -0.000001 -0.000000 0.000001 -0.000011 -0.000012 -0.000001 0.000000 0.000004 0.000010 0.000005 0.000009 0.000302 -0.002965 -0.000207 -0.000182 -0.000138 -0.000043 -0.000006 -0.000000 0.000001 0.000006 -0.000003 -0.000001 -0.000000 0.000001 0.000002 -0.000038 -0.000005 -0.000000 0.000002 0.000016 0.000029 0.000003 0.000000 0.000010 0.034013 -0.001677 -0.000017 -0.000018 -0.000024 -0.000030 -0.000024 -0.000016
-0.000003 -0.000001 0.000000 0.000001 0.000005 0.000004 0.000004 0.000007 -0.000003 -0.000003 -0.000003 -0.000023 -0.000027 -0.000007 -0.000006 -0.000007 -0.000007 -0.000002 -0.000001 0.000000 0.000001 0.000007 -0.000000 0.000001 0.000011 0.000016 0.000008 0.000125 -0.000336 -0.000019 -0.000023 -0.000019 -0.000016 -0.000011 -0.000002 -0.000000 0.000002 0.000012 0.000010 -0.000000 -0.000000 0.000000 -0.000030 -0.000050 -0.000008 -0.000000 0.000003 0.000010 0.000019 0.000032 0.000000 0.000009 -0.541217 -0.000030 -0.000029 -0.000016 -0.000017 -0.000020 -0.000014 -0.000008
-0.000006 -0.000001 0.000000 0.000002 0.000006 0.000007 0.000254 -0.000275 -0.000470 -0.000464 -0.000511 -0.000368 -0.000052 -0.000047 -0.000076 -0.000182 -0.000076 -0.000008 -0.000009 -0.000012 0.000000 0.000001 0.000002 0.000003 0.000010 0.000019 -0.000158 -0.000668 -0.000018 -0.000020 -0.000017 -0.000010 -0.000005 -0.000001 0.000000 0.000002 0.000009 0.000018 0.000007 -0.000002 -0.000006 -0.000063 -0.000204 -0.000072 -0.000004 -0.000000 0.000003 0.000022 0.000036 0.000088 0.000000 -0.012408 -0.000045 -0.000018 -0.000014 -0.000011 -0.000008 -0.000015 -0.000008 -0.000001
-0.000006 -0.000000 0.000001 0.000005 0.000006 -0.000121 -0.000631 -0.000012 -0.000011 -0.000004 -0.000022 -0.000100 -0.000310 -0.000229 -0.000180 -0.000038 -0.000034 -0.000050 -0.000021 -0.000002 0.000000 0.000005 0.000008 0.000003 0.000010 0.000387 -0.000834 -0.000023 -0.000016 -0.000012 -0.000008 -0.000007 -0.000005 -0.000000 0.000002 0.000009 0.000016 0.000019 -0.000009 -0.000107 -0.000323 -0.000195 -0.000009 -0.000003 -0.000001 0.000000 0.000005 0.000012 0.000029 0.000121 -0.000028 -0.000016 -0.000014 -0.000014 -0.000006 -0.000007 -0.000013 -0.000006 -0.000006 0.000000
-0.000001 -0.000000 -0.000003 -0.000047 -0.000381 -0.000644 -0.000017 -0.000017 -0.000012 -0.000009 -0.000006 -0.000010 -0.000012 -0.000013 -0.000014 -0.000007 -0.000001 0.000000 0.000000 0.000000 0.000003 0.000009 0.000015 0.000014 0.000405 -0.001614 -0.000021 -0.000016 -0.000011 -0.000008 -0.000005 -0.000001 0.000000 0.000002 0.000009 0.000017 0.000031 0.000027 -0.000218 -0.000100 -0.000016 -0.000009 -0.000004 -0.000000 0.000002 0.000004 0.000008 0.000021 0.000023 -0.000296 -0.000005 -0.000005 -0.000005 -0.000006 -0.000014 -0.000018 -0.000020 -0.000017 -0.000012 0.000000
-0.000110 -0.000185 -0.000256 -0.000004 -0.000000 -0.000024 -0.000005 -0.000006 -0.000006 -0.000005 -0.000006 -0.000013 -0.000015 -0.000011 -0.000009 -0.000004 0.000000 0.000001 0.000006 0.000008 0.000014 0.000022 0.001026 -0.019171 -0.001935 -0.000019 -0.000014 -0.000011 -0.000006 -0.000003 -0.000002 -0.000000 0.000000 0.000003 0.000008 0.000021 0.000021 0.000483 -0.000632 -0.000146 -0.000012 -0.000004 0.000000 0.000000 0.000008 0.000015 0.000022 0.000037 0.000551 -0.000722 -0.000242 -0.000072 -0.000158 -0.000290 -0.000188 -0.000148 -0.000107 -0.000051 -0.000007 0.000000
0.000006 -0.006110 -0.000072 -0.000004 -0.000003 -0.000006 -0.000045 -0.000042 -0.000074 -0.000048 -0.000038 -0.000024 -0.000010 -0.000004 -0.000003 -0.000001 0.000000 0.000006 0.000020 0.000029 0.000026 0.038083 -0.019255 -0.000027 -0.000026 -0.000015 -0.000009 -0.000006 -0.000002 -0.000002 -0.000004 -0.000001 0.000000 0.000003 0.000038 0.000098 0.000143 0.000183 -0.000021 -0.000021 -0.000008 -0.000002 0.000000 0.000004 0.000015 0.000024 0.000009 0.000017 -0.000347 -0.000092 -0.000134 -0.000300 -0.000213 -0.000024 -0.000021 -0.000027 -0.000024 -0.000014 -0.000003 0.000000
