001_floodsim/hipims_case/output/hUx_6300.asc
ncols 269
nrows 269
xllcorner 0.000000
yllcorner 0.000000
cellsize 10.000000
NODATA_value -9999.000000
[rows 27 to 53 of 269, columns 120 to 179 of 269]
0.000008 0.000015 0.000002 0.000000 0.000000 0.000002 0.000006 -0.000473 -0.000060 -0.000118 -0.000005 -0.000004 -0.000002 -0.000000 0.000003 0.000023 -0.000088 -0.000068 -0.000176 -0.000031 -0.000001 0.000000 0.000005 0.000078 -0.000034 -0.000018 -0.000003 -0.000000 0.000000 0.000001 0.000002 0.001668 -0.111782 -0.000049 -0.000005 -0.000001 -0.000000 0.000002 0.000003 -0.000004 -0.000019 -0.000008 -0.000007 -0.000002 -0.000000 0.000001 0.000004 0.000001 -0.000001 0.000000 0.000001 -0.000057 -0.000015 -0.000001 -0.000000 -0.000017 -0.000036 -0.000016 -0.000010 -0.000007
0.000004 0.000019 0.000027 -0.000008 0.000000 0.000001 -0.000008 -0.000200 -0.000004 -0.000006 -0.000014 -0.000009 -0.000003 -0.000000 0.000001 0.000003 0.000422 -0.000077 -0.000009 -0.000006 -0.000000 0.000003 0.000037 -0.000063 -0.000022 -0.000007 -0.000000 -0.000001 -0.000001 0.000000 0.000005 0.180688 -0.000021 -0.000012 -0.000004 -0.000000 0.000000 0.000006 0.000033 -0.000020 -0.000013 -0.000012 -0.000006 -0.000001 -0.000000 0.000002 0.000006 0.000013 -0.000000 0.000000 -0.000026 -0.000069 -0.000004 -0.000000 0.000001 -0.000028 -0.000049 -0.000029 -0.000031 -0.000054
0.000003 0.000014 0.013913 -0.003270 -0.016596 -0.012629 -0.009055 -0.000134 -0.000010 -0.000014 -0.000026 -0.000008 -0.000000 -0.000000 0.000002 0.000005 0.000141 -0.000003 -0.000003 -0.000002 -0.000000 0.000000 0.000002 0.000301 -0.000010 -0.000000 0.000001 -0.000002 -0.000002 0.000000 -0.000226 -0.001227 -0.000013 -0.000008 -0.000004 -0.000000 0.000002 0.000010 0.000101 -0.000017 -0.000018 -0.000017 -0.000006 -0.000001 -0.000000 0.000002 0.000002 0.000018 -0.000000 0.000001 -0.000113 -0.000019 -0.000001 -0.000000 0.000012 -0.013780 -0.000367 -0.000403 -0.000217 -0.000187
0.000003 0.009146 -0.074627 -0.084290 -0.055982 -0.059778 -0.077267 -0.027772 -0.000016 -0.000013 -0.000004 -0.000001 -0.000000 0.000001 0.000001 0.000002 -0.000406 -0.000010 -0.000008 -0.000002 -0.000000 0.000001 0.000006 0.001258 -0.000076 -0.000242 -0.000151 -0.000415 -0.000455 -0.000627 -0.002098 -0.000019 -0.000008 -0.000002 -0.000001 0.000000 0.000012 0.000056 0.000243 -0.000034 -0.000024 -0.000024 -0.000008 -0.000000 -0.000000 0.000002 0.000017 -0.000015 -0.000000 0.000002 0.000011 -0.000016 -0.000004 -0.000163 -0.000568 -0.000011 -0.000011 -0.000012 -0.000009 -0.000005
0.000201 -0.049875 -0.034657 -0.000076 -0.000000 0.000002 -0.017925 -0.086578 -0.054823 -0.000008 -0.000000 0.000000 0.000003 0.000011 0.000601 -0.004545 -0.002137 -0.000014 -0.000008 -0.000000 0.000000 0.000004 0.000007 0.016232 -0.002220 -0.000005 -0.000002 -0.000000 0.000001 -0.000021 -0.000019 -0.000016 -0.000006 -0.000002 0.000000 0.000001 0.000005 0.000010 0.000013 0.000323 -0.000172 -0.000010 -0.000002 -0.000000 0.000001 0.000004 0.000027 -0.000000 0.000002 0.004658 -0.012389 -0.000591 -0.000641 -0.000709 -0.000014 -0.000011 -0.000007 -0.000007 -0.000006 -0.000001
-0.045219 -0.056283 -0.012767 -0.000005 -0.000001 -0.000000 0.000001 0.000380 -0.053098 -0.078706 -0.058827 -0.063758 -0.071132 -0.069110 -0.054049 -0.057241 -0.067607 -0.000013 -0.000007 -0.000000 0.000001 0.000004 0.004857 -0.003236 -0.000010 -0.000009 -0.000003 -0.000000 0.000001 -0.000007 -0.000012 -0.000016 -0.000004 -0.000001 0.000000 0.000001 0.000003 0.000006 0.000008 0.000009 0.000059 -0.000012 -0.000002 -0.000000 0.000003 0.000177 -0.000181 -0.000722 -0.001361 -0.000673 -0.000016 -0.000011 -0.000010 -0.000010 -0.000009 -0.000007 -0.000003 -0.000002 -0.000001 -0.000000
-0.047490 -0.028292 -0.000017 -0.000014 -0.000005 -0.000001 -0.000000 0.000002 0.000007 0.000207 0.000811 -0.000412 -0.000635 -0.000001 0.000000 -0.002717 -0.020005 -0.000011 -0.000001 -0.000000 0.000001 -0.000295 -0.001992 -0.000011 -0.000008 -0.000004 -0.000002 -0.000001 -0.000001 0.000000 0.000000 -0.000013 -0.000002 -0.000001 0.000000 0.000001 0.000002 0.000002 0.000002 0.000003 0.000216 0.000063 -0.000000 0.000000 -0.000730 -0.012522 -0.000926 -0.000016 -0.000007 -0.000005 -0.000008 -0.000007 -0.000007 -0.000008 -0.000006 -0.000003 -0.000004 -0.000002 -0.000000 0.000001
-0.033311 -0.000012 -0.000009 -0.000007 -0.000006 -0.000002 -0.000000 0.000000 0.000003 0.000003 0.000004 0.000003 -0.000003 -0.000000 0.000000 0.000783 -0.044244 -0.008162 -0.000091 -0.000187 -0.001035 -0.002139 -0.000010 -0.000007 -0.000002 -0.000001 0.000000 -0.000007 -0.000002 0.000000 0.000000 -0.000002 -0.000003 -0.000001 -0.000000 0.000000 0.000003 0.000005 0.000007 0.000010 0.000131 -0.000426 -0.004585 -0.003617 -0.001527 -0.000023 -0.000014 -0.000010 -0.000007 -0.000009 -0.000009 -0.000005 -0.000005 -0.000002 -0.000001 -0.000000 0.000001 0.000002 -0.000000 0.000001
-0.000010 -0.000007 -0.000004 -0.000005 -0.000006 -0.000004 -0.000002 -0.000000 -0.000000 0.000000 0.000001 0.000002 0.000004 0.000000 0.000000 0.000008 -0.043016 -0.018398 -0.002302 -0.001678 -0.000009 -0.000006 -0.000009 -0.000005 -0.000005 -0.000001 0.000000 -0.000005 -0.000001 0.000000 -0.000005 -0.000003 -0.000000 0.000000 -0.000000 0.000000 0.000002 0.000007 0.000012 0.000013 0.005156 -0.003431 -0.000011 -0.000008 -0.000011 -0.000017 -0.000025 -0.000021 -0.000014 -0.000006 -0.000002 -0.000001 -0.000001 -0.000000 0.000000 0.000003 0.000005 0.000006 -0.000000 0.000000
-0.000006 -0.000003 -0.000001 -0.000002 -0.000001 -0.000002 -0.000002 -0.000002 -0.000002 0.000000 0.000002 0.000005 0.000007 0.000000 0.000002 0.000009 0.005781 -0.008771 -0.000004 -0.000005 -0.000006 -0.000002 -0.000005 -0.000008 -0.000001 -0.000000 0.000000 -0.000000 -0.000000 -0.000000 -0.000010 -0.000009 -0.000000 0.000000 0.000000 0.000001 0.000000 0.000007 0.000010 0.001372 -0.002182 -0.000008 -0.000006 -0.000003 -0.000005 -0.000006 -0.000009 -0.000006 -0.000005 -0.000003 -0.000003 -0.000000 -0.000000 0.000001 0.000004 0.000005 0.000003 0.000002 -0.000006 -0.000057
-0.000003 -0.000003 -0.000002 -0.000002 -0.000004 -0.000005 -0.000006 -0.000005 -0.000002 0.000000 0.000001 0.000003 0.000001 0.000002 0.000004 0.000031 0.005292 -0.016974 -0.003912 -0.000002 -0.000004 -0.000004 -0.000005 -0.000003 -0.000000 -0.000000 0.000000 -0.000021 -0.000043 -0.000049 -0.000021 -0.000003 -0.000000 0.000001 0.000006 0.000008 0.000001 0.000003 0.000010 -0.001498 -0.000003 -0.000003 -0.000004 -0.000005 -0.000002 -0.000003 -0.000003 -0.000002 -0.000001 -0.000000 0.000001 0.000002 0.000002 0.000004 0.000007 0.000008 0.000020 -0.000044 -0.000074 -0.000058
-0.000118 -0.000079 -0.000297 -0.000925 -0.001241 -0.001094 -0.000687 -0.000007 -0.000003 0.000000 -0.000007 -0.000001 -0.000000 0.000002 0.000002 0.000030 0.001064 -0.047939 -0.026096 -0.000006 -0.000009 -0.000004 -0.000001 -0.000000 0.000000 -0.000001 -0.000016 -0.000076 -0.000003 -0.000003 -0.000000 -0.000000 0.000003 0.000006 0.000004 0.000003 0.000000 0.000000 -0.000139 -0.001794 -0.000006 -0.000012 -0.000011 -0.000013 -0.000012 -0.000010 -0.000008 -0.000002 -0.000000 0.000001 0.000005 0.000007 0.000005 0.000010 0.000013 0.000002 -0.000121 -0.000041 -0.000025 -0.000019
-0.000854 -0.002567 -0.000750 -0.000015 -0.000008 -0.000003 -0.000129 -0.000581 -0.000434 -0.000003 -0.000012 -0.000003 -0.000000 0.000013 0.000062 0.000023 0.000010 0.001295 -0.073072 -0.040676 -0.013824 -0.004480 -0.000026 -0.000007 0.000000 -0.000008 -0.000009 -0.000010 -0.000000 -0.000000 0.000002 0.000002 0.000002 0.000007 0.000171 -0.011799 -0.016785 -0.014868 -0.023140 -0.039134 -0.015709 -0.000017 -0.000014 -0.000013 -0.000007 -0.000003 -0.000002 -0.000000 0.000000 0.000004 0.000013 0.000015 0.000009 0.000015 -0.000662 -0.001496 -0.001172 -0.000030 -0.000014 -0.000000
0.000000 -0.000118 -0.000146 -0.000009 -0.000011 -0.000003 -0.000000 0.000005 -0.003405 -0.001855 -0.000951 -0.000005 -0.000000 0.000003 0.000020 -0.000000 0.000000 0.000003 0.000103 -0.015107 -0.034162 -0.042763 -0.043893 -0.039785 -0.016404 -0.008482 -0.000052 -0.000001 -0.000000 0.000002 0.000030 0.000801 -0.010802 -0.030950 -0.026610 -0.010325 -0.000962 -0.000418 -0.000033 -0.000001 -0.005585 -0.012103 -0.003003 -0.000015 -0.000009 -0.000001 -0.000000 -0.000000 0.000002 0.000005 0.000024 0.001005 -0.008779 -0.013269 -0.008832 -0.006957 -0.013553 -0.006970 -0.000584 -0.000064
-0.000000 0.000002 -0.000395 -0.000004 -0.000010 -0.000009 -0.000001 -0.000000 -0.000000 0.000000 -0.000052 -0.000628 -0.000002 -0.000000 -0.000004 -0.000000 0.000000 0.000004 0.000007 0.000009 0.000018 0.000000 -0.000863 -0.015293 -0.035880 -0.043278 -0.052397 -0.020269 -0.021801 -0.036074 -0.036352 -0.035923 -0.018872 -0.023085 -0.003177 -0.000004 -0.000003 -0.000001 -0.000000 0.000000 0.000001 -0.002233 -0.015469 -0.003340 -0.000002 -0.000000 0.000000 0.000000 0.000019 -0.008661 -0.017540 -0.017769 -0.006682 -0.000468 -0.000011 -0.000000 -0.000000 -0.000486 -0.008944 -0.010118
-0.000008 -0.000000 -0.000093 -0.000310 -0.000007 -0.000018 -0.000003 -0.000000 0.000001 0.000003 0.000008 -0.000564 -0.000006 -0.000000 -0.000004 -0.000001 -0.000000 0.000002 0.000008 0.000006 0.000006 0.000002 0.000011 0.000016 0.002755 -0.001027 -0.005042 -0.021206 -0.007983 -0.000615 -0.002177 -0.000994 -0.000305 -0.002806 -0.000844 -0.000002 -0.000003 -0.000003 -0.000000 0.000000 0.000003 0.000010 -0.000082 -0.018922 -0.016412 -0.011136 -0.012143 -0.014563 -0.020018 -0.007512 0.000024 -0.000419 -0.000052 -0.000011 -0.000008 -0.000001 -0.000000 0.000004 0.000008 -0.000003
-0.000001 -0.000000 0.000001 -0.000067 -0.000292 -0.000051 -0.000011 -0.000000 0.000000 0.000005 0.000015 0.000761 -0.000708 -0.000007 -0.000005 -0.000001 -0.000000 0.000006 0.000008 0.000008 0.000012 0.000017 0.000015 0.000017 0.000158 -0.000001 -0.000000 -0.000001 -0.000000 0.000000 0.000002 0.000015 0.000000 -0.000710 -0.005459 -0.000005 -0.000006 -0.000002 -0.000001 -0.000000 0.000002 0.000006 0.000005 0.000003 0.000032 -0.000035 -0.000004 -0.000003 -0.000009 -0.000008 -0.000008 -0.000013 -0.000021 -0.000015 -0.000009 -0.000002 -0.000000 -0.000000 -0.000000 -0.000001
-0.000067 -0.000019 -0.000000 0.000002 -0.000335 -0.000062 -0.000011 -0.000000 -0.000000 0.000004 0.000028 0.000026 -0.000600 -0.000013 -0.000004 -0.000002 -0.000000 0.000001 0.000001 0.000004 0.000015 0.000034 0.000028 0.000022 0.000709 -0.000003 -0.000001 -0.000000 0.000000 0.000001 0.000008 0.000080 0.000000 0.000001 0.000091 -0.001122 -0.001404 -0.000007 -0.000004 -0.000000 0.000000 0.000004 0.000005 0.000004 0.000007 -0.000050 -0.000032 -0.000004 -0.000005 -0.000006 -0.000007 -0.000009 -0.000017 -0.000014 -0.000007 -0.000003 -0.000002 -0.000005 -0.000003 -0.000001
-0.000053 -0.000068 -0.000000 0.000006 -0.000052 -0.000227 -0.000006 -0.000001 -0.000000 0.000006 0.000014 0.000023 0.000125 -0.000658 -0.000214 -0.000009 -0.000000 0.000000 0.000000 0.000005 0.000015 0.000032 0.000047 0.000046 -0.000072 -0.000015 -0.000003 -0.000000 0.000000 0.000005 0.000077 0.000012 0.000000 0.000002 0.000123 -0.000000 -0.000111 -0.001348 -0.001075 -0.001538 -0.000003 -0.000001 0.000000 0.000001 0.000008 -0.000026 -0.000075 -0.000002 -0.000002 -0.000002 -0.000004 -0.000008 -0.000011 -0.000015 -0.000018 -0.000014 -0.000009 -0.000009 -0.000006 -0.000001
0.000002 0.000008 -0.000028 -0.000000 0.000001 -0.000193 -0.000074 -0.000015 -0.000000 -0.000000 0.000003 0.000022 0.000018 -0.000137 -0.000197 -0.000008 -0.000003 -0.000000 0.000000 0.000006 0.000014 0.000109 0.000077 0.000008 -0.000314 -0.000010 -0.000004 0.000000 0.000004 0.000011 0.000114 -0.000001 0.000000 0.000003 -0.000622 -0.000006 -0.000000 0.000001 0.000047 -0.002327 -0.004090 -0.002700 -0.000006 -0.000009 -0.000012 0.000000 -0.000073 -0.000278 -0.001143 -0.000554 -0.000010 -0.000004 -0.000008 -0.000008 -0.000010 -0.000009 -0.000007 -0.000005 -0.000003 -0.000001
0.000000 -0.000023 -0.000040 -0.000004 -0.000000 -0.000091 -0.000029 -0.000005 -0.000003 -0.000000 0.000001 0.000012 0.000002 0.000002 -0.000491 -0.000004 -0.000003 -0.000000 0.000000 0.000007 0.000033 0.000087 0.000000 0.000001 -0.000912 -0.000013 -0.000004 0.000000 0.000004 0.000020 0.000069 0.000000 0.000002 0.000017 -0.003481 -0.000011 -0.000003 -0.000000 0.000000 0.000004 0.000338 -0.000036 -0.000671 -0.000558 -0.000347 -0.001690 -0.001400 -0.001199 -0.000090 -0.000078 -0.252990 -0.000015 -0.000020 -0.000019 -0.000008 -0.000005 -0.000002 -0.000001 -0.000001 -0.000000
0.000000 0.000004 -0.000047 -0.000017 -0.000000 -0.000003 -0.000044 -0.000058 -0.000011 -0.000000 0.000001 0.000002 0.000000 0.000006 -0.000030 -0.000123 -0.000008 -0.000000 0.000001 0.000016 0.000024 0.000024 0.000000 0.000004 0.000041 -0.000009 -0.000001 0.000000 0.000007 0.000010 0.000022 0.000000 0.000007 0.000028 -0.002938 -0.000011 -0.000007 -0.000001 -0.000000 0.000002 0.000007 0.000000 -0.000011 -0.000006 0.000000 -0.000058 -0.000087 -0.000004 -0.000001 0.000000 -0.000211 -0.001464 -0.000003 -0.000003 -0.000002 -0.000002 -0.000002 -0.000000 -0.000001 -0.000002
0.000000 0.000002 -0.000030 -0.000016 -0.000006 -0.000003 -0.000007 -0.000015 -0.000012 -0.000003 -0.000000 0.000002 0.000008 0.000008 0.000023 -0.000070 -0.000006 -0.000000 0.000003 0.000010 0.000022 0.000032 0.000074 0.000114 -0.000386 -0.000022 -0.000004 0.000000 0.000001 0.000004 0.000014 0.000000 0.000004 0.000041 -0.004800 -0.000020 -0.000007 -0.000002 -0.000000 0.000000 0.000000 0.000000 0.000001 0.000010 -0.000000 0.000002 -0.000216 -0.000013 -0.000002 0.000000 0.000005 -0.000469 -0.000010 -0.000006 -0.000002 -0.000000 0.000001 0.000003 -0.000009 -0.000030
0.000000 -0.000016 -0.000009 -0.000013 -0.000019 -0.000016 -0.000013 -0.000013 -0.000010 -0.000004 -0.000000 0.000000 0.000004 0.000009 0.000011 -0.000088 -0.000006 -0.000000 0.000000 0.000004 0.000011 0.000078 0.000035 0.000016 -0.000165 -0.000015 -0.000002 0.000000 0.000005 0.000012 0.000039 0.000000 0.000011 0.000112 -0.001787 -0.000009 -0.000007 -0.000005 -0.000003 -0.000001 -0.000000 0.000000 0.000003 0.000009 -0.000000 0.000002 -0.000058 -0.000006 -0.000002 0.000000 0.000003 0.000988 -0.060930 -0.000483 -0.000079 -0.000007 -0.000074 -0.000091 -0.000223 -0.000355
-0.000004 -0.000007 -0.000013 -0.000012 -0.000013 -0.000012 -0.000011 -0.000011 -0.000008 -0.000004 -0.000003 -0.000000 0.000003 0.000017 0.000011 -0.000053 -0.000018 -0.000002 -0.000000 0.000007 0.000018 0.000020 0.000000 0.000006 -0.000093 -0.000014 -0.000004 0.000000 0.000002 0.000007 0.000014 0.000010 0.000009 0.000196 -0.001338 -0.000003 -0.000003 -0.000003 -0.000002 -0.000001 -0.000001 -0.000000 0.000001 0.000003 -0.000000 0.000004 -0.000140 -0.000003 -0.000001 0.000000 0.000007 0.000315 -0.000016 -0.000030 -0.000622 -0.000377 -0.000007 -0.000000 0.000000 -0.000193
-0.000008 -0.000015 -0.000007 -0.000011 -0.000009 -0.000006 -0.000002 -0.000003 -0.000004 -0.000006 -0.000002 -0.000000 0.000001 0.000006 0.000006 0.000007 -0.000006 -0.000003 -0.000000 0.000004 0.000008 0.000010 0.000013 0.000006 -0.000035 -0.000010 -0.000002 0.000000 0.000006 0.000015 0.000025 0.000004 0.000004 0.000578 -0.013731 -0.000010 -0.000008 -0.000007 -0.000005 -0.000006 -0.000006 -0.000003 -0.000005 -0.000001 -0.000000 0.000002 0.000051 -0.000128 -0.000004 0.000000 0.000004 0.000021 -0.000011 -0.000000 -0.000004 -0.000030 -0.000009 -0.000000 0.000000 -0.000042
-0.000098 -0.000138 -0.000048 -0.000004 -0.000003 -0.000002 -0.000000 -0.000022 -0.000079 -0.000068 -0.000034 -0.000007 -0.000000 0.000000 0.000002 0.000008 -0.000004 -0.000003 -0.000000 0.000002 0.000007 0.000012 0.000017 0.000199 -0.000095 -0.000006 -0.000002 0.000000 0.000004 0.000008 0.000010 0.000011 0.000011 0.001779 -0.000134 -0.000871 -0.000808 -0.000908 -0.000777 -0.000011 -0.000013 -0.000006 -0.000002 -0.000001 -0.000000 0.000003 0.000005 -0.000054 -0.000023 0.000000 0.000002 0.000014 -0.000076 -0.000006 0.000000 -0.000037 -0.000007 -0.000001 0.000000 -0.000020
