001_floodsim/hipims_case/output/hUx_6300.asc
ncols 269
nrows 269
xllcorner 0.000000
yllcorner 0.000000
cellsize 10.000000
NODATA_value -9999.000000
[rows 162 to 188 of 269, columns 120 to 179 of 269]
0.000017 0.000572 -0.016008 -0.003490 -0.000031 -0.000039 -0.000039 -0.000101 -0.000015 -0.000009 -0.000005 -0.000006 -0.000006 -0.000011 -0.000009 -0.000003 0.000000 0.000004 0.000011 0.000021 0.001183 -0.000442 -0.000007 -0.000019 -0.000019 -0.000010 -0.000003 -0.000001 -0.000000 0.000001 0.000001 -0.000000 0.000000 0.000000 0.000007 0.000013 0.000009 0.000267 -0.000045 -0.000021 -0.000005 -0.000004 0.000000 0.000016 0.000039 0.000105 0.000190 0.000133 -0.002053 -0.000006 -0.000005 -0.000007 -0.000015 -0.000034 -0.000029 -0.000020 -0.000017 -0.000011 -0.000003 0.000000
0.000030 0.000032 0.000011 -0.003185 -0.003670 -0.000042 -0.000033 -0.000007 -0.000004 -0.000003 -0.000007 -0.000006 -0.000006 -0.000002 -0.000003 -0.000001 0.000000 0.000006 0.000017 0.000016 0.000238 -0.000954 -0.000023 -0.000025 -0.000011 -0.000008 -0.000003 -0.000000 0.000000 0.000002 0.000003 -0.000005 -0.000005 0.000000 0.000001 0.000004 0.000012 0.000058 -0.000029 -0.000024 -0.000027 -0.000007 0.000000 0.000002 0.000013 0.000010 0.000015 0.000115 -0.002457 -0.000021 -0.000022 -0.000031 -0.000016 -0.000006 -0.000008 -0.000011 -0.000009 -0.000005 -0.000000 0.000001
0.000024 0.000025 0.000056 0.000021 0.000581 -0.002231 -0.000027 -0.000016 -0.000007 -0.000000 -0.000004 -0.000001 -0.000000 -0.000057 -0.000038 -0.000000 0.000002 0.000008 0.000017 0.000000 0.000053 -0.001544 -0.000052 -0.000009 -0.000003 -0.000002 -0.000000 0.000001 0.000002 0.000001 -0.000046 -0.000017 0.000000 0.000001 0.000005 0.000010 0.000025 -0.000628 -0.000016 -0.000007 -0.000003 -0.000001 0.000000 0.000003 0.000013 0.000020 0.000009 0.000006 -0.001035 -0.000031 -0.000024 -0.000026 -0.000028 -0.000019 -0.000020 -0.000018 -0.000003 -0.000001 -0.000000 0.000002
0.000017 0.000018 0.000050 0.000000 0.000003 0.002428 -0.002108 -0.000016 -0.000004 -0.000000 -0.000042 -0.000163 -0.000168 -0.000109 -0.000002 -0.000000 0.000006 0.000019 0.000031 0.000480 -0.028328 -0.001809 -0.000006 -0.000006 -0.000006 -0.000001 -0.000000 0.000002 0.000004 -0.000039 -0.000063 -0.000001 0.000000 0.000004 0.000010 0.000014 0.000016 -0.013802 -0.000011 -0.000002 -0.000000 0.000001 0.000006 0.000010 0.000012 0.000019 0.000011 0.000015 -0.000483 -0.000086 -0.000126 -0.000187 -0.000170 -0.000104 -0.000042 -0.000009 -0.000004 -0.000000 0.000001 0.000007
0.000005 0.000019 0.000024 0.000000 0.000011 0.000031 -0.002623 -0.003491 -0.000042 -0.000096 -0.000339 -0.000016 -0.000009 -0.000002 0.000000 0.000003 0.000020 0.000022 0.000018 -0.052450 -0.000097 -0.000074 -0.000021 -0.000021 -0.000022 -0.000016 0.000000 0.000006 0.000022 -0.000040 -0.000019 -0.000000 0.000001 0.000007 0.000013 0.000018 0.000896 -0.060559 -0.000022 -0.000003 -0.000000 0.000006 0.000011 0.000009 0.000008 0.000011 0.000000 0.000014 0.100415 -0.000278 -0.000159 -0.000015 -0.000013 -0.000006 -0.000004 -0.000003 -0.000000 0.000000 0.000004 0.000012
0.000000 0.000007 0.000016 0.000020 0.000012 0.000032 0.000025 0.002115 -0.004095 -0.000132 -0.000007 -0.000005 -0.000002 -0.000000 0.000003 0.000010 0.000018 0.000017 -0.084058 -0.002455 -0.000066 -0.000115 -0.000207 -0.000106 -0.000041 -0.000002 0.000000 0.000024 0.000064 -0.000055 -0.000010 -0.000000 0.000002 0.000010 0.000020 0.000023 -0.000989 -0.000016 -0.000010 -0.000000 -0.000000 0.000009 0.000031 0.000031 0.000013 -0.000009 0.000000 0.000009 -1.030926 -0.000019 -0.000014 -0.000005 -0.000008 -0.000015 -0.000009 -0.000004 -0.000000 0.000002 0.000010 0.000019
0.000000 0.000001 0.000004 0.000008 0.000067 0.000026 0.000001 0.000014 0.001245 -0.032624 -0.000013 -0.000007 -0.000000 0.000002 0.000007 0.000012 0.000006 -0.299923 -0.002541 -0.000039 -0.000034 -0.000021 -0.000022 -0.000013 -0.000005 -0.000000 0.000000 0.000006 0.000122 0.086091 -0.000096 -0.000000 0.000000 0.000008 0.000065 0.000040 -0.001368 -0.000005 -0.000003 -0.000000 0.000001 0.000006 0.000020 0.000026 0.000109 -0.000001 0.000000 -0.092546 -0.004694 -0.000028 -0.000009 -0.000015 -0.000019 -0.000024 -0.000013 -0.000001 -0.000000 0.000003 0.000016 0.000027
-0.000002 0.000000 0.000001 0.000009 0.000018 0.000000 0.000003 0.000013 0.000024 0.000842 -0.107250 -0.000006 -0.000000 0.000002 0.000556 -0.004851 -0.000078 -0.000028 -0.000029 -0.000020 -0.000012 -0.000012 -0.000014 -0.000008 -0.000002 -0.000000 0.000000 0.000002 0.000011 0.000024 0.089805 -0.000116 -0.000001 0.000000 0.000009 0.000082 -0.001863 -0.000013 -0.000007 -0.000001 0.000000 0.000008 0.000023 0.000038 0.000062 0.000138 -0.003059 -0.004798 -0.000019 -0.000013 -0.000016 -0.000026 -0.000039 -0.000029 -0.000003 -0.000000 0.000002 0.000007 0.000012 0.000036
-0.000007 -0.000004 -0.000001 0.000000 -0.000000 0.000000 0.000006 0.000022 0.000033 0.000019 0.000469 -0.015377 -0.000487 -0.000483 -0.000282 -0.000034 -0.000018 -0.000009 -0.000013 -0.000013 -0.000006 -0.000003 -0.000004 -0.000004 -0.000006 -0.000002 0.000000 0.000013 0.000024 0.000047 0.000039 0.000566 0.000138 0.000000 0.000002 0.000013 1.263664 -0.001596 -0.000011 -0.000003 0.000000 0.000006 0.000024 0.000035 0.056801 -0.004804 -0.000021 -0.000015 -0.000006 0.000000 -0.000001 -0.000031 -0.000022 -0.000012 -0.000002 -0.000000 0.000003 0.000012 0.000024 0.000028
-0.000013 -0.000007 -0.000002 -0.000006 -0.000004 0.000000 0.000002 0.000015 0.000021 0.000032 0.000023 -0.000048 -0.000088 -0.000007 -0.000030 -0.000023 -0.000022 -0.000014 -0.000008 -0.000009 -0.000002 -0.000004 -0.000007 -0.000009 -0.000010 -0.000004 0.000000 0.000002 0.000006 0.000012 0.000012 0.000012 0.000076 -0.000004 0.000000 0.000007 0.000080 -0.012597 -0.000014 -0.000001 0.000000 0.000007 0.000024 0.003860 -0.005327 -0.000015 -0.000013 -0.000008 -0.000002 0.000000 -0.000010 -0.000019 -0.000027 -0.000014 -0.000002 -0.000000 0.000006 0.000024 0.000037 0.000047
-0.000095 -0.000023 -0.000000 -0.000017 -0.000005 0.000000 0.000003 0.000013 0.000012 0.000012 0.000022 0.000059 -0.000074 -0.000016 -0.000021 -0.000031 -0.000014 -0.000005 0.000000 0.000001 0.000010 -0.000012 -0.000050 -0.000126 -0.000089 -0.000039 -0.000009 -0.000000 0.000000 0.000003 0.000008 0.000007 0.000542 -0.000005 0.000000 0.000004 0.000014 0.060606 -0.000218 -0.000002 0.000000 0.000010 0.000021 -0.050437 -0.000013 -0.000005 -0.000004 -0.000003 -0.000000 0.000000 -0.000015 -0.000030 -0.000033 -0.000020 -0.000003 -0.000000 0.000003 0.000015 0.000049 0.000054
-0.000004 0.000000 0.000001 -0.000000 -0.000002 0.000000 -0.000010 -0.000003 0.000000 0.000004 0.000016 0.000020 -0.000227 -0.000009 -0.000011 -0.000016 -0.000015 -0.000003 0.000000 0.000008 0.000051 -0.000093 -0.000119 -0.000013 -0.000009 -0.000005 -0.000004 -0.000001 0.000000 0.000002 0.000003 0.000011 0.000537 -0.000003 0.000000 0.000001 0.000009 0.000018 0.234470 -0.000003 0.000000 0.000004 0.001244 -0.002457 -0.000008 -0.000015 -0.000012 -0.000004 -0.000000 0.000001 0.000016 -0.000076 -0.000039 -0.000012 -0.000004 -0.000000 0.000005 0.000021 0.000032 0.000046
0.000000 0.000000 0.000006 0.000047 -0.000081 -0.000147 -0.000079 -0.000009 0.000000 0.000002 0.000019 0.000018 0.000064 -0.000188 -0.000037 -0.000012 -0.000010 -0.000004 0.000000 0.000004 0.000024 -0.000015 -0.000005 -0.000005 -0.000006 -0.000003 -0.000001 0.000000 0.000000 0.000005 0.000011 0.000018 0.000612 -0.000024 0.000000 0.000001 0.000005 0.000014 0.002537 0.002752 0.001406 0.001455 0.054435 -0.003625 -0.000010 -0.000012 -0.000008 -0.000002 -0.000000 0.000001 -0.000035 -0.000067 -0.000025 -0.000015 -0.000002 0.000000 0.000005 0.000021 0.000038 0.002938
0.000000 0.000004 0.000135 -0.000354 -0.000149 -0.000024 -0.000014 -0.000005 0.000000 0.000009 0.000013 0.000008 0.000010 -0.000022 -0.000024 -0.000016 -0.000004 -0.000001 0.000000 0.000009 0.000064 0.008345 -0.000012 -0.000009 -0.000002 0.000000 0.000000 0.000000 0.000000 0.000008 0.000018 0.001008 -0.045145 -0.000007 0.000000 0.000001 0.000008 0.000007 0.000015 0.000020 0.000045 0.000021 0.000012 0.005529 0.015927 -0.004071 -0.000009 -0.000004 -0.000000 0.000000 -0.000339 -0.000174 -0.000042 -0.000014 -0.000001 0.000000 0.000005 0.000022 0.000030 -0.002650
0.000000 -0.016554 -0.000492 -0.000025 -0.000022 -0.000016 -0.000010 -0.000004 0.000000 0.000004 0.000008 0.000007 0.000015 -0.000025 -0.000012 -0.000006 -0.000001 0.000000 0.000000 0.000006 0.000012 0.000555 -0.000265 -0.000013 -0.000005 0.000000 0.000001 0.000002 0.000000 0.000012 0.000035 0.000443 -0.000005 -0.000002 0.000000 0.000001 0.000009 0.000014 0.000009 0.000031 0.000006 -0.000000 0.000001 0.000007 0.000012 0.006759 0.006384 0.006387 -0.000365 -0.000218 -0.000642 -0.000028 -0.000017 -0.000004 -0.000000 0.000000 0.000006 0.000025 0.004254 -0.002081
-0.000680 -0.000649 -0.000021 -0.000024 -0.000017 -0.000011 -0.000004 -0.000002 0.000000 0.000004 0.000007 0.000013 0.000007 -0.000023 -0.000007 -0.000002 0.000000 0.000000 0.000001 0.000002 0.000003 0.000012 0.000589 -0.000364 -0.000011 -0.000003 0.000000 0.000000 0.000000 0.000004 0.000022 0.000809 -0.000012 -0.000004 0.000000 0.000004 0.000013 0.000017 0.000012 0.000008 -0.000001 -0.000000 0.000001 0.000003 0.000007 0.000012 0.000015 0.000012 0.073749 -0.008507 -0.000008 -0.000010 -0.000013 -0.000003 -0.000000 0.000000 0.000003 0.000024 0.318667 -0.000003
-0.000022 -0.000021 -0.000014 -0.000013 -0.000006 -0.000009 -0.000012 -0.000004 0.000000 0.000001 0.000001 0.000001 -0.000002 -0.000003 -0.000002 0.000000 0.000001 0.000002 0.000004 0.000005 0.000010 0.000009 0.000008 0.000175 -0.000012 -0.000004 0.000000 -0.000010 -0.000001 0.000000 0.000019 0.001006 -0.000018 -0.000005 0.000000 0.000004 0.000012 0.000000 -0.000008 -0.000003 -0.000001 -0.000000 0.000000 0.000001 0.000002 0.000004 0.000005 0.000005 0.001902 -0.020394 -0.000013 -0.000009 -0.000007 -0.000006 -0.000006 -0.000003 0.000000 0.000023 0.317382 -0.000001
-0.000015 -0.000012 -0.000004 -0.000003 -0.000012 -0.000018 -0.000014 -0.000005 0.000000 0.000001 -0.000009 -0.000006 -0.000002 -0.000001 0.000000 0.000002 0.000002 0.000001 0.000000 0.000002 0.000016 0.000094 0.000149 0.000919 0.123186 -0.000165 0.000000 -0.000029 -0.000004 0.000000 0.000016 0.001000 -0.000009 -0.000002 0.000000 0.000005 0.000009 -0.000007 -0.000017 -0.000007 -0.000002 -0.000000 0.000000 0.000002 0.000007 0.000011 0.000014 0.000015 0.000662 -0.005117 -0.000014 -0.000006 -0.000025 -0.000057 -0.000018 -0.000002 0.000000 0.000007 0.001763 0.007986
-0.000005 -0.000003 -0.000000 -0.000008 -0.000014 -0.000017 -0.000016 -0.000004 0.000000 -0.000008 -0.000018 -0.000012 -0.000005 -0.000000 0.000001 0.000008 0.000018 -0.000008 -0.000002 0.000000 0.000033 0.000033 0.000014 0.000014 0.000024 0.001061 -0.000149 -0.000065 -0.000014 0.000000 0.000030 0.001407 -0.000211 -0.000002 0.000000 0.000002 0.000009 -0.000048 -0.000011 -0.000006 -0.000001 -0.000000 0.000002 0.000005 0.000006 0.000011 0.000013 0.000008 0.004495 -0.000737 -0.000020 -0.000029 -0.000094 -0.000011 -0.000002 -0.000000 0.000002 0.000008 0.000607 0.003721
-0.000004 -0.000000 0.000000 -0.000049 -0.000023 -0.000031 -0.000043 -0.000042 -0.000100 -0.000205 -0.000074 -0.000015 -0.000001 -0.000000 0.000004 0.000008 0.000016 -0.000020 -0.000006 0.000000 0.000003 0.000004 0.000003 0.000008 0.000014 0.000021 0.016679 -0.001245 -0.000009 0.000000 0.000003 0.000010 0.001428 -0.000006 -0.000001 0.000000 0.000000 -0.000183 -0.000007 -0.000001 -0.000000 -0.000000 0.000003 0.000009 0.000005 0.000004 0.000183 -0.026651 -0.032791 -0.031242 -0.018041 -0.000072 -0.000004 -0.000003 -0.000000 0.000007 0.000029 -0.003783 -0.012670 -0.021779
-0.000418 -0.000366 -0.000542 -0.000681 -0.000553 -0.000387 -0.000376 -0.000351 -0.000159 -0.000020 -0.000011 -0.000005 -0.000000 0.000003 0.000010 0.000014 -0.000087 -0.000073 -0.000007 0.000000 0.000005 0.000017 0.000000 0.000003 0.000005 0.000015 0.000016 -0.001889 -0.000008 -0.000000 0.000000 0.000004 0.000005 0.000709 0.000333 0.000000 0.000000 -0.000007 -0.000001 -0.000000 0.000000 0.000001 0.000002 0.000015 -0.000000 -0.002925 -0.055844 -0.017540 -0.000000 -0.001592 -0.008493 -0.000022 -0.000004 -0.000000 0.000001 0.000135 -0.039763 -0.030626 -0.001629 -0.000392
-0.000247 -0.000006 -0.000009 -0.000016 -0.000012 -0.000006 -0.000000 -0.000020 -0.000011 -0.000007 -0.000004 -0.000002 -0.000000 0.000008 0.000017 0.000088 -0.000132 -0.000007 0.000000 0.000001 0.000008 0.000030 -0.000001 0.000000 0.000007 0.000008 0.000007 0.001259 -0.000006 -0.000002 0.000000 0.000004 0.000010 0.000146 0.000250 0.000071 0.000025 -0.003601 -0.014374 -0.013766 -0.007262 -0.021007 -0.028486 -0.034149 -0.030270 -0.030221 -0.018072 -0.000024 -0.000000 0.000001 -0.009939 -0.031016 -0.007567 -0.000003 -0.000692 -0.067898 -0.027124 -0.000004 -0.000000 -0.000000
-0.000095 -0.000527 -0.000015 -0.000007 -0.000008 -0.000009 -0.000008 -0.000008 -0.000004 -0.000002 -0.000000 -0.000000 -0.000000 0.000006 0.000022 -0.000111 -0.000128 -0.000004 0.000000 0.000006 0.000017 0.000048 -0.000003 0.000000 0.000004 0.000013 0.000023 0.000762 -0.000004 -0.000000 0.000001 0.000004 0.000008 0.000047 0.000372 -0.000445 -0.023553 -0.025711 -0.012088 -0.014342 -0.019505 -0.011791 -0.000287 -0.000015 -0.000094 -0.000201 -0.000015 -0.000005 -0.000000 0.000000 0.000007 0.001467 -0.012588 -0.028341 -0.033235 -0.023452 -0.000061 -0.000018 -0.000005 -0.000002
-0.000000 -0.000337 -0.000285 -0.000073 -0.000044 -0.000016 -0.000005 -0.000002 -0.000001 -0.000000 0.000000 0.000024 0.000020 0.000018 0.000019 -0.000642 -0.000047 -0.000006 0.000000 0.000009 0.000022 0.000057 0.000008 0.000000 0.000000 0.000006 0.000011 0.000857 -0.000005 -0.000000 0.000002 0.000007 -0.001591 -0.018997 -0.027700 -0.038007 -0.019760 -0.000066 -0.000002 -0.000000 -0.000001 -0.000001 -0.000000 0.000000 -0.000019 -0.000007 -0.000014 -0.000009 -0.000001 0.000000 0.000007 0.000011 0.000000 0.000001 0.000066 -0.000470 -0.000034 -0.000023 -0.000019 -0.000005
-0.000000 -0.000031 -0.000143 -0.000005 -0.000004 -0.000003 -0.000002 -0.000000 -0.000000 -0.000000 0.000000 0.000011 0.000072 0.000069 0.000203 -0.000279 -0.000016 -0.000003 0.000000 0.000011 0.000025 0.000044 0.000018 -0.000000 0.000000 0.000001 0.000007 0.000483 -0.000001 -0.000000 0.000278 -0.037036 -0.028220 -0.014039 -0.000149 -0.000024 -0.000017 -0.000044 -0.000005 -0.000008 -0.000002 -0.000000 -0.000000 0.000002 -0.000034 -0.000021 -0.000018 -0.000008 -0.000001 0.000000 -0.000001 -0.000000 0.000000 0.000008 0.000574 -0.001127 -0.000042 -0.000013 -0.000019 -0.000006
-0.000000 0.000001 -0.000381 -0.000017 -0.000012 -0.000010 -0.000005 -0.000000 0.000014 0.000037 0.000007 0.000006 0.000016 0.000112 0.000468 -0.000148 -0.000012 -0.000000 0.000001 0.000019 0.000069 0.000110 0.000124 -0.000000 0.000000 0.000003 0.000025 0.000059 -0.000000 -0.000683 -0.039354 -0.031609 -0.001908 -0.000214 -0.000250 -0.000038 -0.000015 -0.000053 -0.000206 -0.000005 -0.000004 -0.000001 -0.000000 -0.000007 -0.000014 -0.000021 -0.000019 -0.000008 -0.000001 0.000000 -0.000000 0.000000 0.000008 0.000009 0.001241 -0.000052 -0.000094 -0.000109 -0.000020 -0.000006
-0.000006 0.000000 -0.000048 -0.000174 -0.000131 -0.000095 -0.000028 -0.000002 0.000000 0.000004 0.000037 0.000028 0.000000 0.000005 0.002119 -0.000059 -0.000009 -0.000000 0.000002 0.000012 0.000010 0.000012 0.000266 0.000103 0.000030 -0.012740 -0.031355 -0.029981 -0.029619 -0.034337 -0.016826 -0.000094 -0.000002 -0.000000 0.000046 -0.004091 -0.001025 -0.000227 -0.000151 -0.000278 -0.000012 -0.000004 -0.000005 -0.000017 -0.000022 -0.000026 -0.000024 -0.000010 -0.000002 0.000000 0.000001 0.000005 0.000009 0.001318 -0.000145 -0.000034 -0.000042 -0.000055 -0.000043 -0.000014
