001_floodsim/hipims_case/output/hUx_6300.asc
ncols 269
nrows 269
xllcorner 0.000000
yllcorner 0.000000
cellsize 10.000000
NODATA_value -9999.000000
[rows 108 to 134 of 269, columns 120 to 179 of 269]
-0.000000 0.000009 0.000033 -0.000017 -0.000015 -0.000016 -0.000014 -0.000010 -0.000002 0.000000 0.000004 0.000007 0.000005 -0.000011 -0.000005 -0.000005 -0.000001 0.000000 0.000001 0.000003 -0.000001 0.000000 0.000003 0.000061 0.000113 0.000049 0.000014 0.000000 0.000002 0.000019 0.000007 0.000005 0.000010 0.000007 0.000662 0.000410 -0.000000 0.000001 0.004956 -0.017129 -0.020124 -0.024036 -0.021322 -0.017853 -0.011124 -0.000004 -0.000000 -0.000479 -0.002979 -0.001327 -0.000020 -0.000013 -0.000012 -0.000011 -0.000007 -0.000012 -0.000001 0.000000 0.000000 0.000002
-0.000000 0.000000 0.000000 -0.000012 -0.000007 -0.000006 -0.000006 -0.000010 -0.000004 0.000000 0.000001 0.000002 0.000002 -0.000002 -0.000002 -0.000002 -0.000001 0.000000 0.000001 0.000002 0.000002 0.000002 0.000025 0.000035 0.000023 0.000017 0.000017 0.000050 0.000066 0.000075 0.000047 0.000021 0.000229 0.000222 0.000156 -0.000009 -0.000000 0.000000 0.000003 0.002311 -0.011538 -0.021634 -0.017190 -0.005581 -0.003941 -0.006715 -0.002579 -0.002797 -0.000104 -0.000006 -0.000009 -0.000009 -0.000007 -0.000008 -0.000024 -0.000006 -0.000002 0.000000 0.000001 0.000004
-0.000003 -0.000001 0.000000 -0.000000 -0.000002 -0.000001 -0.000002 -0.000003 -0.000003 0.000000 0.000002 0.000006 0.000005 0.000009 -0.000005 -0.000022 -0.000003 0.000000 0.000001 0.000003 0.000005 0.000002 0.000006 0.000009 0.000007 0.000012 0.000027 0.000025 0.000014 0.000011 0.000030 0.000289 0.000064 0.000043 0.000026 -0.000053 -0.000004 -0.000000 0.000002 0.000005 0.000006 0.000755 0.002810 0.000122 -0.007595 -0.028205 -0.020626 -0.002633 -0.000051 -0.000002 -0.000002 -0.000002 -0.000002 -0.000002 -0.000007 -0.000001 -0.000000 0.000000 0.000002 0.000004
-0.000001 0.000000 0.000000 0.000001 0.000002 0.000002 0.000001 0.000000 -0.000001 0.000000 0.000003 0.000008 0.000003 -0.000036 -0.000007 -0.000002 -0.000001 0.000000 0.000002 0.000012 -0.000014 -0.000002 -0.000000 0.000001 0.000008 0.000011 0.000013 0.000008 0.000004 0.000003 0.000339 0.000110 0.000032 0.000014 0.000045 -0.000169 -0.000006 -0.000000 0.000001 0.000004 0.000006 0.000008 0.000748 -0.000002 -0.000000 0.000168 -0.024484 -0.013457 -0.000032 -0.000006 -0.000007 -0.000006 -0.000003 -0.000003 -0.000001 -0.000000 0.000000 0.000001 0.000004 0.000008
0.000000 0.000002 0.000005 0.000006 0.000003 0.000002 0.000002 0.000005 -0.000000 0.000001 0.000004 0.000010 0.000000 -0.000066 -0.000014 -0.000003 -0.000000 0.000000 -0.000001 -0.000018 -0.000006 -0.000003 -0.000000 0.000000 0.000003 0.000004 0.000004 0.000014 0.000012 0.000274 0.000170 0.000000 0.000003 0.000012 0.000028 -0.000616 -0.000018 -0.000002 0.000000 0.000002 0.000008 0.000011 0.000302 -0.000003 -0.000000 0.000001 0.001492 -0.042505 -0.012026 -0.000096 -0.000006 -0.000003 -0.000001 -0.000000 -0.000000 0.000000 0.000000 0.000000 0.000000 -0.000004
0.000004 0.000008 0.000013 0.000014 0.000006 0.000000 -0.000005 -0.000004 -0.000000 0.000003 0.000016 -0.000003 -0.000005 -0.000065 -0.000007 -0.000002 -0.000000 0.000000 -0.000032 -0.000022 -0.000002 -0.000001 -0.000001 0.000000 0.000002 0.000027 0.000063 0.000103 0.000169 0.000046 -0.000001 0.000000 0.000008 0.000015 0.000024 -0.000144 -0.000014 -0.000007 0.000000 0.000002 0.000008 0.000009 0.000301 -0.000006 -0.000003 -0.000000 0.000002 0.000726 -0.006813 -0.012829 -0.023271 -0.003742 -0.000002 -0.000001 -0.000000 -0.000000 -0.000002 -0.000006 -0.000009 -0.000001
0.000009 0.000013 0.000030 0.000075 0.000092 0.000035 -0.000013 -0.000005 -0.000000 0.000002 0.000034 -0.000022 -0.000080 -0.000118 -0.000003 -0.000000 0.000000 -0.000045 -0.000175 -0.000053 -0.000006 -0.000003 -0.000001 0.000000 0.000006 0.000012 0.000016 0.000016 0.000018 -0.000001 0.000000 0.000001 0.000009 0.000032 0.000022 -0.000068 -0.000009 -0.000003 0.000000 0.000002 0.000003 0.000003 0.000198 -0.000019 -0.000006 -0.000000 0.000003 0.000005 0.000003 0.000005 0.005450 -0.008656 -0.011914 -0.001927 -0.001868 -0.001074 -0.002897 -0.002409 -0.001084 -0.000351
0.000013 0.000026 0.000022 0.000009 0.000089 0.000168 0.005063 -0.000001 -0.000000 0.000004 -0.000078 -0.000252 -0.000131 -0.000002 -0.000000 0.000000 -0.000038 -0.000213 -0.000012 -0.000011 -0.000008 -0.000001 -0.000000 0.000000 0.000002 0.000004 0.000008 0.000009 0.000004 0.000002 0.000002 0.000008 0.000028 0.000026 0.000016 -0.000025 -0.000004 -0.000001 0.000000 0.000005 0.000009 0.001493 -0.000586 -0.000015 -0.000008 -0.000001 0.000000 0.000003 0.000007 0.000008 0.000006 0.006917 -0.000308 -0.000000 -0.000001 -0.000004 -0.000005 -0.000004 0.000000 0.000026
0.000013 0.000006 0.000012 0.000019 0.000009 0.000005 0.000006 0.000331 -0.000000 -0.000145 -0.000305 -0.000004 -0.000002 0.000000 0.000001 -0.000111 -0.000285 -0.000007 -0.000003 -0.000004 -0.000004 -0.000000 0.000000 -0.000001 -0.000001 0.000000 0.000003 0.000006 0.000004 0.000005 0.000005 0.000008 0.000016 0.000019 0.000016 -0.000007 -0.000002 0.000000 0.000003 0.000008 0.001256 -0.000262 -0.000013 -0.000015 -0.000006 -0.000002 0.000000 0.000001 0.000003 0.000003 0.000003 0.001704 -0.000001 -0.000000 0.000000 0.000000 0.000000 0.000000 0.000000 0.000000
0.000012 0.000000 0.000008 0.000018 0.000012 0.000011 0.000017 0.000174 -0.016527 -0.000226 -0.000140 -0.000008 -0.000002 0.000000 -0.000008 -0.000079 -0.000003 -0.000004 -0.000007 -0.000003 -0.000000 0.000001 -0.000004 -0.000010 -0.000005 0.000000 0.000001 0.000002 0.000000 0.000000 0.000002 0.000009 0.000016 0.000016 0.000017 0.000004 -0.000000 0.000000 0.000006 0.000012 0.000472 -0.000010 -0.000009 -0.000012 -0.000007 0.000000 0.000001 0.000005 0.000008 0.000009 0.000016 -0.002925 -0.000005 -0.000000 0.000000 0.000002 0.000004 0.000015 -0.000000 0.000001
0.000000 0.000000 0.000010 0.000040 0.000000 0.000011 0.001215 -0.012372 -0.007308 -0.010752 -0.004110 -0.000097 -0.000002 0.000000 -0.007904 -0.000088 -0.000007 -0.000010 -0.000009 -0.000001 -0.000000 -0.000012 -0.000043 -0.000028 -0.000001 0.000000 0.000002 -0.000000 -0.000002 0.000000 0.000000 0.000006 0.000012 0.000026 0.000014 -0.000001 0.000000 0.000005 0.000011 0.012766 -0.000433 -0.000007 -0.000006 -0.000004 -0.000002 0.000000 0.000004 0.000010 0.000012 0.000144 0.005921 -0.010858 -0.000008 -0.000002 -0.000000 0.000001 0.000003 0.000008 -0.000000 0.000000
0.000000 0.000003 0.000007 0.000009 0.000006 0.000854 -0.427529 -0.004611 -0.000007 -0.000000 0.000620 -0.025043 -0.003068 -0.002925 -0.000714 -0.000654 -0.001932 -0.001179 -0.000794 -0.000011 -0.000021 -0.000057 -0.000016 -0.000001 -0.000000 0.000001 0.000002 -0.000022 -0.000054 -0.000008 -0.000000 0.000001 0.000010 0.000008 0.000001 0.000002 0.000005 0.000256 0.000348 0.000299 -0.000103 -0.000007 -0.000001 0.000000 0.000000 0.000016 0.000072 0.000196 0.000236 0.000101 0.001436 -0.007868 -0.000005 -0.000005 -0.000000 0.000000 0.000002 0.000002 -0.000002 -0.000000
0.000000 0.000010 0.000039 0.000052 0.000037 -0.212442 -0.003839 -0.000023 -0.000007 -0.000000 0.000004 0.000029 -0.000100 -0.000007 -0.000001 -0.000000 -0.000000 -0.000002 -0.040393 -0.074003 -0.000045 -0.000026 -0.000008 -0.000000 -0.000000 0.000003 -0.005724 -0.000137 -0.000042 -0.000075 -0.000004 -0.000000 0.000001 0.000002 0.000004 0.000004 0.000343 0.000141 0.000030 0.000005 -0.000181 -0.000008 -0.000001 0.000000 0.000003 0.000012 0.000030 0.000075 0.000042 0.000023 0.000022 -0.014567 -0.000009 -0.000004 -0.000002 -0.000000 0.000002 -0.000000 -0.000003 -0.000000
0.000000 0.000007 0.000041 0.017463 -0.026324 -0.006229 -0.000036 -0.000019 -0.000004 -0.000000 0.000004 -0.000064 -0.000198 -0.000011 -0.000003 -0.000000 -0.000000 0.000000 0.000004 0.058072 -0.000846 -0.000576 -0.000419 -0.000562 -0.000669 -0.000303 -0.000020 -0.000006 -0.000006 -0.000009 -0.000008 -0.000001 -0.000000 0.000000 0.000002 0.000289 0.000217 0.000000 0.000002 0.000006 -0.000693 -0.000021 -0.000001 0.000000 0.000003 0.000009 0.000032 0.000059 0.000012 0.000010 0.000013 -0.002954 -0.000013 -0.000011 -0.000006 -0.000001 -0.000000 -0.000005 -0.000002 -0.000000
0.000007 0.000019 0.006523 -0.137347 -0.000023 -0.000028 -0.000032 -0.000015 -0.000007 -0.000001 -0.000000 0.000000 -0.000401 -0.000005 -0.000004 -0.000003 -0.000000 0.000000 0.000003 0.000049 -0.000022 -0.000018 -0.000020 -0.000092 -0.000102 -0.000030 -0.000021 -0.000015 -0.000010 -0.000016 -0.000007 -0.000001 0.000000 0.000001 0.000036 0.014005 -0.000001 0.000000 0.000003 0.000010 -0.000289 -0.000016 -0.000003 0.000000 0.000003 0.000020 0.000069 0.000017 0.000000 0.000004 0.000015 0.007500 -0.000851 -0.001254 -0.000013 -0.000007 -0.000002 -0.000003 -0.000003 -0.000000
0.000005 0.000017 0.131152 -0.000014 -0.000012 -0.000011 -0.000019 -0.000021 -0.000014 -0.000009 -0.000000 0.000002 -0.000126 -0.000311 -0.000003 -0.000002 -0.000001 0.000000 0.000002 0.000035 -0.000003 -0.000002 0.000000 0.000001 -0.000106 -0.000033 -0.000013 -0.000009 -0.000003 -0.000001 -0.000003 -0.000001 -0.000000 0.000002 0.000013 0.000089 -0.000000 0.000001 0.000031 0.000041 -0.000235 -0.000012 -0.000001 0.000000 0.000007 0.000015 0.000039 0.000000 0.000001 0.000016 0.000023 0.003766 -0.000119 -0.000465 -0.003152 -0.000014 -0.000009 -0.000006 -0.000002 -0.000001
0.000014 0.028420 -0.009061 -0.000010 -0.000005 -0.000004 -0.000004 -0.000006 -0.000011 -0.000019 -0.000003 -0.000000 0.000002 -0.027334 -0.000062 -0.000031 -0.000008 0.000000 0.000002 0.000006 -0.000012 -0.000002 0.000000 0.000002 -0.000030 -0.000046 -0.000009 -0.000008 -0.000004 -0.000000 -0.000000 -0.000000 -0.000000 0.000003 0.000011 0.000145 -0.000000 0.000003 0.000013 0.000016 -0.000197 -0.000011 -0.000001 0.000000 0.000004 0.000009 0.000024 0.000000 0.000003 0.000012 0.000019 0.003252 -0.000003 -0.000000 0.000011 -0.063749 -0.000015 -0.000010 -0.000009 -0.000006
0.000014 -0.009861 -0.000009 -0.000002 0.000000 -0.000106 -0.000155 -0.000132 -0.000099 -0.000037 -0.000004 -0.000000 0.000007 -0.000029 -0.000010 -0.000005 -0.000001 0.000000 0.000000 -0.000012 -0.000009 -0.000004 0.000000 0.000001 0.000005 -0.000072 -0.000003 -0.000003 -0.000002 -0.000003 -0.000002 -0.000000 -0.000000 0.000002 0.000009 0.000050 -0.000000 0.000000 0.000009 0.000028 -0.000262 -0.000011 -0.000002 0.000000 0.000003 0.000012 0.000003 0.000000 0.000004 0.000010 0.000014 0.003334 -0.000007 -0.000000 -0.000000 -0.000252 -0.001886 -0.000022 -0.000020 -0.000017
-0.003303 -0.000005 -0.000003 -0.000000 -0.000060 -0.000238 -0.000032 -0.000038 -0.000029 -0.000020 -0.000006 -0.000000 0.000002 -0.000024 -0.000005 -0.000004 -0.000001 0.000000 0.000000 -0.000004 -0.000006 -0.000001 0.000000 0.000002 0.000005 -0.000158 -0.000009 -0.000008 -0.000005 -0.000002 -0.000002 -0.000000 -0.000000 0.000001 0.000005 0.000030 0.000000 0.000001 0.000025 0.000025 -0.000515 -0.000029 -0.000007 0.000000 0.000006 0.000010 0.000003 0.000003 0.000003 0.000004 0.000005 0.002161 -0.000020 -0.000004 -0.000000 0.000003 0.000750 -0.001833 -0.000022 -0.000011
-0.003122 -0.000308 -0.000541 -0.000513 -0.000507 -0.000037 -0.000040 -0.000028 -0.000025 -0.000014 -0.000006 -0.000004 -0.000004 -0.000007 -0.000008 -0.000003 -0.000001 0.000000 0.000000 0.000001 0.000001 -0.000001 0.000000 0.000002 0.000004 0.000008 -0.000078 -0.000041 -0.000015 -0.000006 -0.000004 -0.000001 -0.000000 0.000001 0.000008 0.000015 0.000000 0.000003 0.000016 0.000018 -0.000121 -0.000015 -0.000005 0.000000 0.000003 0.000006 0.000013 0.000054 0.000065 0.000073 0.000095 0.001447 -0.000038 -0.000002 -0.000000 0.000002 0.000006 0.000616 -0.001891 -0.000014
-0.000636 -0.000538 -0.000107 -0.000021 -0.000020 -0.000017 -0.000018 -0.000022 -0.000032 -0.000035 -0.000019 -0.000013 -0.000011 -0.000008 -0.000004 -0.000002 -0.000000 0.000000 0.000001 0.000002 0.000003 0.000002 0.000001 0.000001 0.000002 0.000003 -0.000014 -0.000008 -0.000010 -0.000013 -0.000008 -0.000005 -0.000001 -0.000000 0.000002 0.000005 0.000003 0.000004 0.000013 0.000012 -0.000049 -0.000011 -0.000004 0.000000 0.000001 0.000002 0.000003 0.000005 0.000004 0.000004 0.000004 0.001574 -0.000177 -0.000018 -0.000002 -0.000000 0.000002 0.000007 0.005814 -0.001122
-0.000000 -0.000093 -0.000169 -0.000006 -0.000005 -0.000005 -0.000006 -0.000008 -0.000012 -0.000016 -0.000016 -0.000010 -0.000008 -0.000006 -0.000003 -0.000001 0.000000 0.000001 0.000001 0.000001 0.000002 0.000004 0.000006 0.000000 -0.000001 -0.000001 -0.000003 -0.000003 -0.000008 -0.000014 -0.000011 -0.000007 -0.000002 -0.000000 0.000001 0.000003 0.000004 0.000004 0.000009 0.000007 -0.000016 -0.000004 -0.000002 0.000000 0.000005 0.000008 0.000009 0.000014 0.000014 0.000013 0.001852 -0.001017 -0.000268 -0.000042 -0.000036 -0.000004 0.000000 0.000003 0.000095 -0.000027
-0.000005 -0.000000 -0.000055 -0.000251 -0.000273 -0.000152 -0.000115 -0.000071 -0.000017 -0.000005 -0.000005 -0.000004 -0.000002 -0.000002 -0.000001 0.000000 0.000001 0.000002 0.000002 0.000003 0.000005 0.000007 0.000012 -0.000002 -0.000004 -0.000004 -0.000001 -0.000000 0.000001 -0.000026 -0.000014 -0.000011 -0.000004 -0.000000 0.000000 0.000001 0.000001 0.000002 0.000006 0.000004 -0.000003 -0.000001 0.000000 0.000003 0.000009 0.000013 0.000012 0.000015 0.000030 0.000660 0.000753 -0.000089 -0.000501 -0.000004 -0.000003 -0.000002 0.000000 0.000005 0.000006 -0.000046
-0.000008 -0.000010 -0.000003 -0.000000 -0.000055 -0.000041 -0.000030 -0.000014 -0.000006 -0.000013 -0.000014 -0.000009 -0.000004 -0.000000 0.000000 0.000001 -0.000000 -0.000001 0.000000 0.000002 0.000007 0.000010 0.000014 -0.000004 -0.000004 -0.000002 -0.000000 0.000000 0.000001 -0.000047 -0.000020 -0.000014 -0.000007 -0.000002 0.000000 0.000001 0.000003 0.000004 0.000002 -0.000002 -0.000002 0.000000 0.000004 0.000024 0.000055 0.000085 0.000054 0.000037 0.000021 0.000539 0.000011 -0.000000 -0.000744 -0.001021 -0.000009 -0.000004 0.000000 0.000001 0.000002 0.000001
-0.000013 -0.000005 -0.000005 -0.000005 -0.000010 -0.000020 -0.000027 -0.000043 -0.000032 -0.000016 -0.000018 -0.000010 -0.000003 -0.000000 0.000001 0.000002 -0.000009 -0.000004 0.000000 0.000002 0.000024 0.000023 0.000032 -0.000007 -0.000003 -0.000001 -0.000000 0.000001 -0.000118 -0.000172 -0.000076 -0.000023 -0.000008 -0.000003 -0.000001 0.000000 0.000002 0.000004 -0.000006 -0.000004 -0.000001 0.000000 0.000001 0.000003 0.000004 0.000010 0.000093 0.000190 0.000116 0.000514 -0.000005 -0.000000 0.000001 -0.000220 -0.000916 -0.000009 -0.000004 -0.000000 0.000000 -0.000001
-0.000324 -0.000199 -0.000131 -0.000058 -0.000021 -0.000011 -0.000011 -0.000011 -0.000009 -0.000008 -0.000020 -0.000013 -0.000004 -0.000000 0.000002 0.000008 -0.000022 -0.000002 0.000000 0.000001 0.000003 0.000045 0.000142 -0.000002 -0.000000 0.000001 0.000000 -0.000242 -0.000280 -0.000019 -0.000018 -0.000009 -0.000004 -0.000004 -0.000001 0.000000 0.000001 0.000003 -0.000012 -0.000008 -0.000003 0.000000 0.000003 0.000008 0.000010 0.000006 0.000004 0.000003 0.000893 -0.000075 -0.000005 -0.000000 -0.000000 0.000002 0.000064 -0.000729 -0.000204 -0.000008 -0.000006 -0.000003
-0.000042 -0.000026 -0.000021 -0.000014 -0.000007 -0.000002 -0.000002 -0.000002 -0.000000 -0.000019 -0.000024 -0.000013 -0.000001 -0.000000 0.000005 0.000009 -0.000016 -0.000003 -0.000003 -0.000001 0.000000 0.000009 0.000369 0.000145 -0.000000 -0.000109 -0.000526 -0.000021 -0.000015 -0.000012 -0.000008 -0.000000 0.000000 -0.000004 -0.000002 -0.000000 0.000000 0.000005 -0.000038 -0.000006 -0.000003 0.000000 0.000007 0.000018 0.000023 0.000023 0.000017 0.000016 0.000731 -0.000027 -0.000014 -0.000004 -0.000000 0.000004 0.000014 0.000022 -0.000310 -0.000458 -0.000018 -0.000012
