001_floodsim/hipims_case/output/hUx_900.asc
ncols 269
nrows 269
xllcorner 0.000000
yllcorner 0.000000
cellsize 10.000000
NODATA_value -9999.000000
[rows 135 to 161 of 269, columns 122 to 182 of 269]
0.000000 0.000000 0.000000 0.000000 0.000000 0.000000 0.000000 0.000000 -0.000000 -0.000000 -0.000000 0.000000 0.000030 -0.000699 -0.000056 -0.000000 -0.000074 -0.000027 0.000000 0.000009 0.000009 0.006991 -0.001547 -0.005696 -0.000018 -0.000014 -0.000010 -0.000008 -0.000005 -0.000000 0.000020 0.000107 -0.000037 -0.000012 0.000000 0.000013 -0.000404 -0.000042 -0.000011 0.000000 0.000024 0.000165 0.000344 0.000577 0.000756 0.000798 -0.000473 -0.000027 -0.000021 -0.000007 -0.000000 0.000004 0.000018 0.000046 -0.000039 -0.000095 -0.000745 -0.000182 -0.000014 -0.000009 -0.000002
0.000000 0.000000 0.000000 0.000000 0.000000 0.000000 0.000000 0.000000 0.000000 0.000000 -0.000000 0.000000 0.000283 -0.000376 -0.000000 -0.000026 -0.000074 -0.000021 0.000000 0.000003 0.000012 0.006473 -0.001401 -0.000014 -0.000013 -0.000005 -0.000002 0.000000 0.000001 0.000012 0.000036 -0.000017 -0.000055 -0.000011 0.000000 0.000020 0.000249 -0.000033 -0.000014 -0.000000 0.000000 0.000012 0.000018 0.000018 0.000031 0.000089 -0.000106 -0.000053 -0.000023 -0.000012 -0.000000 0.000001 0.000015 0.000044 -0.000004 0.000000 -0.000129 -0.000124 -0.000227 -0.000110 -0.000019
0.000000 0.000000 0.000000 0.000000 0.000000 0.000000 0.000000 0.000000 0.000000 0.000000 0.000000 0.000000 -0.000748 -0.000214 -0.000000 -0.000160 -0.000085 -0.000017 0.000000 0.000004 0.000016 0.006802 -0.001343 -0.000005 -0.000008 -0.000010 -0.000002 0.000000 0.000002 0.000012 0.000098 -0.000843 -0.000078 -0.000000 0.000001 0.000016 0.000229 -0.000039 -0.000023 -0.000007 0.000000 0.000006 0.000006 0.000006 0.000034 0.000131 -0.000112 -0.000043 -0.000052 -0.000013 -0.000001 0.000000 0.000018 -0.000000 -0.000003 0.000000 -0.000061 -0.000033 -0.000038 -0.000064 -0.000004
0.000000 0.000000 0.000000 0.000000 0.000000 0.000000 0.000000 0.000000 0.000000 0.000000 0.000000 0.000000 -0.000502 -0.000101 -0.000000 -0.019545 -0.000122 -0.000004 0.000000 0.000005 0.000019 0.003241 -0.000008 -0.000008 -0.000003 -0.000005 -0.000002 -0.000000 0.000000 -0.000127 -0.000913 -0.000008 -0.000002 -0.000000 0.000006 0.000642 -0.051682 -0.000158 -0.000094 -0.000030 -0.000000 0.000002 0.000054 0.000104 0.000077 0.000219 -0.000039 -0.000018 -0.000036 -0.000026 -0.000000 0.000000 -0.000015 -0.000004 -0.000001 0.000000 -0.000069 -0.000011 -0.000000 -0.000076 -0.000055
0.000000 0.000000 0.000000 0.000000 0.000000 0.000000 0.000000 0.000000 0.000000 0.000000 0.000000 0.000000 -0.000823 -0.000054 -0.000011 -0.000011 -0.000005 -0.000000 0.000000 0.000005 0.000026 0.001846 -0.000010 -0.000000 0.000003 0.000006 -0.000014 -0.000021 -0.000264 -0.001238 -0.000008 -0.000002 0.000000 0.000001 0.000006 -0.000247 -0.000006 -0.000012 -0.000011 -0.000005 -0.000000 0.000013 0.000021 0.000017 0.000013 0.000015 -0.000063 -0.000017 -0.000023 -0.000019 -0.000006 -0.000000 -0.000013 -0.000002 0.000000 0.000002 0.000002 -0.000013 -0.000012 -0.000005 -0.000004
0.000000 0.000000 0.000000 0.000000 0.000000 0.000000 0.000000 0.000000 0.000000 0.000000 0.000000 0.000000 -0.000513 -0.000190 -0.000034 -0.000003 -0.000000 0.000002 0.000007 0.000013 0.000014 0.007353 -0.000000 0.000000 0.000003 -0.003764 -0.000669 -0.001152 -0.000387 -0.000005 -0.000003 -0.000000 -0.000000 0.000000 0.000006 -0.000702 -0.000011 -0.000005 -0.000004 -0.000002 -0.000000 0.000003 0.000006 0.000003 0.000009 0.000019 -0.000023 -0.000035 -0.000015 -0.000022 -0.000022 -0.000005 -0.000006 -0.000004 0.000000 0.000005 0.000005 -0.000009 -0.000012 -0.000000 -0.000000
0.000000 0.000000 0.000000 0.000000 0.000000 0.000000 0.000000 0.000000 0.000000 0.000000 0.000000 0.000000 -0.104694 -0.000008 -0.000003 -0.000000 0.000000 0.000007 0.000012 0.000015 0.000023 0.097010 -0.000006 -0.000160 -0.000059 -0.000004 -0.000000 -0.000072 -0.000511 -0.000011 -0.000004 -0.000000 0.000001 0.000002 0.000003 -0.001120 -0.000018 -0.000018 -0.000014 -0.000007 -0.000001 0.000000 0.000000 0.000002 0.000007 0.000019 0.000005 -0.000011 -0.000021 -0.000030 -0.000021 -0.000023 -0.000015 -0.000004 0.000000 -0.000000 -0.000000 0.000000 -0.000009 -0.000008 -0.000002
0.000000 0.000000 0.000000 0.000000 0.000000 0.000000 0.000000 0.000000 0.000000 0.000000 0.000000 -0.000008 -0.000004 0.000000 0.000002 0.000005 0.000006 0.000009 0.040088 -0.006794 -0.006215 -0.005750 -0.000171 -0.000084 -0.000020 -0.000007 -0.000000 0.000003 0.000009 0.000600 -0.000067 -0.000026 -0.000043 -0.000237 -0.001009 -0.001463 -0.000228 -0.000224 -0.000163 -0.000085 -0.000045 -0.000014 -0.000000 0.000004 0.000010 0.000013 -0.000003 -0.000006 -0.000012 -0.000012 -0.000012 -0.000012 -0.000005 -0.000002 0.000000 -0.000002 -0.000001 0.000000 -0.000029 -0.000010 -0.000004
0.000000 0.000000 0.000000 0.000000 0.000000 0.000000 0.000000 0.000000 0.000000 0.000000 -0.000002 -0.000002 -0.000000 0.000001 0.000006 0.003621 -0.001921 -0.020030 -0.010073 -0.000013 -0.000008 -0.000002 -0.000000 -0.000068 -0.000036 -0.000009 -0.000000 0.000002 0.000008 0.000015 0.000021 0.021635 -0.000832 -0.000353 -0.000028 -0.000030 -0.000022 -0.000019 -0.000017 -0.000014 -0.000011 -0.000006 -0.000001 0.000000 0.000001 -0.000004 -0.000004 -0.000004 -0.000003 -0.000003 -0.000005 -0.000007 -0.000010 -0.000007 -0.000007 -0.000007 -0.000003 0.000000 -0.000007 -0.000004 -0.000002
0.000000 0.000000 0.000000 0.000000 0.000000 0.000000 0.000000 -0.000000 -0.000000 -0.000000 -0.000001 -0.000001 -0.000000 -0.000001 -0.000033 -0.000007 -0.000007 -0.000029 -0.000173 -0.000010 -0.000013 -0.000008 -0.000000 -0.000008 -0.000027 -0.000023 -0.000002 0.000000 0.000003 0.000009 0.000016 0.000264 -0.000351 -0.000018 -0.000019 -0.000019 -0.000017 -0.000013 -0.000010 -0.000004 -0.000003 -0.000003 -0.000002 0.000000 0.000002 -0.000014 -0.000010 -0.000013 -0.000009 -0.000006 -0.000008 -0.000013 -0.000016 -0.000023 -0.000028 -0.000014 -0.000003 0.000000 -0.000011 -0.000002 -0.000000
0.000000 0.000000 0.000000 0.000000 0.000000 0.000000 0.000000 0.000000 0.000000 0.000000 0.000000 -0.000078 -0.000227 -0.000399 -0.000012 -0.000004 -0.000000 0.000000 -0.000098 -0.000404 -0.000007 -0.000010 -0.000016 -0.000011 -0.000022 -0.000008 -0.000002 0.000000 0.000004 0.000005 0.000013 0.000468 -0.000136 -0.000014 -0.000011 -0.000014 -0.000013 -0.000004 -0.000004 -0.000000 -0.000008 -0.000005 -0.000000 0.000000 0.000003 0.000015 -0.000220 -0.000233 -0.000208 -0.000234 -0.000219 -0.000117 -0.000072 -0.000042 -0.000009 -0.000006 -0.000003 -0.000000 -0.000000 -0.000016 -0.000047
0.000000 0.000000 0.000000 0.000000 0.000000 0.000000 0.000000 0.000000 -0.000000 0.000000 0.000000 0.000000 0.000002 -0.000311 -0.000006 -0.000003 -0.000000 0.000000 0.000006 0.000026 -0.000268 -0.000154 -0.000045 -0.000018 -0.000019 -0.000009 -0.000000 0.000000 0.000006 0.000012 0.000009 0.000582 -0.000277 -0.000004 -0.000004 -0.000005 -0.000005 -0.000006 -0.000003 -0.000004 -0.000013 -0.000003 -0.000000 0.000003 0.000030 -0.000150 -0.000008 -0.000014 -0.000014 -0.000010 -0.000009 -0.000011 -0.000002 0.000000 0.000004 0.000008 0.000006 -0.000007 -0.000066 -0.000312 -0.000152
0.000000 0.000000 0.000000 0.000000 0.000000 0.000000 0.000000 -0.000000 -0.000000 -0.000000 0.000000 0.000000 0.000004 0.000019 -0.000255 -0.000017 -0.000008 -0.000000 0.000004 -0.000004 -0.000096 -0.000034 -0.000035 -0.000031 -0.000011 -0.000006 0.000000 0.000002 0.000014 0.000071 0.000142 0.000048 -0.000230 -0.000357 -0.000009 -0.000014 -0.000006 -0.000000 -0.003873 -0.000521 -0.000542 -0.000380 -0.000086 -0.000489 -0.000302 -0.000314 -0.000068 -0.000026 -0.000008 -0.000006 -0.000003 -0.000001 -0.000000 0.000002 0.000009 0.000012 0.000011 -0.000204 -0.000224 -0.000028 -0.000023
0.000000 0.000000 0.000000 0.000000 0.000000 0.000000 -0.000000 -0.000000 -0.000000 -0.000000 -0.000000 -0.000000 0.000001 0.000005 -0.000176 -0.000044 -0.000007 -0.000000 0.000002 0.000006 -0.000042 -0.000044 -0.000029 -0.000023 -0.000016 -0.000004 0.000000 0.000006 0.000023 0.000026 0.000026 0.000006 0.000010 -0.000024 -0.000124 -0.000173 -0.000370 -0.000109 -0.000117 -0.000016 -0.000006 -0.000002 -0.000008 -0.000004 -0.000000 -0.000039 -0.000017 -0.000015 -0.000012 -0.000004 -0.000001 0.000000 0.000003 0.000007 0.000013 0.000010 -0.000207 -0.000497 -0.000034 -0.000020 -0.000015
0.000000 0.000000 0.000000 0.000000 0.000000 0.000000 -0.000000 -0.000000 -0.000000 -0.000002 -0.000001 -0.000000 -0.000000 0.000009 -0.000021 -0.000006 -0.000003 -0.000002 -0.000002 -0.000000 -0.000003 -0.000013 -0.000019 -0.000014 -0.000006 -0.000002 0.000000 0.000001 0.000008 0.000012 0.000010 0.000010 -0.000012 -0.000003 -0.000000 0.000000 -0.000041 -0.000030 -0.000019 -0.000015 -0.000008 -0.000002 -0.000002 -0.000001 -0.000000 -0.000017 -0.000009 -0.000006 -0.000002 -0.000001 -0.000000 0.000002 0.000006 0.000013 0.000015 -0.001871 -0.000632 -0.000038 -0.000039 -0.000037 -0.000006
0.000000 0.000000 0.000000 0.000000 0.000000 0.000000 0.000000 -0.000000 -0.000000 -0.000002 -0.000004 -0.000002 -0.000000 0.000006 -0.000037 -0.000026 -0.000023 -0.000051 -0.000110 -0.000018 -0.000012 -0.000015 -0.000012 -0.000009 -0.000002 0.000000 0.000002 0.000004 0.000004 0.000004 0.000003 0.000009 -0.000004 -0.000004 -0.000001 0.000000 -0.000002 -0.000026 -0.000012 -0.000011 -0.000005 -0.000001 0.000000 -0.000002 -0.000004 -0.000005 -0.000004 -0.000001 -0.000000 0.000000 0.000001 0.000004 0.000011 0.000017 0.000131 -0.000688 -0.000026 -0.000027 -0.000032 -0.000038 -0.000040
0.000000 0.000000 0.000000 0.000000 0.000000 0.000000 0.000000 -0.000000 -0.000000 -0.000000 -0.000002 -0.000002 -0.000000 0.000007 0.000024 -0.006021 -0.000296 -0.000214 -0.000078 -0.000055 -0.000024 -0.000009 -0.000008 -0.000005 0.000000 0.000001 0.000005 0.000008 -0.000015 -0.000004 -0.000000 -0.000003 -0.000007 -0.000006 -0.000001 0.000000 0.000000 -0.000027 -0.000016 -0.000008 -0.000002 0.000000 0.000002 -0.000025 -0.000004 -0.000002 0.000000 0.000002 0.000005 0.000006 0.000008 0.000008 0.000010 0.000013 -0.000475 -0.000011 -0.000018 -0.000017 -0.000017 -0.000016 -0.000013
0.000000 0.000000 0.000000 0.000000 0.000000 0.000000 0.000000 -0.000000 -0.000000 -0.000000 -0.000001 -0.000002 -0.000000 0.000006 0.000038 -0.000005 -0.000004 -0.000040 -0.000104 -0.000021 -0.000010 -0.000006 -0.000003 -0.000002 0.000000 0.000004 0.000010 0.000028 -0.000023 -0.000004 -0.000005 -0.000010 -0.000012 -0.000006 0.000000 0.000001 -0.000005 -0.000005 -0.000005 -0.000003 -0.000001 0.000000 -0.000002 -0.000001 0.000000 -0.000000 0.000000 0.000003 0.000008 0.000012 0.000014 0.000009 0.000009 -0.000036 -0.000243 -0.000013 -0.000007 -0.000006 -0.000005 -0.000004 -0.000002
0.000000 0.000000 0.000000 0.000000 0.000000 0.000000 -0.000000 -0.000000 -0.000000 -0.000000 -0.000001 -0.000001 -0.000000 0.000003 0.000005 0.000009 -0.000000 0.000000 -0.000129 -0.000031 -0.000013 -0.000002 0.000000 0.000001 0.000002 0.000007 0.000013 0.000037 -0.000012 -0.000013 -0.000011 -0.000003 -0.000005 -0.000005 0.000000 0.000001 -0.000003 -0.000002 -0.000001 0.000000 0.000001 -0.000004 -0.000003 -0.000000 0.000001 0.000007 0.000007 0.000005 0.000008 0.000022 0.000043 0.000238 -0.001900 -0.000468 -0.000282 -0.000021 -0.000018 -0.000017 -0.000012 -0.000005 -0.000000
0.000000 0.000000 0.000000 0.000000 0.000000 0.000000 -0.000000 -0.000000 -0.000000 -0.000000 -0.000001 -0.000001 -0.000001 0.000000 0.000002 0.000005 -0.000000 0.000000 -0.000031 -0.000013 -0.000004 0.000000 0.000003 0.000005 0.000002 0.000007 0.000013 0.000003 -0.000019 -0.000019 -0.000017 -0.000011 -0.000007 -0.000001 0.000000 -0.000001 -0.000003 -0.000002 -0.000000 0.000000 0.000003 -0.000010 -0.000005 -0.000000 0.000002 0.000010 0.000019 0.000000 0.000006 0.000030 0.000020 -0.000527 -0.000054 -0.000069 -0.000131 -0.000234 -0.000129 -0.000068 -0.000020 -0.000005 -0.000000
0.000000 0.000000 0.000000 0.000000 0.000000 0.000000 0.000000 -0.000000 -0.000000 -0.000000 -0.000008 -0.000018 -0.000008 0.000000 -0.000002 -0.000001 -0.000000 0.000001 -0.000011 -0.000012 -0.000001 0.000000 0.000004 0.000010 0.000005 0.000009 0.000269 -0.002853 -0.000198 -0.000177 -0.000135 -0.000042 -0.000006 -0.000000 0.000001 0.000006 -0.000003 -0.000001 -0.000000 0.000001 0.000002 -0.000038 -0.000005 -0.000000 0.000002 0.000016 0.000029 0.000003 0.000000 0.000010 0.000025 -0.000026 -0.000016 -0.000018 -0.000024 -0.000029 -0.000024 -0.000016 -0.000005 -0.000000 0.000003
0.000000 0.000000 0.000000 0.000000 0.000000 -0.000000 -0.000000 -0.000000 -0.000000 -0.000003 -0.000007 -0.000004 -0.000006 -0.000007 -0.000007 -0.000002 -0.000001 0.000000 0.000001 0.000007 -0.000000 0.000001 0.000011 0.000016 0.000008 0.000101 -0.000286 -0.000019 -0.000023 -0.000019 -0.000016 -0.000011 -0.000002 -0.000000 0.000002 0.000011 0.000010 -0.000000 -0.000000 0.000000 -0.000029 -0.000049 -0.000008 -0.000000 0.000003 0.000010 0.000019 0.000031 0.000000 0.000009 -0.001978 -0.000030 -0.000028 -0.000015 -0.000017 -0.000020 -0.000014 -0.000008 -0.000000 0.000005 0.000009
0.000000 0.000000 0.000000 0.000000 -0.000000 -0.000005 -0.000047 -0.000106 -0.000181 -0.000168 -0.000028 -0.000037 -0.000071 -0.000171 -0.000073 -0.000008 -0.000008 -0.000011 0.000000 0.000001 0.000002 0.000003 0.000009 0.000019 -0.000107 -0.000500 -0.000017 -0.000020 -0.000017 -0.000010 -0.000005 -0.000001 0.000000 0.000002 0.000009 0.000018 0.000007 -0.000002 -0.000006 -0.000061 -0.000197 -0.000070 -0.000004 -0.000000 0.000003 0.000022 0.000036 0.000084 0.000000 -0.000723 -0.000019 -0.000018 -0.000014 -0.000010 -0.000008 -0.000015 -0.000008 -0.000001 0.000000 0.000010 0.000015
0.000000 0.000000 0.000000 -0.000000 -0.000000 -0.000000 -0.000001 -0.000001 -0.000009 -0.000057 -0.000199 -0.000184 -0.000169 -0.000036 -0.000033 -0.000048 -0.000021 -0.000002 0.000000 0.000005 0.000008 0.000003 0.000010 0.000228 -0.000529 -0.000023 -0.000016 -0.000011 -0.000008 -0.000007 -0.000005 -0.000000 0.000002 0.000009 0.000016 0.000019 -0.000008 -0.000097 -0.000295 -0.000184 -0.000009 -0.000003 -0.000001 0.000000 0.000005 0.000012 0.000029 0.000115 -0.000027 -0.000015 -0.000013 -0.000014 -0.000006 -0.000007 -0.000013 -0.000006 -0.000006 0.000000 0.000005 0.000018 0.000026
0.000000 0.000000 0.000000 0.000000 0.000000 -0.000000 -0.000000 -0.000000 -0.000000 -0.000001 -0.000003 -0.000008 -0.000014 -0.000007 -0.000001 0.000000 0.000000 0.000000 0.000003 0.000009 0.000015 0.000014 0.000211 -0.000859 -0.000021 -0.000016 -0.000011 -0.000008 -0.000005 -0.000001 0.000000 0.000002 0.000009 0.000017 0.000031 0.000025 -0.000192 -0.000089 -0.000016 -0.000009 -0.000004 -0.000000 0.000002 0.000004 0.000008 0.000021 0.000023 -0.000276 -0.000005 -0.000005 -0.000005 -0.000006 -0.000014 -0.000018 -0.000020 -0.000017 -0.000012 0.000000 0.000004 0.000045 0.000107
0.000000 0.000000 0.000000 0.000000 0.000000 -0.000000 -0.000000 -0.000000 -0.000000 -0.000001 -0.000003 -0.000005 -0.000009 -0.000004 0.000000 0.000001 0.000006 0.000008 0.000014 0.000022 0.000021 -0.002543 -0.000597 -0.000019 -0.000014 -0.000011 -0.000006 -0.000003 -0.000002 -0.000000 0.000000 0.000003 0.000008 0.000021 0.000021 0.000426 -0.000543 -0.000129 -0.000012 -0.000004 0.000000 0.000000 0.000008 0.000015 0.000022 0.000036 0.000470 -0.000630 -0.000209 -0.000067 -0.000150 -0.000278 -0.000183 -0.000145 -0.000105 -0.000051 -0.000007 0.000000 0.000002 0.000012 0.000019
0.000000 0.000000 0.000000 0.000000 0.000000 -0.000000 -0.000000 -0.000000 -0.000000 -0.000001 -0.000001 -0.000001 -0.000003 -0.000001 0.000000 0.000006 0.000020 0.000029 0.000026 0.001451 -0.000051 -0.000027 -0.000026 -0.000015 -0.000009 -0.000006 -0.000002 -0.000002 -0.000004 -0.000001 0.000000 0.000003 0.000037 0.000096 0.000140 0.000152 -0.000021 -0.000021 -0.000008 -0.000002 0.000000 0.000004 0.000015 0.000024 0.000009 0.000017 -0.000285 -0.000078 -0.000117 -0.000271 -0.000199 -0.000023 -0.000021 -0.000027 -0.000024 -0.000014 -0.000003 0.000000 0.000003 0.000005 0.000006
