001_floodsim/hipims_case/output/hUx_3600.asc
ncols 269
nrows 269
xllcorner 0.000000
yllcorner 0.000000
cellsize 10.000000
NODATA_value -9999.000000
[rows 216 to 242 of 269, columns 60 to 119 of 269]
0.000000 0.000004 0.000006 0.000006 0.000009 0.000004 0.000003 0.000008 0.000002 -0.000011 -0.000002 -0.000001 0.000000 0.000001 -0.000023 -0.000026 -0.000020 -0.000013 -0.000004 -0.000000 0.000002 0.000005 0.000025 -0.000052 -0.000042 -0.000007 0.000000 0.000000 0.000005 0.000010 0.000013 0.000008 0.000013 0.000128 -0.000005 -0.000002 0.000000 0.000000 0.000002 0.000003 0.000003 0.000004 0.163417 0.263501 0.313407 0.287403 -0.000005 -0.000008 -0.000007 -0.000004 -0.000002 -0.000001 -0.000000 -0.000000 0.000000 0.000002 0.000003 0.000002 0.000000 -0.000000
0.000000 0.000007 0.000013 0.000014 0.000013 0.000006 0.000005 0.000005 0.000008 -0.000006 -0.000009 -0.000001 0.000000 0.000001 -0.000086 -0.000014 -0.000019 -0.000012 -0.000003 -0.000000 0.000002 -0.000007 -0.000052 -0.000010 -0.000011 -0.000015 -0.000001 0.000000 0.000002 0.000004 0.000006 0.000011 0.000018 0.000015 -0.000006 -0.000001 0.000000 0.000000 0.000001 0.000003 0.000002 0.000002 0.328062 0.384839 0.441712 0.471092 -0.000007 -0.000006 -0.000007 -0.000004 -0.000002 -0.000001 -0.000001 -0.000000 0.000000 0.000000 0.000001 0.000000 0.000000 0.000001
0.000005 0.000013 0.000018 0.000014 -9999.000000 -9999.000000 -9999.000000 -0.000002 -0.000000 0.000000 0.000000 0.000001 -0.000001 -0.000002 -0.000003 -0.000013 -0.000015 -0.000011 -0.000003 -0.000000 -0.000005 -0.000053 -0.000007 -0.000001 0.000000 0.000001 0.000002 0.000000 0.000004 0.000009 0.000013 0.000022 0.000010 -0.000002 -0.000005 -0.000001 0.000000 0.000000 0.000001 0.000002 0.000004 0.502504 0.655954 0.329539 0.161868 -0.000005 -0.000002 -0.000003 -0.000002 -0.000002 -0.000001 -0.000001 -0.000001 -0.000000 -0.000000 0.000000 0.000001 -0.000000 -0.000000 -0.000001
0.000008 0.000011 -9999.000000 -9999.000000 -9999.000000 -9999.000000 -9999.000000 -9999.000000 -0.000000 0.000000 0.000002 0.000005 0.000040 -0.000018 -0.000006 -0.000008 -0.000011 -0.000007 -0.000001 -0.000000 -0.000058 -0.000015 -0.000006 -0.000000 0.000000 0.000006 0.000013 0.000010 0.000008 0.000009 0.000014 0.000013 0.000009 -0.000020 -0.000005 -0.000001 0.000000 0.000001 0.000001 0.000008 0.000013 0.122440 0.198361 0.005362 -0.151788 -0.000004 -0.000017 -0.000028 -0.000006 -0.000004 -0.000003 -0.000003 -0.000004 -0.000001 -0.000000 -0.000000 -0.000003 -0.000002 -0.000000 -0.000010
-9999.000000 -9999.000000 -9999.000000 -9999.000000 -9999.000000 -9999.000000 -9999.000000 -9999.000000 -9999.000000 0.000000 0.000002 0.000006 0.000005 0.000011 -0.000022 -0.000009 -0.000011 -0.000006 -0.000015 -0.000061 -0.000075 -0.000015 -0.000010 -0.000001 0.000000 0.000006 0.000022 0.000023 0.000014 0.000009 0.000011 0.000011 0.000111 -0.000006 -0.000003 -0.000001 0.000000 0.000000 0.000001 0.000002 0.000005 -0.151362 -0.069999 -0.460995 -0.613674 -0.000005 -0.000004 -0.000014 -0.000019 -0.000011 -0.000004 -0.000003 -0.000003 -0.000003 -0.000005 -0.000005 -0.000007 -0.000006 -0.000010 -0.000011
-9999.000000 -9999.000000 -9999.000000 -9999.000000 -9999.000000 -9999.000000 -9999.000000 -9999.000000 -9999.000000 -9999.000000 0.000000 0.000002 0.000005 0.000003 -0.000002 -0.000018 -0.000008 -0.000008 -0.000016 -0.000012 -0.000006 -0.000005 -0.000004 -0.000002 0.000000 0.000003 0.000011 0.000031 0.000018 0.000014 0.000012 0.000009 0.000014 -0.000005 -0.000001 -0.000001 0.000000 0.000001 0.000003 0.000006 0.000012 -0.578550 -0.653524 -1.132667 -1.422579 -1.289969 -0.000006 -0.000005 -0.000002 -0.000000 0.000001 -0.000049 -0.000020 -0.000030 -0.000019 -0.000021 -0.000014 -0.000016 -0.000012 -0.000009
-9999.000000 -9999.000000 -9999.000000 -9999.000000 -9999.000000 -9999.000000 -9999.000000 -9999.000000 -9999.000000 -9999.000000 0.000000 0.000004 0.000014 0.000009 0.000021 -0.000008 -0.000016 -0.000007 -0.000013 -0.000009 -0.000014 -0.000011 -0.000007 -0.000001 0.000000 0.000005 0.000014 0.000017 0.000025 0.000017 0.000016 0.000024 -0.000004 -0.000013 -0.000009 -0.000001 0.000000 0.000002 0.000005 0.000061 0.000000 0.000000 -0.644372 -0.625666 -0.826749 -0.872687 -0.000007 -0.000002 -0.000001 -0.000000 -0.000000 -0.000003 -0.000003 -0.000004 -0.000006 -0.000009 -0.000008 -0.000007 -0.000012 -0.000019
-9999.000000 -9999.000000 -9999.000000 -9999.000000 -9999.000000 -9999.000000 -9999.000000 -9999.000000 -9999.000000 -9999.000000 -9999.000000 0.000000 0.000004 0.000010 0.000004 -0.000002 -0.000009 -0.000019 -0.000009 -0.000013 -0.000016 -0.000011 -0.000005 -0.000000 0.000000 0.000005 0.000013 0.000016 0.000011 0.000019 0.000009 0.000010 -0.000007 -0.000005 -0.000002 -0.000000 0.000005 0.000016 0.000013 0.000000 0.000000 0.000003 -0.929273 -1.018847 -1.034111 -1.164579 -0.925157 -0.000006 -0.000004 -0.000002 -0.000002 -0.000005 -0.000004 -0.000006 -0.000006 -0.000007 -0.000006 -0.000006 -0.000007 -0.000007
-9999.000000 -9999.000000 -9999.000000 -9999.000000 -9999.000000 -9999.000000 -9999.000000 -9999.000000 -9999.000000 -9999.000000 -9999.000000 0.000000 0.000005 0.000012 0.000007 0.000003 -0.000003 -0.000003 -0.000012 -0.000010 -0.000012 -0.000008 -0.000003 -0.000000 0.000000 0.000002 0.000010 0.000013 0.000008 0.000006 0.000005 0.000019 -0.000005 -0.000004 -0.000000 -0.000000 0.000001 0.000001 0.000000 0.000001 0.000003 0.000003 0.000004 -0.613689 -0.570644 -0.421465 -0.358245 -0.000025 -0.000014 -0.000006 -0.000005 -0.000003 -0.000005 -0.000003 -0.000002 -0.000003 -0.000003 -0.000003 -0.000003 -0.000003
-9999.000000 -9999.000000 -9999.000000 -9999.000000 -9999.000000 -9999.000000 -9999.000000 -9999.000000 -9999.000000 -9999.000000 -9999.000000 0.000000 0.000004 0.000011 0.000013 0.000009 0.000007 0.000000 0.000000 -0.000006 -0.000007 -0.000004 -0.000003 -0.000000 0.000000 0.000002 0.000005 0.000006 0.000026 0.000020 0.000014 -0.000019 -0.000004 -0.000004 -0.000002 -0.000002 -0.000001 -0.000000 0.000000 0.000002 0.000006 0.000014 0.000011 -0.761242 -0.783931 -0.542555 -0.587836 -0.000004 -0.000002 -0.000002 -0.000006 -0.000004 -0.000001 0.000000 -0.000000 -0.000006 -0.000007 -0.000006 -0.000006 -0.000005
-9999.000000 -9999.000000 -9999.000000 -9999.000000 -9999.000000 -9999.000000 -9999.000000 -9999.000000 -9999.000000 -9999.000000 -9999.000000 0.000000 0.000004 0.000011 0.000013 0.000012 0.000025 0.000004 0.000002 0.000003 0.000002 0.000009 0.000004 0.000001 0.000000 0.000004 0.000016 0.000023 0.000005 0.000003 0.000001 -0.000011 -0.000007 -0.000005 -0.000006 -0.000009 -0.000003 0.000000 0.000001 0.000004 0.000008 0.000009 0.000004 -0.975760 -1.197541 -1.173521 -1.146562 -0.000001 -0.000000 -0.000000 -0.000009 -0.000004 -0.000001 0.000000 -0.000000 -0.000007 -0.000008 -0.000006 -0.000006 -0.000003
-9999.000000 -9999.000000 -9999.000000 -9999.000000 -9999.000000 -9999.000000 -9999.000000 -9999.000000 -9999.000000 -9999.000000 -9999.000000 -9999.000000 0.000000 0.000006 0.000011 0.000014 0.000101 -0.000002 -0.000000 0.000000 0.000003 0.000006 0.000003 0.000002 0.000002 0.000005 -0.000000 0.000000 0.000001 0.000006 0.000004 -0.000006 -0.000010 -0.000007 -0.000006 -0.000008 -0.000002 0.000000 0.000000 0.000009 0.000011 0.000006 0.000002 0.000003 -1.213699 -1.577089 -2.661834 -1.979979 -1.473441 -0.000000 -0.000006 -0.000003 -0.000001 0.000000 -0.000000 -0.000002 -0.000004 -0.000002 -0.000000 0.000001
-9999.000000 -9999.000000 -9999.000000 -9999.000000 -9999.000000 -9999.000000 -9999.000000 -9999.000000 -9999.000000 -9999.000000 -9999.000000 -9999.000000 0.000000 0.000003 0.000020 0.000039 0.000005 -0.000007 -0.000001 -0.000000 0.000003 0.000008 0.000013 0.000008 0.000005 0.000005 -0.000000 0.000000 0.000002 0.000012 -0.000003 -0.000011 -0.000012 -0.000007 -0.000003 -0.000004 -0.000002 0.000000 0.000001 0.000009 0.000006 0.000002 0.000004 0.000002 -0.928666 -1.093392 -2.480016 -2.857257 -2.949699 -1.880689 -1.191291 -0.000006 -0.000002 0.000000 -0.000004 -0.000003 -0.000001 -0.000000 0.000001 0.000003
-9999.000000 -9999.000000 -9999.000000 -9999.000000 -9999.000000 -9999.000000 -9999.000000 -9999.000000 -9999.000000 -9999.000000 -9999.000000 -9999.000000 0.000000 0.000002 0.000012 0.000038 -0.000028 -0.000013 -0.000003 -0.000000 0.000002 0.000006 0.000011 0.000011 0.000011 0.000011 -0.000000 0.000000 0.000001 -0.000017 -0.000011 -0.000014 -0.000012 -0.000008 -0.000002 -0.000001 -0.000001 0.000000 0.000003 0.000005 0.000010 0.000006 0.000005 0.000002 -0.771302 -0.945252 -1.909811 -2.023966 -2.010384 -1.674413 -1.204236 -0.000008 -0.000016 -0.000006 -0.000021 -0.000006 -0.000000 0.000001 0.000001 -0.000028
-9999.000000 -9999.000000 -9999.000000 -9999.000000 -9999.000000 -9999.000000 -9999.000000 -9999.000000 -9999.000000 -9999.000000 -9999.000000 -9999.000000 -0.000000 0.000000 0.000010 0.000065 -0.000019 -0.000015 -0.000008 -0.000000 -0.000000 0.000004 0.000012 0.000020 0.000019 0.000023 0.000000 0.000001 0.000001 -0.000044 -0.000019 -0.000014 -0.000011 -0.000007 -0.000001 0.000000 0.000000 0.000008 0.000012 0.000015 0.000015 0.000021 0.000029 0.000016 0.000001 0.000000 -1.506608 -1.845199 -2.268350 -2.310032 -2.161943 -1.743537 -0.000002 -0.000003 -0.000001 -0.000000 -0.000000 0.000001 -0.000027 -0.000005
-9999.000000 -9999.000000 -9999.000000 -9999.000000 -9999.000000 -9999.000000 -9999.000000 -9999.000000 -9999.000000 -9999.000000 -9999.000000 -9999.000000 -9999.000000 0.000000 0.000009 0.000036 -0.000015 -0.000025 -0.000012 -0.000004 -0.000000 0.000003 0.000010 0.000016 0.000021 0.000013 0.000000 0.000001 0.000004 -0.000037 -0.000018 -0.000014 -0.000010 -0.000003 -0.000000 0.000000 0.000004 0.000011 0.000019 0.000019 0.000016 0.000007 0.000005 0.000002 0.000002 0.000001 -0.000000 0.000000 -1.711089 -1.660675 -1.574263 -1.557692 -1.406514 -0.000002 -0.000000 -0.000000 -0.000001 -0.000009 -0.000004 -0.000003
-9999.000000 -9999.000000 -9999.000000 -9999.000000 -9999.000000 -9999.000000 -9999.000000 -9999.000000 -9999.000000 -9999.000000 -9999.000000 -9999.000000 -9999.000000 0.000000 0.000007 -0.000009 -0.000019 -0.000020 -0.000013 -0.000006 -0.000000 0.000002 0.000006 0.000014 0.000037 -0.000000 0.000000 0.000004 0.000013 -0.000067 -0.000018 -0.000013 -0.000007 -0.000002 0.000000 0.000001 0.000007 0.000007 0.000039 0.000063 0.000204 -0.000003 -0.000000 0.000000 0.000001 0.000002 0.000000 0.000001 0.000002 -1.053569 -1.164914 -1.665341 -1.773458 -1.627815 -0.000000 0.000000 -0.000042 -0.000004 -0.000002 -0.000001
-9999.000000 -9999.000000 -9999.000000 -9999.000000 -9999.000000 -9999.000000 -9999.000000 -9999.000000 -9999.000000 -9999.000000 -9999.000000 -9999.000000 -9999.000000 0.000000 -0.000003 -0.000007 -0.000014 -0.000017 -0.000009 -0.000005 -0.000000 0.000000 0.000009 0.000017 0.000008 0.000000 0.000002 0.000005 0.000045 -0.000047 -0.000035 -0.000026 -0.000014 -0.000002 0.000000 0.000004 0.000005 0.000011 0.000015 0.000020 0.000042 -0.000003 -0.000001 -0.000000 0.000000 0.000003 0.000005 0.000004 0.000006 -1.556344 -1.643719 -2.083343 -2.207448 -1.894814 -1.791113 -0.000004 -0.000002 -0.000002 -0.000003 -0.000002
-9999.000000 -9999.000000 -9999.000000 -9999.000000 -9999.000000 -9999.000000 -9999.000000 -9999.000000 -9999.000000 -9999.000000 -9999.000000 -9999.000000 -9999.000000 -9999.000000 -0.000002 -0.000005 -0.000008 -0.000012 -0.000012 -0.000010 -0.000003 0.000000 0.000006 0.000009 0.000002 0.000003 0.000009 0.000067 -0.000004 -0.000013 -0.000018 -0.000016 -0.000010 -0.000002 0.000000 0.000004 0.000010 0.000023 0.000030 0.000023 0.000039 -0.000005 -0.000000 -0.000000 0.000000 0.000002 0.000004 0.000007 0.000066 -0.000000 -1.713160 -1.939348 -2.195698 -2.451883 -2.485339 -1.599211 -1.158334 -0.000000 -0.000004 -0.000003
-9999.000000 -9999.000000 -9999.000000 -9999.000000 -9999.000000 -9999.000000 -9999.000000 -9999.000000 -9999.000000 -9999.000000 -9999.000000 -9999.000000 -9999.000000 -9999.000000 -0.000009 -0.000015 -0.000018 -0.000012 -0.000006 -0.000002 0.000000 0.000005 0.000005 0.000005 0.000005 0.000009 0.000068 0.000008 -0.000004 -0.000005 -0.000014 -0.000014 -0.000006 -0.000001 0.000000 0.000008 0.000020 0.000017 0.000010 0.000014 0.000010 0.000005 -0.000000 -0.000000 0.000000 0.000001 0.000002 0.000004 0.000001 -0.000001 0.000000 -1.362891 -1.516015 -2.423896 -2.534926 -2.429253 -2.076653 -1.836053 -1.337392 -1.140106
-9999.000000 -9999.000000 -9999.000000 -9999.000000 -9999.000000 -9999.000000 -9999.000000 -9999.000000 -9999.000000 -9999.000000 -9999.000000 -9999.000000 -9999.000000 -9999.000000 -9999.000000 -0.000004 -0.000011 -0.000017 -0.000006 -0.000000 0.000000 0.000002 0.000008 0.000012 0.000013 0.000025 0.000011 -0.000000 -0.000003 -0.000006 -0.000007 -0.000017 -0.000010 -0.000001 0.000000 0.000003 0.000009 0.000018 0.000018 0.000009 0.000005 0.000018 -0.000000 0.000000 0.000001 0.000003 0.000005 0.000024 -0.000001 0.000000 0.000002 0.000005 -0.000000 -2.013032 -2.176407 -2.578807 -2.623863 -2.675478 -2.754569 -2.881119
-9999.000000 -9999.000000 -9999.000000 -9999.000000 -9999.000000 -9999.000000 -9999.000000 -9999.000000 -9999.000000 -9999.000000 -9999.000000 -9999.000000 -9999.000000 -9999.000000 -9999.000000 -0.000003 -0.000008 -0.000008 -0.000003 0.000000 0.000000 0.000007 0.000014 0.000087 0.000066 -0.000000 -0.000007 -0.000002 0.000000 -0.000002 -0.000005 -0.000007 -0.000003 0.000000 0.000001 0.000022 0.000022 0.000035 0.000054 0.000063 0.000044 0.000003 -0.000000 0.000000 0.000001 0.000006 0.000040 -0.000002 0.000000 0.000002 0.000002 0.000003 -0.000000 0.000000 -1.627394 -1.744725 -2.078223 -2.435493 -2.596339 -2.723048
-9999.000000 -9999.000000 -9999.000000 -9999.000000 -9999.000000 -9999.000000 -9999.000000 -9999.000000 -9999.000000 -9999.000000 -9999.000000 -9999.000000 -9999.000000 -9999.000000 -9999.000000 -9999.000000 -0.000003 -0.000005 -0.000002 0.000000 0.000002 0.000026 0.000052 0.000022 -0.000002 -0.000000 -0.000007 -0.000003 0.000000 0.000002 0.000005 -0.000004 -0.000002 0.000000 0.000005 0.000013 0.000045 0.000028 0.000012 0.000022 0.000010 0.000011 0.000008 0.000000 0.000002 0.000028 -0.000001 -0.000000 0.000000 0.000001 -0.000022 -0.000003 -0.000001 -0.000000 0.000000 -0.930586 -1.131386 -1.575048 -2.026337 -2.368340
-9999.000000 -9999.000000 -9999.000000 -9999.000000 -9999.000000 -9999.000000 -9999.000000 -9999.000000 -9999.000000 -9999.000000 -9999.000000 -9999.000000 -9999.000000 -9999.000000 -9999.000000 -9999.000000 -9999.000000 -0.000001 -0.000001 0.000000 0.000005 0.000010 0.000011 0.000005 -0.000002 -0.000004 -0.000003 -0.000001 0.000000 0.000002 0.000003 -0.000001 -0.000001 0.000000 0.000005 0.000011 0.000015 0.000023 0.000051 0.000015 0.000014 0.000012 0.000013 0.000005 0.000011 -0.000010 -0.000002 -0.000000 0.000001 0.000004 -0.000006 -0.000005 -0.000004 -0.000002 -0.000000 -0.000001 -0.000000 0.000000 0.000004 0.000008
-9999.000000 -9999.000000 -9999.000000 -9999.000000 -9999.000000 -9999.000000 -9999.000000 -9999.000000 -9999.000000 -9999.000000 -9999.000000 -9999.000000 -9999.000000 -9999.000000 -9999.000000 -9999.000000 -9999.000000 -9999.000000 -9999.000000 0.000000 0.000002 0.000004 0.000006 0.000002 -0.000002 -0.000002 -0.000001 0.000000 0.000001 0.000002 0.000002 0.000002 0.000002 0.000003 0.000004 0.000005 0.000006 0.000016 0.000022 0.000006 0.000004 0.000010 0.000035 0.000094 -0.000003 -0.000003 -0.000002 -0.000000 0.000000 0.000002 0.000001 -0.000001 -0.000003 -0.000002 -0.000001 -0.000000 -0.000000 0.000000 0.000001 0.000003
-9999.000000 -9999.000000 -9999.000000 -9999.000000 -9999.000000 -9999.000000 -9999.000000 -9999.000000 -9999.000000 -9999.000000 -9999.000000 -9999.000000 -9999.000000 -9999.000000 -9999.000000 -9999.000000 -9999.000000 -9999.000000 -9999.000000 -9999.000000 0.000000 0.000001 -0.000004 -0.000003 -0.000000 0.000000 0.000001 0.000001 0.000005 0.000006 0.000003 -0.000002 0.000000 0.000001 0.000006 0.000011 0.000015 0.000091 0.000003 0.000004 0.000010 0.000020 0.000018 0.000014 -0.000002 -0.000001 -0.000002 -0.000002 0.000000 0.000001 0.000009 0.000005 -0.000003 -0.000004 -0.000002 -0.000000 0.000000 0.000001 0.000004 0.000009
-9999.000000 -9999.000000 -9999.000000 -9999.000000 -9999.000000 -9999.000000 -9999.000000 -9999.000000 -9999.000000 -9999.000000 -9999.000000 -9999.000000 -9999.000000 -9999.000000 -9999.000000 -9999.000000 -9999.000000 -9999.000000 -9999.000000 -9999.000000 -9999.000000 -9999.000000 -0.000001 -0.000001 0.000000 0.000001 0.000004 0.000006 0.000009 0.000008 -0.000003 -0.000004 0.000000 0.000003 0.000009 0.000015 0.000099 0.000039 0.000000 0.000001 0.000007 0.000016 0.000016 0.000046 -0.000002 -0.000000 0.000000 0.000001 0.000005 0.000005 0.000006 0.000007 -0.000020 -0.000012 -0.000004 -0.000003 -0.000000 0.000000 0.000000 0.000001
