001_floodsim/hipims_case/output/hUx_900.asc
ncols 269
nrows 269
xllcorner 0.000000
yllcorner 0.000000
cellsize 10.000000
NODATA_value -9999.000000
[rows 27 to 53 of 269, columns 122 to 182 of 269]
0.000000 0.000000 0.000000 0.000000 0.000000 -0.000000 -0.000001 -0.000009 -0.000000 -0.000000 -0.000000 -0.000000 0.000024 0.000232 -0.000967 -0.000817 -0.001910 -0.000383 -0.000008 0.000000 0.000068 0.000927 -0.000409 -0.000233 -0.000035 -0.000000 0.000000 0.000008 0.000030 0.007542 -0.223884 -0.000593 -0.000065 -0.000010 -0.000000 0.000022 0.000035 -0.000050 -0.000241 -0.000107 -0.000088 -0.000022 -0.000000 0.000012 0.000046 0.000011 -0.000013 0.000000 0.000010 -0.000696 -0.000188 -0.000014 -0.000000 -0.000210 -0.000445 -0.000208 -0.000125 -0.000091 -0.000121 -0.000157 -0.000180
0.000000 0.000000 0.000000 0.000000 -0.000000 -0.000000 0.000000 -0.000000 -0.000000 -0.000000 -0.000000 -0.000000 0.000006 0.000029 0.004933 -0.000912 -0.000121 -0.000075 -0.000000 0.000032 0.000466 -0.000735 -0.000286 -0.000093 -0.000000 -0.000017 -0.000006 0.000000 0.000064 0.227321 -0.000526 -0.000150 -0.000045 -0.000000 0.000006 0.000073 0.000394 -0.000243 -0.000172 -0.000153 -0.000079 -0.000012 -0.000000 0.000021 0.000068 0.000154 -0.000003 0.000000 -0.000412 -0.000816 -0.000053 -0.000000 0.000013 -0.000358 -0.000625 -0.000350 -0.000401 -0.000654 -0.001117 -0.000945 -0.000432
0.000000 0.000000 0.000000 0.000000 0.000000 -0.000000 0.000000 0.000000 -0.000000 -0.000000 -0.000000 -0.000000 0.000015 0.000056 0.001824 -0.000043 -0.000043 -0.000021 -0.000006 0.000000 0.000027 0.004602 -0.000131 -0.000000 0.000017 -0.000030 -0.000019 0.000000 -0.001012 -0.005168 -0.000159 -0.000094 -0.000054 -0.000000 0.000023 0.000123 0.001239 -0.000214 -0.000237 -0.000199 -0.000078 -0.000011 -0.000000 0.000020 0.000032 0.000187 -0.000000 0.000009 -0.000863 -0.000239 -0.000016 -0.000000 -0.000442 -0.033182 -0.004416 -0.004218 -0.002599 -0.001944 -0.000145 -0.000139 -0.000068
0.000000 0.000000 0.000000 -0.000077 -0.000749 -0.000034 0.000000 0.000000 0.000000 -0.000000 -0.000000 0.000000 0.000010 0.000020 -0.004509 -0.000132 -0.000101 -0.000021 -0.000000 0.000019 0.000076 0.004697 -0.000275 -0.000872 -0.000504 -0.000897 -0.001216 -0.002138 -0.008054 -0.000233 -0.000100 -0.000030 -0.000009 0.000000 0.000153 0.000693 0.002938 -0.000285 -0.000271 -0.000279 -0.000097 -0.000003 -0.000000 0.000020 0.000163 -0.000163 -0.000000 0.000026 0.000116 -0.000208 -0.000119 -0.002179 -0.006765 -0.000140 -0.000136 -0.000141 -0.000108 -0.000064 -0.000055 -0.000037 -0.000026
0.000000 0.000000 0.000000 0.000000 -0.001448 -0.022787 -0.008606 0.000000 0.000000 0.000000 0.000000 0.000000 0.000033 -0.003997 -0.002629 -0.000174 -0.000098 -0.000000 0.000005 0.000046 0.000092 0.015282 -0.012502 -0.000166 -0.000026 -0.000000 0.000016 -0.000254 -0.000231 -0.000202 -0.000076 -0.000024 0.000000 0.000008 0.000062 0.000130 0.000163 0.004363 -0.001906 -0.000127 -0.000026 -0.000000 0.000008 0.000046 0.000303 -0.000001 0.000026 -0.010688 -0.033449 -0.016666 -0.007743 -0.007337 -0.000179 -0.000133 -0.000088 -0.000089 -0.000072 -0.000015 0.000000 -0.000031 -0.000036
0.000000 0.000000 0.000000 0.000000 0.000000 0.000000 -0.012925 -0.023924 -0.014654 -0.019563 -0.024637 -0.027075 -0.019243 -0.029885 -0.030626 -0.000162 -0.000080 -0.000000 0.000010 0.000045 -0.008621 -0.015980 -0.000128 -0.000106 -0.000039 -0.000000 0.000009 -0.000089 -0.000146 -0.000202 -0.000049 -0.000009 0.000000 0.000007 0.000043 0.000076 0.000099 0.000120 0.000582 -0.000151 -0.000022 -0.000000 0.000034 0.001811 -0.002857 -0.009527 -0.014418 -0.008940 -0.000568 -0.000135 -0.000131 -0.000128 -0.000118 -0.000083 -0.000032 -0.000022 -0.000012 -0.000000 0.000011 0.000032 -0.000149
0.000000 0.000000 0.000000 0.000000 0.000000 0.000000 0.000000 0.000000 0.000000 -0.000048 -0.000036 -0.000002 0.000000 0.000178 -0.018494 -0.000094 -0.000013 -0.000000 0.000007 -0.005796 -0.010558 -0.000133 -0.000101 -0.000051 -0.000031 -0.000014 -0.000008 0.000000 0.000002 -0.000164 -0.000025 -0.000016 0.000000 0.000012 0.000023 0.000027 0.000032 0.000040 0.002554 0.000786 -0.000000 0.000003 -0.012105 -0.059310 -0.010719 -0.000197 -0.000092 -0.000068 -0.000102 -0.000084 -0.000092 -0.000096 -0.000072 -0.000039 -0.000056 -0.000020 -0.000000 0.000018 0.000038 0.000011 -0.000187
0.000000 0.000000 0.000000 0.000000 0.000000 0.000000 0.000000 0.000000 0.000000 0.000000 -0.000006 -0.000006 0.000000 0.000065 0.002422 -0.002060 -0.000612 -0.001908 -0.007662 -0.012559 -0.000122 -0.000082 -0.000029 -0.000011 0.000000 -0.000084 -0.000031 0.000000 0.000005 -0.000025 -0.000038 -0.000008 -0.000000 0.000000 0.000032 0.000065 0.000090 0.000124 0.001952 -0.030393 -0.022466 -0.027578 -0.016061 -0.000277 -0.000178 -0.000134 -0.000096 -0.000114 -0.000105 -0.000067 -0.000064 -0.000029 -0.000010 -0.000000 0.000009 0.000018 -0.000000 0.000016 0.000073 -0.000325 -0.000272
0.000000 0.000000 0.000000 0.000000 0.000000 0.000000 0.000000 0.000000 0.000000 0.000000 0.000000 0.000000 0.000000 0.000066 -0.005193 -0.012720 -0.006654 -0.005360 -0.000208 -0.000080 -0.000110 -0.000058 -0.000058 -0.000009 0.000000 -0.000060 -0.000016 0.000000 -0.000067 -0.000041 -0.000000 0.000000 -0.000000 0.000002 0.000023 0.000082 0.000150 0.000164 -0.030853 -0.026959 -0.000139 -0.000105 -0.000138 -0.000205 -0.000294 -0.000259 -0.000178 -0.000070 -0.000026 -0.000019 -0.000008 -0.000000 0.000003 0.000036 0.000061 0.000052 -0.000000 -0.000001 -0.000636 -0.000441 -0.000127
0.000000 0.000000 0.000000 0.000000 0.000000 0.000000 0.000000 0.000000 0.000000 0.000000 0.000000 0.000000 0.000000 0.000073 0.005353 -0.007539 -0.000031 -0.000069 -0.000081 -0.000038 -0.000070 -0.000093 -0.000010 -0.000001 0.000000 -0.000001 -0.000000 -0.000002 -0.000121 -0.000107 -0.000003 0.000000 0.000003 0.000007 0.000006 0.000082 0.000129 0.003917 -0.017026 -0.000103 -0.000081 -0.000045 -0.000071 -0.000080 -0.000111 -0.000080 -0.000065 -0.000033 -0.000032 -0.000006 -0.000000 0.000016 0.000047 0.000067 0.000036 0.000018 -0.000085 -0.000679 -0.000948 -0.000087 -0.000000
0.000000 0.000000 0.000000 0.000000 0.000000 0.000000 0.000000 0.000000 0.000000 0.000000 0.000000 0.000000 0.000000 0.000233 0.000947 -0.007743 -0.000105 -0.000029 -0.000041 -0.000047 -0.000068 -0.000030 -0.000000 -0.000000 0.000000 -0.000245 -0.000538 -0.000599 -0.000258 -0.000033 -0.000000 0.000018 0.000080 0.000097 0.000011 0.000042 0.000499 -0.007298 -0.000034 -0.000041 -0.000046 -0.000069 -0.000027 -0.000033 -0.000034 -0.000022 -0.000013 -0.000000 0.000009 0.000024 0.000029 0.000044 0.000079 0.000101 0.000219 -0.000504 -0.000923 -0.000697 -0.000273 -0.000128 -0.000199
0.000000 -0.000000 -0.000000 -0.000001 -0.000004 0.000000 0.000000 0.000000 0.000000 -0.000000 -0.000000 0.000000 0.000032 0.000234 0.000176 0.002115 -0.005973 -0.000077 -0.000105 -0.000050 -0.000007 -0.000000 0.000000 -0.000051 -0.000316 -0.000910 -0.000035 -0.000032 -0.000002 -0.000000 0.000034 0.000076 0.000048 0.000051 0.000003 0.000000 -0.001144 -0.004886 -0.000084 -0.000143 -0.000136 -0.000158 -0.000153 -0.000132 -0.000090 -0.000024 -0.000000 0.000015 0.000064 0.000088 0.000061 0.000119 0.000153 0.000031 -0.001437 -0.000525 -0.000317 -0.000233 -0.000105 -0.000179 -0.000177
0.000000 -0.000000 -0.000000 -0.000003 -0.000229 -0.000075 0.000000 0.000000 -0.000000 -0.000000 -0.000000 0.000001 0.000446 0.000190 0.000093 0.000237 -0.026427 -0.015060 -0.005044 -0.001137 -0.000128 -0.000014 0.000000 -0.000062 -0.000166 -0.000129 -0.000002 -0.000000 0.000019 0.000029 0.000026 0.000063 0.000337 -0.010628 -0.016140 -0.014600 -0.023467 -0.014821 -0.005850 -0.000122 -0.000159 -0.000156 -0.000084 -0.000039 -0.000019 -0.000000 0.000002 0.000045 0.000156 0.000185 0.000108 0.000163 -0.002134 -0.008601 -0.010116 -0.000393 -0.000171 -0.000001 0.000013 -0.000431 -0.000177
0.000000 0.000000 0.000000 0.000000 0.000000 -0.000777 -0.009250 -0.006148 -0.004605 -0.000000 -0.000000 0.000001 0.000192 -0.000000 0.000000 0.000038 0.000094 0.000243 -0.017210 -0.023615 -0.026852 -0.035955 -0.016425 -0.002341 -0.000148 -0.000013 -0.000000 0.000011 0.000147 0.001187 -0.008881 -0.027484 -0.021719 -0.009994 -0.001257 -0.000714 -0.000060 -0.000002 -0.000662 -0.003430 -0.000289 -0.000185 -0.000112 -0.000013 -0.000003 -0.000000 0.000027 0.000066 0.000144 0.000468 -0.019573 -0.030669 -0.029407 -0.033914 -0.051288 -0.052818 -0.009226 -0.003877 -0.010421 -0.004820 -0.000940
0.000000 0.000000 0.000000 0.000000 0.000000 0.000000 0.000000 0.000000 -0.001319 -0.003596 -0.000001 -0.000000 -0.000041 -0.000006 -0.000000 0.000050 0.000096 0.000107 0.000071 0.000000 0.000216 -0.001118 -0.018628 -0.026396 -0.032809 -0.009842 -0.012193 -0.027994 -0.036180 -0.035719 -0.024097 -0.031251 -0.007658 -0.000062 -0.000034 -0.000008 -0.000000 0.000000 0.000015 0.000367 -0.005003 -0.000214 -0.000012 -0.000000 0.000001 0.000002 0.000071 -0.005166 -0.020422 -0.028535 -0.013550 -0.001452 -0.000083 -0.000002 -0.000000 -0.015369 -0.050561 -0.077060 -0.047557 -0.033805 -0.077210
0.000000 0.000000 0.000000 0.000000 0.000000 0.000000 0.000000 0.000000 0.000000 -0.006667 -0.000005 -0.000000 -0.000041 -0.000016 -0.000000 0.000027 0.000098 0.000068 0.000075 0.000028 0.000102 0.000190 0.003062 0.005677 -0.001233 -0.009320 -0.002441 -0.000218 -0.000878 -0.000403 -0.000571 -0.005647 -0.005026 -0.000028 -0.000039 -0.000035 -0.000000 0.000005 0.000038 0.000061 0.000428 -0.008096 -0.005860 -0.003024 -0.004087 -0.006939 -0.016283 -0.008219 -0.005118 -0.000716 -0.000220 -0.000140 -0.000104 -0.000019 -0.000000 0.000054 0.000091 -0.000039 -0.000016 0.000000 0.000043
0.000000 0.000000 0.000000 0.000000 0.000000 0.000000 0.000000 0.000000 0.000000 -0.002496 -0.004078 -0.000048 -0.000069 -0.000018 -0.000000 0.000066 0.000101 0.000105 0.000150 0.000273 0.000225 0.000213 0.001092 -0.000023 -0.000000 -0.000012 -0.000002 0.000000 0.000030 0.000127 0.000000 -0.003663 -0.010028 -0.000109 -0.000074 -0.000031 -0.000017 -0.000000 0.000025 0.000076 0.000060 0.000026 0.000016 -0.000075 -0.000031 -0.000020 -0.000034 -0.000043 -0.000091 -0.000163 -0.000256 -0.000183 -0.000114 -0.000032 -0.000000 -0.000003 -0.000005 -0.000014 -0.000006 0.000000 0.000046
0.000000 0.000000 0.000000 0.000000 0.000000 0.000000 0.000000 0.000000 0.000000 0.000000 -0.004576 -0.000078 -0.000049 -0.000025 -0.000000 0.000007 0.000016 0.000056 0.000188 0.000404 0.000360 0.000294 0.004886 -0.000036 -0.000017 -0.000004 0.000000 0.000006 0.000100 0.000585 0.000000 0.000106 -0.015247 -0.012904 -0.009440 -0.000630 -0.000053 -0.000005 0.000000 0.000047 0.000063 0.000050 0.000081 -0.000527 -0.000374 -0.000052 -0.000060 -0.000074 -0.000088 -0.000112 -0.000193 -0.000166 -0.000086 -0.000041 -0.000026 -0.000057 -0.000041 -0.000011 -0.000002 0.000000 0.000058
0.000000 0.000000 0.000000 0.000000 0.000000 0.000000 0.000000 0.000000 0.000000 0.000000 -0.001931 -0.004687 -0.001873 -0.000106 -0.000000 0.000001 0.000003 0.000057 0.000184 0.000408 0.000575 0.000556 -0.001816 -0.000175 -0.000042 -0.000003 0.000000 0.000068 0.000908 0.000191 0.000000 0.000067 -0.000339 -0.000037 -0.001092 -0.010615 -0.008206 -0.006109 -0.000033 -0.000011 0.000000 0.000008 0.000075 -0.000324 -0.000901 -0.000021 -0.000023 -0.000023 -0.000045 -0.000104 -0.000134 -0.000171 -0.000203 -0.000155 -0.000110 -0.000111 -0.000077 -0.000017 0.000000 0.000003 0.000084
0.000000 0.000000 0.000000 0.000000 0.000000 0.000000 0.000000 0.000000 0.000000 0.000000 0.000000 -0.001198 -0.001649 -0.000106 -0.000036 -0.000000 0.000001 0.000073 0.000174 0.001254 0.000858 0.000099 -0.003525 -0.000128 -0.000056 0.000000 0.000046 0.000139 0.001118 -0.000007 0.000000 0.000032 -0.008576 -0.000070 -0.000000 0.000015 0.000447 -0.009671 -0.024713 -0.017349 -0.000058 -0.000093 -0.000113 0.000000 -0.001198 -0.004301 -0.012449 -0.006656 -0.000308 -0.000056 -0.000100 -0.000094 -0.000126 -0.000117 -0.000085 -0.000067 -0.000044 -0.000015 0.000000 0.000028 0.000083
0.000000 0.000000 0.000000 0.000000 0.000000 0.000000 0.000000 0.000000 0.000000 0.000000 0.000000 0.000000 -0.003909 -0.000053 -0.000032 -0.000000 0.000002 0.000087 0.000397 0.001648 0.000000 0.000014 -0.013006 -0.000163 -0.000051 0.000000 0.000048 0.000246 0.001116 0.000000 0.000020 0.000209 -0.031852 -0.000139 -0.000037 -0.000000 0.000002 0.000055 0.005800 -0.001497 -0.012254 -0.005906 -0.005807 -0.016891 -0.016119 -0.011847 -0.001212 -0.002306 -0.268387 -0.000184 -0.000245 -0.000208 -0.000095 -0.000067 -0.000024 -0.000017 -0.000012 -0.000006 0.000000 0.000010 0.000031
0.000000 0.000000 0.000000 0.000000 0.000000 0.000000 0.000000 0.000000 0.000000 -0.000000 0.000000 0.000000 -0.000278 -0.001227 -0.000093 -0.000000 0.000011 0.000199 0.000285 0.000293 0.000000 0.000054 0.000404 -0.000114 -0.000009 0.000000 0.000086 0.000123 0.000260 0.000000 0.000087 0.000345 -0.048290 -0.000142 -0.000081 -0.000015 -0.000000 0.000022 0.000078 0.000000 -0.000125 -0.000070 -0.000000 -0.000702 -0.001048 -0.000050 -0.000019 0.000000 -0.003349 -0.017149 -0.000043 -0.000036 -0.000031 -0.000030 -0.000029 -0.000000 -0.000017 -0.000029 -0.000052 -0.000077 -0.000068
0.000000 0.000000 0.000000 0.000000 0.000000 0.000000 0.000000 0.000000 -0.000000 0.000000 0.000000 0.000000 0.000176 -0.000667 -0.000082 -0.000000 0.000041 0.000130 0.000255 0.000399 0.000918 0.001408 -0.004172 -0.000272 -0.000044 0.000000 0.000019 0.000051 0.000166 0.000000 0.000050 0.000518 -0.070091 -0.000239 -0.000090 -0.000031 -0.000000 0.000001 0.000001 0.000000 0.000013 0.000098 -0.000000 0.000026 -0.002433 -0.000148 -0.000028 0.000000 0.000060 -0.004826 -0.000124 -0.000078 -0.000029 -0.000000 0.000009 0.000033 -0.000115 -0.000374 -0.000832 -0.000474 -0.000184
0.000000 0.000000 0.000000 0.000000 0.000000 0.000000 0.000000 -0.000000 -0.000000 0.000000 0.000000 0.000000 0.000040 -0.000813 -0.000081 -0.000000 0.000004 0.000045 0.000144 0.000886 0.000441 0.000200 -0.002008 -0.000185 -0.000022 0.000000 0.000059 0.000148 0.000404 0.000000 0.000134 0.001342 -0.022361 -0.000111 -0.000084 -0.000058 -0.000035 -0.000013 -0.000000 0.000005 0.000037 0.000083 -0.000000 0.000020 -0.000708 -0.000080 -0.000023 0.000000 0.000038 0.010064 -0.084234 -0.008125 -0.000978 -0.000376 -0.002088 -0.001776 -0.002094 -0.004317 -0.000206 -0.000081 -0.000034
0.000000 0.000000 0.000000 0.000000 0.000000 0.000000 -0.000000 -0.000000 -0.000000 -0.000000 0.000000 0.000003 0.000045 -0.000524 -0.000219 -0.000026 -0.000000 0.000083 0.000216 0.000241 0.000000 0.000072 -0.001117 -0.000174 -0.000055 0.000000 0.000027 0.000084 0.000164 0.000133 0.000110 0.002415 -0.015864 -0.000036 -0.000036 -0.000035 -0.000024 -0.000018 -0.000010 -0.000000 0.000017 0.000041 -0.000000 0.000050 -0.001497 -0.000035 -0.000016 0.000000 0.000091 0.003717 -0.000242 -0.000767 -0.007081 -0.004603 -0.000094 -0.000000 0.000003 -0.002409 -0.000608 -0.000051 -0.000103
0.000000 0.000000 0.000000 0.000000 0.000000 -0.000000 -0.000000 -0.000000 -0.000000 -0.000000 0.000000 0.000002 0.000032 0.000074 -0.000081 -0.000038 -0.000000 0.000048 0.000097 0.000125 0.000169 0.000083 -0.000321 -0.000122 -0.000026 0.000000 0.000067 0.000185 0.000293 0.000051 0.000046 0.006910 -0.033306 -0.000132 -0.000097 -0.000090 -0.000069 -0.000073 -0.000069 -0.000036 -0.000060 -0.000009 -0.000000 0.000026 0.000586 -0.001561 -0.000051 0.000000 0.000051 0.000229 -0.000124 -0.000000 -0.000050 -0.000375 -0.000118 -0.000004 0.000000 -0.000492 -0.000633 -0.001493 -0.001418
0.000000 0.000000 0.000000 0.000000 0.000000 -0.000000 -0.000000 -0.000001 -0.000003 -0.000002 -0.000000 0.000000 0.000011 0.000084 -0.000051 -0.000038 -0.000000 0.000023 0.000084 0.000153 0.000212 0.002384 -0.001422 -0.000076 -0.000019 0.000000 0.000052 0.000094 0.000121 0.000136 0.000144 0.019783 -0.002261 -0.009951 -0.009900 -0.010932 -0.008106 -0.000148 -0.000156 -0.000077 -0.000029 -0.000012 -0.000000 0.000031 0.000057 -0.000660 -0.000287 0.000000 0.000031 0.000167 -0.000775 -0.000079 0.000000 -0.000452 -0.000092 -0.000013 0.000000 -0.000225 -0.000114 -0.000180 -0.000165
