001_floodsim/hipims_case/output/hUx_6300.asc
ncols 269
nrows 269
xllcorner 0.000000
yllcorner 0.000000
cellsize 10.000000
NODATA_value -9999.000000
[rows 81 to 107 of 269, columns 120 to 179 of 269]
-0.000004 0.000008 -0.000749 -0.000005 0.000000 0.000708 0.000071 -0.000125 -0.000231 -0.000011 -0.000015 -0.000012 -0.000008 -0.000001 -0.000000 0.000005 0.000010 0.000012 0.000014 0.000021 0.000480 -0.018274 -0.102196 -0.134904 -0.117710 -0.096924 -0.101572 -0.094849 -0.078896 -0.103886 -0.151149 -0.131187 -0.066413 -0.052951 -0.062788 -0.059372 -0.035824 -0.000038 -0.000016 -0.000014 -0.000007 -0.000000 0.000002 0.000005 0.000003 0.000010 0.000852 -0.023107 -0.079454 -0.072655 -0.069143 -0.095974 -0.097658 -0.083330 -0.062831 -0.042066 -0.048618 -0.019423 -0.000008 -0.000003
-0.002968 0.000000 -0.008172 -0.000003 0.000000 0.000001 -0.031758 -0.000102 -0.000111 -0.000015 -0.000022 -0.000027 -0.000009 -0.000001 -0.000000 0.000004 0.000010 0.000011 0.000339 -0.053231 -0.128390 -0.132460 -0.102418 -0.050375 -0.021346 -0.039781 -0.065343 -0.072857 -0.078350 -0.041521 -0.036950 -0.001840 -0.000139 -0.006215 -0.033722 -0.065178 -0.048618 -0.017776 -0.000036 -0.000006 -0.000000 0.000001 0.000053 -0.004082 -0.016681 -0.071458 -0.105461 -0.076249 -0.038890 -0.032915 -0.016132 -0.009121 -0.001847 -0.002845 -0.021483 -0.042730 -0.068033 -0.066715 -0.021589 -0.000029
-0.234538 -0.151484 -0.077385 -0.000021 0.000000 0.002201 -0.035812 -0.000088 -0.000077 -0.000036 -0.000023 -0.000015 -0.000004 -0.000000 0.000000 0.000004 0.000011 0.007936 -0.107084 -0.157265 -0.083795 -0.006971 -0.000148 -0.000026 -0.000000 0.000000 0.000002 0.000003 -0.000037 -0.000008 -0.000007 -0.000001 0.000000 0.000001 0.000295 -0.035443 -0.095754 -0.120638 -0.113941 -0.103500 -0.096484 -0.087041 -0.087213 -0.084499 -0.080905 -0.046285 -0.017916 -0.000216 -0.000014 -0.000009 -0.000004 -0.000004 -0.000001 -0.000000 0.000000 0.000002 0.000519 -0.038477 -0.081884 -0.051887
-0.125477 -0.190562 -0.274430 -0.177051 -0.168501 -0.196316 -0.208804 -0.127736 -0.000558 -0.000013 -0.000011 -0.000016 -0.000002 -0.000000 0.000000 0.000006 0.001024 -0.111062 -0.144014 -0.040409 -0.000156 -0.000003 -0.000001 -0.000001 -0.000000 0.000000 -0.000002 -0.000001 -0.000000 -0.000000 -0.000000 -0.000000 0.000000 0.000001 0.000003 0.000007 0.001515 -0.008744 -0.002172 -0.000346 -0.001499 -0.031022 -0.045999 -0.033285 -0.021592 -0.000244 -0.000005 -0.000002 -0.000001 -0.000011 -0.000016 -0.000008 -0.000006 -0.000002 -0.000000 0.000001 0.000003 0.000006 0.009656 -0.043816
-0.010606 -0.000037 -0.065206 -0.140693 -0.143080 -0.127243 -0.127470 -0.156675 -0.093481 -0.000115 -0.000000 -0.000039 -0.000002 -0.000000 0.000000 0.000004 -0.008440 -0.141466 -0.017670 -0.000006 -0.000004 -0.000004 -0.000002 -0.000001 -0.000000 0.000000 -0.000003 -0.000004 -0.000001 -0.000000 0.000001 0.000002 0.000001 0.000003 0.000004 0.000003 0.000003 -0.000002 -0.000001 -0.000000 0.000000 0.000002 0.005044 -0.005133 -0.000017 -0.000015 -0.000012 -0.000004 -0.000000 -0.000017 -0.000033 -0.000005 -0.000004 -0.000003 -0.000001 0.000000 0.000003 0.000009 0.000058 0.002988
-0.000934 -0.000003 -0.000000 0.000001 0.000006 0.000139 -0.004144 -0.191194 -0.241150 -0.179481 -0.089847 -0.067817 -0.028238 0.002926 -0.000018 -0.010019 -0.131164 -0.094349 -0.000006 -0.000003 -0.000001 -0.000001 -0.000001 -0.000001 -0.000001 0.000000 -0.000014 -0.000007 -0.000003 -0.000000 -0.000000 -0.000000 0.000000 0.000003 0.000006 0.000006 0.000008 0.000002 -0.000002 0.000000 0.000001 0.000002 0.000296 -0.000304 -0.000018 -0.000027 -0.000016 -0.000007 -0.000001 -0.000000 -0.000057 -0.000022 -0.000004 -0.000002 -0.000000 0.000000 0.000004 0.000010 0.000358 0.000168
-0.032674 -0.000002 -0.000001 0.000000 0.000001 0.000002 0.000003 0.002059 -0.076822 -0.143934 -0.155126 -0.156475 -0.163181 -0.166922 -0.123473 -0.095441 -0.145672 -0.024568 -0.000003 -0.000001 -0.000000 0.000000 -0.000002 -0.000002 -0.000004 -0.000004 -0.000004 -0.000004 -0.000003 -0.000003 -0.000004 -0.000000 -0.000000 0.000001 0.000003 0.000003 0.000005 0.000007 0.000004 0.000004 0.000007 0.000007 0.000769 -0.000030 -0.000029 -0.000021 -0.000018 -0.000013 -0.000003 -0.000000 -0.000015 -0.000015 -0.000015 -0.000001 0.000000 0.000001 0.000003 0.000005 0.000476 -0.000001
-0.014302 -0.000165 -0.000000 0.000001 0.000001 -0.000005 -0.000001 0.000000 0.000001 0.002228 -0.045006 -0.070668 -0.089799 -0.126382 -0.101385 -0.079484 -0.056064 -0.000001 0.000000 0.000001 0.000003 0.000003 -0.000001 -0.000006 -0.000007 -0.000013 -0.000018 -0.000009 -0.000009 -0.000007 -0.000002 -0.000001 -0.000000 0.000000 0.000001 0.000003 0.000003 0.000004 0.000010 0.000010 0.000916 0.000348 0.000060 -0.000013 -0.000016 -0.000047 -0.000043 -0.000015 -0.000006 -0.000005 -0.000006 -0.000008 -0.000008 -0.000002 0.000000 0.000002 0.000009 0.000408 -0.000104 -0.000002
-0.028475 -0.014989 -0.000000 -0.008927 -0.015018 -0.009183 -0.000010 -0.000003 0.000000 0.000001 0.000004 0.000005 0.005020 -0.001834 -0.003824 -0.013596 -0.011249 -0.000002 -0.000000 -0.000001 -0.000001 -0.000001 -0.000011 -0.000008 -0.000009 -0.000004 -0.000004 -0.000006 -0.000018 -0.000012 -0.000008 -0.000004 -0.000001 -0.000000 0.000000 0.000002 0.000021 0.000053 0.000090 0.006075 0.000001 -0.000000 0.000000 -0.000003 -0.000009 -0.000019 -0.000028 -0.000033 -0.000019 -0.000009 -0.000006 -0.000005 -0.000002 0.000000 0.000004 0.000043 0.024433 -0.000252 -0.000013 -0.000003
0.021248 -0.016990 -0.022262 -0.015822 -0.011099 -0.018394 -0.021335 -0.000878 -0.000002 -0.000000 0.000000 0.000002 0.001532 0.002190 -0.013358 -0.028668 -0.036298 -0.020959 -0.010005 -0.002991 -0.004696 -0.000040 -0.000000 -0.000690 -0.000010 -0.000006 -0.000009 -0.000014 -0.000009 -0.000018 -0.000020 -0.000011 -0.000004 -0.000002 0.000000 0.000001 0.000005 0.000011 0.000014 0.000272 -0.000076 -0.000001 -0.000000 -0.000007 -0.000006 -0.000009 -0.000015 -0.000015 -0.000010 -0.000008 -0.000007 -0.000004 -0.000000 0.000000 0.000006 0.000018 0.000139 -0.000028 -0.000017 -0.000005
0.003805 0.002664 -0.008044 -0.000411 -0.000000 0.000004 -0.008263 -0.005692 -0.004083 -0.007236 -0.012983 -0.008078 0.002642 -0.011326 -0.029184 -0.044742 -0.052570 -0.064285 -0.074022 -0.073542 -0.075281 -0.072967 -0.039811 -0.029482 -0.002706 -0.000118 -0.000067 -0.000016 -0.000015 -0.000020 -0.000011 -0.000008 -0.000005 -0.000002 -0.000001 0.000000 0.000001 0.000006 0.000010 0.000194 -0.000155 -0.000006 -0.000005 -0.000007 -0.000007 -0.000010 -0.000012 -0.000011 -0.000003 -0.000003 -0.000003 -0.000003 -0.000000 0.000000 0.000007 0.000014 0.000104 -0.000051 -0.000053 -0.000003
0.001063 0.000000 -0.000152 -0.000072 -0.000000 0.000000 0.000001 0.000050 -0.000000 0.000000 0.000460 0.000655 -0.010701 -0.011232 -0.012792 0.000189 0.007119 0.002061 -0.005867 -0.000982 -0.000564 -0.002954 -0.020391 -0.054915 -0.069587 -0.044431 -0.018893 -0.010530 -0.000017 -0.000021 -0.000019 -0.000017 -0.000010 -0.000002 -0.000001 -0.000000 0.000000 0.000001 0.000004 0.000006 -0.000274 -0.000002 -0.000001 -0.000002 -0.000003 -0.000004 -0.000006 -0.000014 -0.000039 -0.000059 -0.000031 -0.000007 -0.000000 0.000000 0.000004 0.000010 0.000051 -0.000010 -0.000047 -0.000055
-0.000003 0.000000 -0.000087 -0.000296 -0.000002 0.000000 0.000001 0.000035 -0.000000 0.000001 0.000002 0.000004 0.000018 0.000247 -0.000013 -0.000036 -0.000071 -0.000023 -0.000002 -0.000000 -0.000000 0.000001 0.000003 0.000015 0.000268 -0.023063 -0.058312 -0.033417 -0.002171 -0.000015 -0.000018 -0.000020 -0.000010 -0.000000 -0.000000 -0.000005 -0.000003 -0.000001 0.000000 0.000002 0.000085 -0.000243 -0.000170 -0.000063 -0.000283 -0.000197 -0.000178 -0.000194 -0.000085 -0.000015 -0.000008 -0.000003 0.000000 0.000001 0.000002 0.000006 0.000012 -0.000000 -0.000009 -0.000007
-0.000003 0.000000 0.000002 -0.001057 -0.000002 0.000000 0.000001 0.000025 -0.000001 -0.000000 0.000001 0.000005 0.000047 0.000176 -0.000000 0.000000 -0.000062 -0.000061 -0.000002 -0.000000 -0.000000 0.000000 0.000003 0.000010 0.000013 0.000010 -0.006171 -0.016436 -0.001226 -0.000057 -0.000036 -0.000044 -0.000006 -0.000000 0.000000 -0.000017 -0.000012 -0.000014 -0.000009 -0.000000 0.000002 0.000027 -0.000028 -0.000077 -0.000012 -0.000039 -0.000019 -0.000016 -0.000014 -0.000010 -0.000006 -0.000001 0.000000 0.000002 0.000004 0.000002 0.000002 -0.000000 -0.000003 -0.000003
-0.000002 0.000000 0.000000 -0.000296 -0.000030 -0.000006 0.000000 -0.000197 -0.000013 -0.000000 0.000005 0.000008 0.000088 0.000059 -0.000001 -0.000000 -0.000055 -0.000144 -0.000005 -0.000002 -0.000000 0.000002 0.000011 0.000008 0.000009 0.000008 0.000061 -0.009916 -0.001589 -0.000005 -0.000011 -0.000010 -0.000003 -0.000001 -0.000026 -0.000112 -0.000069 -0.000039 -0.000007 -0.000003 -0.000000 0.000001 0.000004 -0.000000 -0.000000 -0.000016 -0.000012 -0.000011 -0.000008 -0.000006 -0.000003 -0.000000 0.000001 0.000002 0.000002 -0.000007 -0.000005 -0.000002 -0.000003 -0.000003
0.000000 0.000000 0.000000 -0.000199 -0.000008 -0.000003 0.000000 -0.000035 -0.000015 -0.000000 0.000002 0.000003 0.000377 -0.000155 -0.000003 -0.000000 0.000001 -0.000507 -0.000003 -0.000003 -0.000000 0.000001 0.000006 0.000016 0.000033 0.000027 0.000018 -0.049790 -0.030253 -0.000019 -0.000038 -0.000081 -0.000103 -0.000120 -0.000186 -0.000003 -0.000004 -0.000003 -0.000003 -0.000003 -0.000002 -0.000001 -0.000002 -0.000001 -0.000000 -0.000002 -0.000007 -0.000007 -0.000004 -0.000001 0.000000 0.000001 0.000003 0.000003 -0.000005 -0.000011 -0.000008 -0.000006 -0.000004 -0.000001
-0.000001 0.000000 0.000001 -0.000167 -0.000011 -0.000005 0.000000 -0.000015 -0.000016 -0.000000 0.000021 0.000058 -0.000002 -0.000007 -0.000002 -0.000000 0.000001 0.000041 -0.000454 -0.000003 -0.000000 0.000001 0.000004 0.000014 0.000017 0.000008 0.000012 0.004923 -0.102302 -0.020492 -0.000168 -0.000107 -0.000004 -0.000002 -0.000004 -0.000019 -0.000011 -0.000011 -0.000008 -0.000009 -0.000009 -0.000004 -0.000002 -0.000004 -0.000005 -0.000005 -0.000007 -0.000003 -0.000001 -0.000000 0.000001 0.000004 0.000007 0.000004 -0.000018 -0.000032 -0.000063 -0.000011 -0.000008 -0.000004
-0.000002 0.000000 0.000009 0.000172 -0.000017 -0.000004 0.000000 0.000001 0.000019 -0.000000 0.000002 0.000007 -0.000538 -0.000018 -0.000003 -0.000000 0.000001 0.000007 -0.000169 -0.000484 -0.000003 -0.000000 0.000002 0.000010 0.000015 0.000028 0.000022 0.000017 0.017944 -0.050895 -0.000756 -0.000002 -0.000002 -0.000004 -0.000006 -0.000009 -0.000021 -0.000025 -0.000012 -0.000013 -0.000014 -0.000007 -0.000007 -0.000009 -0.000003 -0.000004 -0.000003 -0.000001 -0.000000 0.000001 0.000004 0.000009 0.000009 -0.000381 -0.000241 -0.000111 -0.000035 -0.000047 -0.000013 -0.000000
-0.000001 0.000000 0.000008 -0.001565 -0.000014 -0.000001 -0.000000 0.000004 0.000060 -0.000002 0.000000 0.000009 -0.000030 -0.000017 -0.000003 -0.000000 0.000000 0.000004 0.000011 -0.011327 -0.000014 -0.000000 0.000000 0.000007 0.000016 0.000017 0.000054 0.000055 0.001828 -0.096260 -0.031595 -0.000005 -0.000004 -0.000004 -0.000009 -0.000013 -0.000027 -0.000012 -0.000012 -0.000017 -0.000019 -0.000006 -0.000008 -0.000016 -0.000009 -0.000001 0.000000 0.000000 0.000003 0.000005 0.000008 0.000014 0.000017 -0.000388 -0.000013 -0.000009 -0.000008 -0.000005 -0.000001 -0.000000
-0.000003 0.000000 0.000011 -0.001021 -0.000017 -0.000006 -0.000000 0.000005 0.000010 -0.000005 0.000000 0.000012 -0.000143 -0.000032 -0.000002 -0.000000 0.000000 0.000003 0.000009 -0.000121 -0.000012 -0.000003 0.000000 0.000001 0.000010 0.000020 0.000022 0.000014 0.000007 0.000235 -0.016994 -0.012467 -0.013351 -0.000034 -0.000023 -0.000015 -0.000013 -0.000022 -0.000028 -0.000028 -0.000005 -0.000000 -0.000045 -0.000041 -0.000005 -0.000001 0.000000 0.000003 0.000005 0.000003 0.000002 0.000057 -0.053402 -0.000011 -0.000011 -0.000006 -0.000002 0.000000 0.000002 0.000003
0.000000 0.000001 0.000019 -0.000850 -0.000028 -0.000007 -0.000000 0.000005 0.000052 -0.000002 0.000000 0.000010 -0.000161 -0.000027 -0.000008 -0.000000 0.000000 0.000003 0.000016 -0.000142 -0.000011 -0.000002 0.000000 0.000001 0.000008 0.000014 0.000021 0.000015 0.000004 0.000241 -0.035970 -0.045141 -0.040715 -0.030181 -0.014816 -0.000039 -0.000031 -0.000033 -0.000022 -0.000009 -0.000000 -0.000052 -0.000061 -0.000005 -0.000005 -0.000000 0.000001 0.000006 0.000019 0.000000 0.000001 -0.000334 -0.000037 -0.000016 -0.000007 -0.000002 -0.000001 0.000000 0.000004 0.000009
0.000000 0.000017 0.000025 -0.000763 -0.000016 -0.000007 -0.000000 0.000009 0.000010 0.000005 0.000000 0.000020 -0.000031 -0.000016 -0.000004 -0.000000 0.000001 0.000012 0.000011 -0.000228 -0.000010 -0.000002 0.000000 0.000002 0.000017 0.000029 0.000022 0.000008 0.000393 0.000271 0.000034 0.000465 -0.004147 -0.027691 -0.020450 -0.000233 -0.000015 -0.000022 -0.000010 -0.000000 -0.000018 -0.000064 -0.000020 -0.000005 -0.000004 -0.000001 0.000000 0.000008 0.000025 0.000002 0.000005 -0.084971 -0.000009 -0.000004 -0.000004 -0.000004 -0.000000 0.000000 0.000004 0.000011
-0.000000 0.000002 0.000015 -0.000679 -0.000007 -0.000004 -0.000000 0.000001 0.000003 0.000004 0.000004 0.000010 -0.000068 -0.000036 -0.000004 -0.000000 0.000001 0.000007 0.000018 -0.000085 -0.000023 -0.000007 0.000000 0.000003 0.000009 0.000007 0.000006 0.000011 0.000653 -0.000003 -0.000000 0.000000 0.000003 -0.009154 -0.063752 -0.041831 -0.000066 -0.000013 -0.000002 -0.000005 -0.000047 -0.000024 -0.000009 -0.000000 -0.000001 -0.000000 0.000000 0.000000 0.000028 0.000025 -0.000121 -0.000382 -0.000006 -0.000008 -0.000003 -0.000000 0.000002 0.000004 0.000007 0.000010
-0.000001 0.000000 0.000017 -0.000202 -0.000109 -0.000017 -0.000009 -0.000000 0.000002 0.000005 0.000005 0.000023 -0.000025 -0.000028 -0.000003 -0.000000 0.000002 0.000010 0.000010 -0.000054 -0.000012 -0.000004 0.000000 0.000003 0.000019 0.000055 0.000038 0.000198 0.000030 -0.000011 -0.000002 0.000000 0.000002 0.000071 -0.057190 -0.061362 -0.040908 -0.014270 -0.009860 -0.000091 -0.000021 -0.000016 -0.000003 -0.000000 -0.000002 -0.000005 -0.000002 0.000000 0.000009 0.000033 -0.000329 -0.000146 -0.000007 -0.000005 -0.000001 -0.000000 0.000003 0.000006 0.000007 0.000834
0.000000 0.000002 0.000017 -0.000062 -0.000080 -0.000083 -0.000013 -0.000000 -0.000000 0.000001 0.000006 0.000017 0.000090 -0.000050 -0.000037 -0.000002 -0.000000 0.000000 0.000003 -0.000022 -0.000007 -0.000002 0.000000 0.000007 0.000012 0.000014 0.000194 0.000136 0.000009 -0.000042 -0.000003 0.000000 0.000003 0.000012 0.130769 0.053270 0.013864 -0.004345 -0.004707 -0.006411 -0.033543 -0.000037 -0.000003 -0.000001 -0.000005 -0.000007 -0.000010 -0.000004 0.000000 0.000010 0.000092 -0.000034 -0.000000 0.000001 0.000002 -0.000000 -0.001398 -0.011310 -0.006177 -0.003399
0.000000 0.000014 0.000049 -0.000090 -0.000042 -0.000032 -0.000016 -0.000007 -0.000000 0.000000 0.000005 0.000010 0.000027 -0.000010 -0.000010 -0.000005 -0.000000 0.000000 0.000001 -0.000012 -0.000004 -0.000001 0.000000 0.000002 0.000004 0.000004 0.000134 0.000060 0.000000 -0.000043 -0.000008 0.000000 0.000001 0.000005 0.000717 -0.010698 -0.018469 -0.022884 -0.017811 -0.007691 0.012840 0.032652 0.021010 -0.000810 -0.000018 -0.000004 -0.000000 -0.000000 0.000000 0.000001 -0.002236 -0.000408 -0.000381 -0.003591 -0.002401 -0.002962 -0.002964 -0.000005 -0.000003 -0.000006
0.000001 0.000015 0.000045 -0.000044 -0.000032 -0.000033 -0.000028 -0.000009 -0.000001 0.000000 0.000005 0.000009 0.000014 -0.000009 -0.000006 -0.000005 -0.000001 0.000000 0.000001 -0.000003 -0.000002 0.000000 0.000001 0.000005 0.000010 0.000110 0.000155 0.000000 0.000001 0.000001 -0.000002 0.000000 0.000003 0.000003 0.000003 0.027490 -0.000267 -0.007470 -0.020777 -0.017334 -0.016335 -0.022541 -0.012780 -0.007797 -0.012684 -0.000002 -0.000000 0.000002 0.000049 -0.000605 -0.001941 -0.000012 -0.000013 -0.000013 -0.000015 -0.000010 -0.000003 -0.000001 -0.000000 0.000000
