001_floodsim/hipims_case/output/hUx_3600.asc
ncols 269
nrows 269
xllcorner 0.000000
yllcorner 0.000000
cellsize 10.000000
NODATA_value -9999.000000
[rows 54 to 80 of 269, columns 120 to 179 of 269]
-0.000020 -0.000013 -0.000012 -0.000008 -0.000005 -0.000003 -0.000007 -0.000065 -0.000013 -0.000011 -0.000009 -0.000006 -0.000005 -0.000001 0.000000 -0.000012 -0.000004 -0.000002 -0.000000 0.000001 0.000005 0.000018 0.000058 0.000260 -0.000014 -0.000011 -0.000001 0.000000 0.000003 0.000004 0.000004 0.000015 0.000627 0.000026 -0.000007 -0.000000 -0.000094 -0.000120 -0.000282 -0.213682 -0.000035 -0.000026 -0.000015 -0.000012 -0.000002 0.000000 0.000004 0.000026 -0.000009 0.000000 0.000008 0.000119 -0.000249 -0.000019 0.000000 -0.000009 -0.000016 -0.000006 0.000000 -0.000018
-0.000106 -0.000005 -0.000006 -0.000008 -0.000010 -0.000088 -0.000068 -0.000012 -0.000009 -0.000006 -0.000003 0.000000 0.000000 0.000000 0.000000 -0.000004 -0.000002 -0.000001 -0.000000 -0.000000 0.000002 0.000014 0.000029 0.000071 -0.000007 -0.000003 0.000000 0.000001 0.000007 0.000012 0.000880 0.001286 0.000249 -0.000272 -0.000095 -0.000011 -0.000001 -0.000000 0.000000 -0.005487 -0.002998 -0.000414 -0.000254 -0.000007 -0.000002 0.000000 0.000003 0.000008 -0.000003 0.000000 0.000004 0.000008 -0.000700 -0.000057 -0.000038 -0.000024 -0.000009 -0.000003 0.000000 -0.000032
0.000020 -0.000068 -0.000093 -0.000098 -0.000056 -0.000014 -0.000011 -0.000009 -0.000006 -0.000002 -0.000001 0.000000 0.000003 0.000003 0.000001 -0.000018 -0.000008 -0.000006 -0.000003 -0.000001 -0.000000 0.000009 0.000015 0.000000 -0.000002 0.000000 0.000001 0.000006 0.000014 0.000339 0.000233 -0.000001 0.000000 -0.000007 -0.000073 -0.000013 -0.000002 -0.000000 0.000001 0.000004 -0.001097 -0.000123 -0.000175 -0.000014 -0.000008 -0.000004 -0.000000 0.000000 0.000001 0.000000 0.000015 0.000027 -0.000259 -0.000023 -0.000009 -0.000007 -0.000004 -0.000001 0.000000 -0.000029
0.000003 -0.000002 -0.000010 -0.000012 -0.000015 -0.000011 -0.000007 -0.000005 -0.000001 -0.000000 0.000001 0.000002 0.000001 0.000001 -0.000011 -0.000029 -0.000024 -0.000026 -0.000029 -0.000026 -0.000000 0.000001 0.000002 0.000003 0.000000 0.000001 0.000007 0.000014 0.000021 0.000183 0.000042 -0.000000 0.000000 0.000001 -0.000032 -0.000025 -0.000009 -0.000000 0.000003 0.000019 0.000245 -0.000059 -0.000166 -0.000159 -0.000068 -0.000108 -0.000015 -0.000001 -0.000000 0.000003 0.000015 0.000017 -0.000091 -0.000017 -0.000008 -0.000003 -0.000000 0.000000 0.000001 -0.000020
0.000007 0.000002 -0.000007 -0.000009 -0.000007 -0.000005 -0.000002 -0.000000 -0.000000 0.000003 0.000005 0.000334 -0.000411 -0.000723 -0.000554 -0.000532 -0.000534 -0.000183 -0.000086 -0.000011 -0.000012 -0.000008 -0.000000 0.000000 0.000006 0.000012 0.000094 0.000173 0.000212 0.000098 -0.000001 -0.000001 0.000000 0.000001 0.000004 -0.000010 -0.000006 -0.000000 0.000001 0.000013 0.001846 -0.000718 -0.000080 -0.000078 -0.000147 -0.000014 -0.000011 -0.000005 -0.000000 0.000003 0.000009 0.000009 -0.000041 -0.000010 -0.000006 -0.000002 0.000000 0.000001 0.000002 0.000004
0.000004 0.000002 -0.000005 -0.000005 -0.000002 -0.000001 -0.000000 0.000002 0.000005 0.000006 -0.000840 -0.001522 -0.000025 -0.000024 -0.000010 -0.000012 -0.000019 -0.000015 -0.000011 -0.000006 -0.000005 -0.000002 0.000000 0.000000 0.000006 0.000043 0.000042 0.000024 0.000012 0.000009 -0.000003 -0.000001 0.000000 0.000001 0.000002 -0.000005 -0.000004 -0.000000 0.000001 0.000012 0.000473 -0.000415 -0.000076 -0.000004 -0.000004 -0.000004 -0.000004 -0.000004 -0.000003 -0.000000 0.000001 0.000004 -0.000019 -0.000007 -0.000003 0.000000 0.000001 0.000001 0.000005 0.000006
0.000001 -0.000002 -0.000002 -0.000002 -0.000003 -0.000000 0.000001 0.000006 0.001648 -0.079588 -0.002304 -0.000016 -0.000010 -0.000006 -0.000002 -0.000003 -0.000004 -0.000009 -0.000005 -0.000006 -0.000002 0.000000 0.000001 0.000001 0.000002 0.000004 0.000003 0.000003 0.000003 0.000002 0.000001 -0.000000 0.000000 0.000000 -0.000002 -0.000004 -0.000006 -0.000001 -0.000000 0.000004 0.000015 -0.000077 -0.000279 -0.000046 -0.000078 -0.000120 -0.000217 -0.000073 -0.000017 -0.000001 0.000000 0.000002 0.000002 -0.000002 -0.000001 0.000000 0.000003 0.000009 0.000011 0.000007
0.000000 0.000001 -0.000000 -0.000002 -0.000001 -0.000000 0.000003 0.000008 0.000341 -0.000015 -0.000014 -0.000009 -0.000003 -0.000001 -0.000000 -0.000018 -0.000016 -0.000006 -0.000008 -0.000002 -0.000001 0.000000 0.000003 0.000007 0.000009 0.000008 0.000008 0.000012 0.000009 0.000009 0.000009 0.000007 -0.000001 -0.000004 -0.000009 -0.000009 -0.000004 -0.000004 -0.000000 0.000005 0.000012 0.000155 -0.000127 -0.000345 -0.000294 -0.000151 -0.000029 -0.000022 -0.000008 -0.000002 0.000000 0.000001 0.000002 0.000006 0.000003 0.000003 0.000014 0.000022 0.000010 0.000023
0.000000 0.000003 0.000004 0.000003 -0.000001 -0.000000 0.000004 0.001199 -0.003692 -0.000005 -0.000004 -0.000004 -0.000005 -0.000000 0.000002 -0.000036 -0.000020 -0.000031 -0.000040 -0.000006 -0.000002 0.000000 0.000006 0.000013 0.000011 0.000005 0.000007 -0.000000 0.000000 0.000006 0.000016 0.000014 -0.000007 -0.000013 -0.000028 -0.000052 -0.000066 -0.000013 -0.000000 0.000000 0.000004 0.000015 -0.000011 -0.000010 -0.000013 -0.000020 -0.000018 -0.000008 -0.000003 0.000000 0.000000 0.000004 0.000008 0.000027 -0.000000 0.000000 0.000006 0.000035 0.000014 -0.000199
-0.000001 0.000000 0.000005 0.000022 -0.000000 0.000001 0.000009 -0.000951 -0.000006 -0.000011 -0.000012 -0.000007 -0.000002 -0.000000 0.000001 -0.000099 -0.000043 -0.000040 -0.000006 -0.000007 -0.000000 0.000001 0.000011 0.000112 0.000203 0.000049 -0.000006 -0.000001 0.000000 0.000003 0.000008 0.000266 -0.000302 -0.000320 -0.000301 -0.000125 -0.000018 -0.000009 -0.000001 -0.000000 0.000000 0.000002 0.000007 -0.000006 -0.000007 -0.000008 -0.000008 -0.000004 -0.000000 0.000000 0.000002 0.000007 0.000026 0.000037 0.000001 0.000000 0.000006 0.000015 0.000143 -0.000191
-0.000000 0.000000 0.000002 0.000008 -0.000000 0.000001 0.000006 0.000339 -0.000016 -0.000021 -0.000021 -0.000017 -0.000000 0.000001 -0.000043 -0.000216 -0.000074 -0.000026 -0.000023 -0.000007 -0.000000 0.000001 0.000050 0.000052 0.000047 0.000273 0.000480 0.000098 0.000000 0.000001 0.000006 -0.057739 -0.000012 -0.000006 -0.000010 -0.000016 -0.000010 -0.000006 -0.000002 -0.000002 -0.000001 -0.000000 -0.000000 -0.000004 -0.000003 -0.000002 -0.000002 -0.000001 -0.000000 0.000000 0.000004 0.000010 0.000016 0.000123 0.000123 0.000013 0.000006 0.000026 0.000154 -0.000196
-0.000001 0.000000 0.000002 0.000017 -0.000000 0.000001 0.000008 0.002276 -0.000079 -0.000064 -0.000030 -0.000002 -0.000000 0.000001 -0.000584 -0.000095 -0.000040 -0.000032 -0.000018 -0.000011 -0.000001 0.000000 0.000006 0.000012 0.000018 0.000029 0.000024 0.000953 0.000902 0.000313 -0.000703 -0.000564 -0.000012 -0.000028 -0.000029 -0.000033 -0.000014 -0.000003 -0.000002 -0.000000 -0.000006 -0.000002 -0.000001 0.000000 0.000001 0.000005 -0.000000 -0.000002 -0.000000 0.000000 0.000003 0.000015 0.000020 0.000009 0.000067 0.000203 0.000000 0.000010 0.000138 -0.000064
0.000006 0.000000 -0.000000 0.000000 0.000001 0.000006 0.002620 -0.061780 -0.000013 -0.000007 -0.000005 -0.000000 0.000001 -0.000188 -0.000243 -0.000060 -0.000052 -0.000057 -0.000049 -0.000020 -0.000001 0.000000 0.000001 0.000003 0.000009 0.000015 0.000008 0.000005 0.000005 0.000663 -0.000901 -0.000380 -0.000169 -0.000134 -0.000068 -0.000009 -0.000002 -0.000000 0.000000 0.000003 -0.000004 -0.000005 -0.000001 0.000000 0.000003 0.000019 -0.000002 -0.000009 -0.000002 0.000000 0.000007 0.000016 0.000011 0.000004 0.000039 0.000437 0.000174 0.000103 -0.000159 -0.000056
0.000022 0.000010 0.000010 0.000000 0.000005 0.000011 0.011322 -0.000010 -0.000008 -0.000006 -0.000002 -0.000000 0.000003 -0.000172 -0.000197 -0.000077 -0.000085 -0.000082 -0.000023 -0.000009 -0.000002 0.000000 0.000002 0.000010 0.000006 0.000004 0.000011 0.000020 0.000019 0.000008 -0.000552 -0.000285 -0.000050 -0.000005 -0.000006 -0.000004 -0.000001 -0.000000 0.000007 0.000007 -0.000068 -0.000007 -0.000000 0.000000 0.000005 0.000038 -0.000011 -0.000016 -0.000003 0.000000 0.000003 0.000016 0.000027 0.000000 0.000017 0.000031 0.000468 0.000182 -0.000278 -0.000075
0.000009 0.000010 0.000015 0.000000 0.000007 -0.000071 -0.005387 -0.000004 -0.000002 0.000000 0.000006 0.000006 0.000006 -0.001103 -0.000659 -0.000298 -0.000135 -0.000036 -0.000026 -0.000013 -0.000003 0.000000 0.000007 0.000023 0.000000 0.000005 0.000039 0.000149 0.000193 0.000199 -0.006938 -0.000101 -0.000037 -0.000016 -0.000017 -0.000006 -0.000000 0.000001 0.000004 0.000015 -0.000074 -0.000008 -0.000000 0.000001 0.000011 0.000105 -0.000023 -0.000019 -0.000002 0.000000 0.000004 0.000017 0.000067 0.000000 0.000003 0.000008 0.000025 0.000165 -0.002462 -0.000024
0.000004 0.000002 0.000004 0.000000 0.000007 0.855407 -0.000025 -0.000027 -0.000004 0.000000 0.000004 0.000005 0.000363 -0.000989 -0.000015 -0.000028 -0.000064 -0.000109 -0.000211 -0.000040 -0.000000 0.000000 0.000006 0.000069 -0.000001 0.000000 0.000003 0.000004 0.000004 0.000004 0.002716 -0.000070 -0.000036 -0.000029 -0.000026 -0.000006 -0.000000 0.000006 0.000008 -0.000186 -0.000067 -0.000014 -0.000000 0.000003 0.000017 0.000225 -0.000049 -0.000026 -0.000002 0.000000 0.000006 0.000029 0.000245 0.000000 0.000001 0.000012 0.000009 0.000128 0.000286 -0.000003
0.000000 0.000001 0.000007 0.000003 -0.000538 -0.003726 -0.000007 -0.000001 0.000000 0.000001 0.000005 0.000009 0.029587 -0.001783 -0.000100 -0.000200 -0.000436 -0.000150 -0.000008 -0.000003 -0.000000 0.000005 0.000017 0.000039 -0.000004 0.000000 0.000003 0.000009 0.000014 0.000015 0.008986 -0.000059 -0.000064 -0.000072 -0.000078 -0.000009 -0.000000 0.000004 0.000073 -0.000552 -0.000109 -0.000006 -0.000000 0.000007 0.000062 0.000749 -0.000018 -0.000007 -0.000000 0.000000 0.000002 0.000013 0.000162 0.000000 0.000005 0.000016 0.000014 0.000033 0.002209 -0.000092
0.000000 0.000000 0.000000 0.000005 -0.110460 -0.000012 -0.000004 0.000000 0.000003 0.000008 0.000051 -0.072212 -0.155956 -0.000395 -0.000582 -0.000435 -0.000010 -0.000006 -0.000002 0.000000 0.000002 0.000013 0.000024 0.000002 -0.000009 0.000000 0.000002 0.000019 0.000028 0.000100 -0.004187 -0.000355 -0.000262 -0.000125 -0.000010 -0.000000 0.000000 0.000005 -0.000281 -0.000004 -0.000007 -0.000010 -0.000000 0.000000 0.000005 0.000361 -0.000017 -0.000004 -0.000000 0.000001 0.000004 0.000018 0.000327 0.000000 0.000009 0.000027 0.000004 0.000032 0.002861 -0.001776
0.000009 -0.000009 0.000000 -0.000675 -0.005408 -0.000007 0.000000 0.000002 0.000008 0.004678 -0.251223 -0.006244 -0.000022 -0.000022 -0.000011 -0.000008 -0.000002 -0.000001 0.000000 0.000002 0.000009 0.000018 0.000307 -0.002614 -0.000027 0.000000 0.000004 0.000011 0.000024 0.003907 -0.002622 -0.000020 -0.000022 -0.000014 -0.000006 -0.000000 0.000002 0.000105 -0.000214 -0.000011 -0.000016 -0.000013 -0.000003 0.000000 0.000025 0.000841 0.000055 -0.000003 -0.000001 0.000000 0.000003 0.000022 0.000744 0.000000 0.000003 0.000017 0.000022 0.001053 -0.007538 -0.000023
-0.000020 -0.000000 0.000004 0.011694 -0.000005 -0.000002 0.000000 0.000005 0.009364 -0.007138 -0.000011 -0.000007 -0.000005 -0.000006 -0.000004 -0.000006 -0.000009 -0.000002 0.000000 0.000005 0.000024 0.000026 -0.000339 -0.000081 -0.000002 0.000000 0.000010 0.000026 0.000039 -0.002725 -0.002568 -0.000036 -0.000015 -0.000007 -0.000001 -0.000000 0.000007 -0.000004 -0.000206 -0.000086 -0.000208 -0.000056 -0.000008 0.000000 0.000003 0.000011 0.222760 -0.000264 -0.000005 0.000000 0.000003 0.000021 0.000354 0.000000 0.000006 0.000023 0.032552 -0.010039 -0.000034 -0.000039
0.000000 0.000003 0.001272 -0.015017 -0.000006 -0.000000 0.000004 0.011510 -0.007534 -0.000008 -0.000002 0.000000 -0.000006 -0.000012 -0.000011 -0.000015 -0.000016 -0.000003 0.000000 0.000006 0.000017 0.000548 -0.000257 -0.000005 -0.000003 0.000000 0.000005 0.000027 0.017371 -0.009518 -0.000212 -0.000015 -0.000009 -0.000002 -0.000000 0.000001 0.000015 0.000633 -0.000575 -0.000169 -0.000012 -0.000005 -0.000004 -0.000000 0.000000 0.000004 0.001211 0.000216 -0.000011 0.000000 0.000005 0.000017 0.000363 0.000000 0.000007 0.005180 -0.011467 -0.000015 -0.000019 -0.000015
0.000000 -0.000190 -0.001833 -0.000002 0.000000 0.000001 0.000099 -0.007361 -0.000007 -0.000002 -0.000000 0.000001 -0.000017 -0.000022 -0.000025 -0.000029 -0.000015 -0.000000 0.000001 0.000011 0.000025 0.002232 -0.000216 -0.000009 -0.000002 0.000000 0.000006 0.000015 0.009230 -0.012722 -0.000026 -0.000032 -0.000015 -0.000002 -0.000000 0.000004 0.000011 -0.000255 -0.000025 -0.000013 -0.000007 -0.000011 -0.000008 -0.000002 0.000000 0.000002 0.000008 0.173570 -0.000180 0.000000 0.000004 0.000167 -0.000003 0.000000 -0.002311 -0.019155 -0.000003 -0.000004 -0.000005 -0.000006
0.000003 -0.000374 -0.000002 0.000000 0.000003 0.001795 -0.007685 -0.000006 -0.000002 -0.000000 0.000001 0.000005 -0.000595 -0.000424 -0.000201 -0.000107 -0.000014 -0.000000 0.000005 0.000020 0.000032 0.000505 -0.000368 -0.000008 -0.000001 0.000000 0.000004 0.013285 -0.021686 -0.000088 -0.000010 -0.000008 -0.000002 -0.000000 0.000003 0.000011 0.001561 -0.021517 -0.000016 -0.000006 -0.000015 -0.000019 -0.000007 -0.000001 0.000000 0.000003 0.000004 0.000256 0.002070 0.000000 0.000000 0.000014 -0.000000 0.000015 0.003841 -0.000360 -0.000013 -0.000011 -0.000014 -0.000022
0.000010 -0.000172 -0.000004 0.000000 0.000002 -0.003653 -0.000003 -0.000002 -0.000000 0.000003 0.000006 -0.000674 -0.000758 -0.000029 -0.000011 -0.000005 -0.000000 0.000002 0.000012 0.000026 0.000047 0.000238 0.000122 -0.000001 -0.000000 0.000000 0.000435 -0.003408 -0.000326 -0.000009 -0.000003 -0.000002 -0.000000 0.000001 0.000005 0.000163 -0.009182 -0.000029 -0.000008 -0.000005 -0.000000 -0.000027 -0.000007 -0.000000 0.000000 0.000005 0.000011 0.000019 0.002784 0.000419 -0.000000 -0.000001 -0.000000 0.000017 0.001087 -0.000184 -0.000028 -0.000031 -0.000038 -0.000063
0.000004 0.000135 -0.000003 0.000000 0.000004 -0.008105 -0.000004 -0.000000 0.000001 0.000192 -0.000590 -0.001044 -0.000030 -0.000018 -0.000003 0.000000 0.000001 0.000008 0.000017 0.000020 0.000011 0.000015 0.000398 0.000232 0.000006 -0.003101 -0.018803 -0.007267 -0.000004 -0.000003 -0.000000 -0.000000 0.000002 0.000003 0.000005 -0.001115 -0.001209 -0.000006 -0.000008 -0.000000 -0.000018 -0.000039 -0.000006 -0.000000 0.000003 0.000009 0.000011 0.000005 0.000005 0.001952 -0.000065 -0.000093 -0.000000 0.000007 0.004357 0.008064 -0.000102 -0.000044 -0.000056 -0.000022
0.000002 0.000093 -0.000005 -0.000001 0.000000 -0.003011 -0.000003 -0.000000 -0.000063 -0.002031 -0.000016 -0.000017 -0.000014 -0.000008 -0.000001 0.000000 0.000003 0.000016 0.000041 0.000028 0.000029 0.000000 0.000036 0.005141 -0.033283 -0.047352 -0.000002 -0.000001 0.000000 0.000001 0.000002 0.000002 0.000014 0.005292 -0.019523 -0.030780 -0.000429 -0.000021 -0.000037 -0.000048 -0.000120 -0.000028 -0.000000 0.000002 0.000008 0.000010 0.000004 0.000000 0.000003 0.000316 0.001448 -0.000517 -0.000051 -0.000031 0.000083 0.001737 0.008819 -0.000368 -0.000027 -0.000015
0.000003 0.000012 0.000002 -0.000002 0.000000 -0.001922 -0.000002 -0.000000 -0.001754 -0.000004 -0.000006 -0.000005 -0.000004 -0.000002 -0.000000 0.000002 0.000010 0.000019 0.000016 0.000013 0.000142 -0.000000 -0.009348 -0.070924 -0.088026 -0.075742 -0.056374 -0.000004 0.000000 0.000012 -0.000076 -0.137807 -0.210053 -0.193863 -0.168359 -0.095272 -0.027212 -0.000112 -0.000135 -0.000106 -0.000045 -0.000000 0.000001 0.000010 0.000020 0.000012 0.000005 0.000002 -0.000197 -0.011391 -0.028486 -0.060724 -0.065703 -0.053711 -0.030346 -0.039697 -0.059078 -0.040034 -0.000030 -0.000008
