001_floodsim/hipims_case/output/hUx_900.asc
ncols 269
nrows 269
xllcorner 0.000000
yllcorner 0.000000
cellsize 10.000000
NODATA_value -9999.000000
[rows 108 to 134 of 269, columns 183 to 243 of 269]
0.000000 0.000012 -0.000107 -0.000024 -0.000016 -0.000000 0.000025 0.000044 0.000064 0.000603 -0.001100 -0.003935 -0.004121 -0.001937 -0.001811 -0.002621 -0.000409 -0.000528 -0.000155 -0.000103 -0.000060 -0.000055 -0.000026 -0.000011 0.000000 0.000006 -0.000012 -0.000008 0.000000 0.000006 0.000099 0.000124 0.000032 0.000005 0.000003 0.000000 0.000009 0.000026 0.000102 0.029677 -0.000980 -0.000472 -0.000099 -0.000013 -0.000000 0.000017 -0.000183 -0.000191 -0.000088 -0.000116 -0.000065 -0.000024 0.000000 0.000014 0.000109 -0.001466 -0.003583 -0.004064 -0.003854 -0.002891 -0.001976
0.000000 -0.000075 -0.000148 -0.000043 -0.000000 0.000018 0.000069 0.000088 0.000273 -0.001683 -0.001560 -0.000058 -0.000122 -0.000086 -0.000000 -0.000611 -0.000731 -0.000161 -0.000105 -0.000067 -0.000021 -0.000030 -0.000041 -0.000000 0.000000 0.000015 0.000021 -0.000029 -0.000017 0.000000 0.000011 0.000020 0.000003 0.000028 0.000094 0.000047 0.000062 0.000091 0.000065 0.002512 -0.000220 -0.000195 -0.000113 -0.000034 -0.000000 0.000026 0.000035 -0.000087 -0.000215 -0.000222 -0.000104 -0.000029 0.000000 0.000026 0.000014 -0.000106 -0.000205 -0.000262 -0.000307 -0.000433 -0.000910
0.000000 -0.000201 -0.000101 -0.000018 -0.000000 0.000040 0.000081 0.000014 -0.002318 -0.002156 -0.000746 -0.000117 -0.000067 -0.000103 -0.000118 -0.000140 -0.000107 -0.000096 -0.000037 -0.000026 -0.000003 -0.000008 -0.000004 -0.000000 0.000015 0.000033 0.000006 -0.000224 -0.000514 -0.000272 -0.000053 0.000000 0.000008 0.000062 0.000063 0.000101 0.000118 0.000166 0.010705 -0.015321 -0.000180 -0.000138 -0.000094 -0.000040 -0.000000 0.000030 0.000003 -0.000033 -0.000037 -0.000091 -0.000061 -0.000016 0.000000 0.000022 -0.000109 -0.000087 -0.000107 -0.000123 -0.000106 -0.000081 -0.000057
-0.000009 -0.000062 -0.000020 -0.000000 0.000010 0.000047 0.000273 -0.002969 -0.001999 -0.000752 -0.000329 -0.000219 -0.000146 -0.000055 -0.000107 -0.000096 -0.000067 -0.000053 -0.000043 -0.000000 0.000006 0.000021 -0.000000 0.000008 0.000026 -0.000117 -0.001648 -0.000760 -0.000170 -0.000078 -0.000036 0.000000 0.000013 0.000030 0.000098 0.000173 0.000216 0.001138 -0.040277 -0.000130 -0.000116 -0.000046 -0.000037 -0.000023 -0.000014 -0.000041 -0.000037 -0.000006 0.000000 0.000008 0.000011 -0.000071 -0.000035 -0.000028 -0.000035 -0.000028 -0.000023 -0.000028 -0.000043 -0.000035 -0.000036
-0.000130 -0.000050 -0.000000 0.000002 0.000009 -0.000049 -0.001744 -0.001381 -0.000716 -0.000600 -0.000385 -0.000276 -0.000209 -0.000091 -0.000032 -0.000016 0.000000 -0.000102 -0.000029 -0.000000 0.000013 0.000057 -0.000000 0.000075 -0.063330 -0.002779 -0.000099 -0.000115 -0.000102 -0.000027 -0.000013 0.000000 0.000029 0.000130 0.000469 0.000954 0.001297 0.000704 -0.002136 -0.000053 -0.000077 -0.000122 -0.000105 -0.000088 -0.000102 -0.000117 -0.000025 0.000000 0.000029 0.000065 0.000063 0.000060 -0.000052 -0.000054 -0.000070 -0.000072 -0.000089 -0.000096 -0.000098 -0.000085 -0.000089
-0.000191 -0.000159 -0.000020 -0.000004 0.000000 -0.000371 -0.001122 -0.000883 -0.000745 -0.000511 -0.000327 -0.000239 -0.000207 -0.000135 -0.000064 -0.000005 0.000000 -0.000113 -0.000025 -0.000000 0.000021 0.000467 -0.000612 -0.002977 -0.000120 -0.000088 -0.000036 -0.000033 -0.000034 -0.000040 -0.000003 0.000000 0.000007 0.000055 0.000098 0.000156 0.000161 0.000173 0.009296 -0.097958 -0.000155 -0.000201 -0.000177 -0.000136 -0.000128 -0.000098 -0.000014 0.000000 0.000023 0.000056 0.000090 -0.002504 -0.005973 -0.008538 -0.010195 -0.006191 -0.004463 -0.000855 -0.001498 -0.002601 -0.005950
-0.020120 -0.022311 -0.027274 -0.022985 -0.012677 -0.025732 -0.009707 -0.002618 -0.001568 -0.000818 -0.000570 -0.000416 -0.000432 -0.000295 -0.000085 -0.000000 0.000012 0.000015 -0.000007 -0.000000 -0.000278 -0.025442 -0.002322 -0.000046 -0.000044 -0.000048 -0.000064 -0.000022 -0.000000 0.000008 0.000028 -0.000012 -0.000027 0.000000 0.000016 0.000051 0.000087 0.000155 0.001480 -0.003710 -0.012584 -0.017475 -0.014230 -0.000195 -0.000123 -0.000043 -0.000000 0.000010 0.000628 -0.007319 -0.013004 -0.007683 -0.000199 -0.000376 -0.000627 -0.001294 -0.003627 -0.008266 -0.006023 -0.003828 -0.000680
-0.000114 -0.000009 -0.000004 -0.000007 -0.000000 -0.001505 -0.001941 -0.000832 -0.000228 -0.000346 -0.000262 -0.000199 -0.000156 -0.000136 -0.000043 -0.000000 0.000010 0.000140 0.000663 -0.001466 -0.005956 -0.000118 -0.000066 -0.000107 -0.000080 -0.000034 -0.000003 -0.000000 0.000009 0.000033 0.000064 -0.000101 -0.000140 -0.000058 0.000000 0.000008 0.000131 0.000316 0.000935 -0.000215 -0.000430 -0.000281 -0.001119 -0.010750 -0.013932 -0.000262 -0.000071 -0.037834 -0.026905 -0.010103 -0.000107 -0.000062 -0.000080 -0.000085 -0.000051 -0.000082 -0.000111 -0.000101 -0.000145 -0.000165 -0.000155
-0.000143 -0.000006 0.000000 0.000001 0.000006 -0.000067 -0.000344 -0.000811 -0.002024 -0.001833 -0.001186 -0.000273 -0.000199 -0.000146 -0.000047 -0.000000 0.000028 0.000164 -0.001840 -0.002224 -0.000049 -0.000047 -0.000055 -0.000042 -0.000045 -0.000046 -0.000023 -0.000000 0.000025 0.000063 0.000042 -0.000164 -0.000162 -0.000131 -0.000045 0.000000 0.000058 0.000143 0.000150 -0.000137 -0.000162 -0.000036 -0.000000 0.000004 -0.001724 -0.008126 -0.014404 -0.015522 -0.000138 -0.000107 -0.000069 -0.000019 -0.000019 -0.000013 0.000000 -0.000037 -0.000052 -0.000148 -0.000145 -0.000133 -0.000129
-0.000554 -0.000024 -0.000000 0.000008 0.000038 0.000087 -0.000325 -0.000157 -0.000135 -0.000280 -0.000584 -0.000889 -0.000247 -0.000113 -0.000028 -0.000000 0.000030 0.000626 -0.003900 -0.000637 -0.000087 -0.000019 -0.000000 0.000009 -0.000119 -0.000075 -0.000015 -0.000000 0.000045 0.000071 -0.000691 -0.000732 -0.001302 -0.000662 -0.000078 -0.000000 0.000019 0.000079 -0.000005 -0.000075 -0.000121 -0.000127 -0.000020 -0.000000 -0.000005 -0.000017 -0.000018 -0.000014 -0.000053 -0.000030 -0.000025 -0.000000 -0.000022 -0.000016 -0.000024 -0.000184 -0.000203 -0.000080 -0.000107 -0.000088 -0.000039
-0.000692 -0.000036 -0.000000 0.000005 0.000033 0.000108 -0.000046 -0.000113 -0.000022 -0.000019 -0.000018 -0.000021 -0.000007 -0.000000 0.000002 0.000007 0.000049 -0.002167 -0.001290 -0.000377 -0.000105 -0.000037 -0.000000 0.000010 -0.000430 -0.000052 -0.000000 0.000006 0.000036 0.000163 -0.003938 -0.001332 -0.000289 -0.000288 -0.000244 -0.000012 -0.000000 -0.000021 -0.000038 -0.000071 -0.000088 -0.000117 -0.000076 -0.000019 -0.000053 -0.000018 0.000000 0.000026 0.000035 0.000047 0.000031 -0.000000 0.000001 -0.000103 -0.000143 -0.000225 -0.000116 -0.000063 -0.000021 0.000000 0.000002
-0.000353 -0.000031 -0.000000 0.000004 0.000075 0.000136 0.000061 0.000089 0.000465 0.000954 0.000584 0.000248 0.000097 0.000029 0.000018 0.000009 0.000018 -0.003076 -0.001188 -0.000388 -0.000120 -0.000011 -0.000000 -0.000009 -0.000137 -0.000041 -0.000000 0.000013 -0.000314 -0.004766 -0.000145 -0.000172 -0.000166 -0.000111 -0.000047 -0.000052 -0.000033 -0.000052 -0.000101 -0.000122 -0.000081 -0.000103 -0.000094 -0.000071 -0.000025 0.000000 0.000024 0.000082 0.000104 0.000138 0.000128 0.000042 -0.001521 -0.004439 -0.003775 -0.000227 -0.000155 -0.000084 -0.000015 0.000000 -0.000651
-0.000243 -0.000049 -0.000000 0.000021 0.000086 0.000068 0.000047 0.000173 0.000450 0.000546 0.004266 0.007584 0.006942 0.014095 0.037306 -0.026160 -0.064514 -0.007200 -0.000378 -0.000112 -0.000016 -0.000000 0.000012 0.000070 -0.000182 -0.000096 -0.000064 -0.000349 -0.003861 -0.000118 -0.000049 -0.000049 -0.000049 -0.000051 -0.000098 -0.000109 -0.000090 -0.000087 -0.000043 -0.000050 -0.000056 -0.000075 -0.000036 -0.000023 0.000000 0.000017 0.000077 0.000137 0.000146 0.000099 0.000796 -0.047626 -0.008208 -0.001120 -0.001383 -0.004858 -0.003975 -0.002941 -0.001476 -0.002890 -0.002455
-0.000190 -0.000093 -0.000000 0.000005 0.000058 0.000286 0.000311 0.000388 0.000543 0.000563 0.000593 0.000858 0.000856 0.000671 0.022310 0.054537 -0.005763 -0.017851 -0.000746 -0.000041 -0.000000 0.000005 0.000028 0.000089 -0.009922 -0.010444 -0.001940 -0.001350 -0.001539 -0.000082 -0.000175 -0.000176 -0.000117 -0.000129 -0.000179 -0.000256 -0.000202 -0.000117 -0.000111 -0.000134 -0.000080 -0.000022 -0.000000 -0.000000 0.000000 0.000020 0.000112 0.000209 0.000181 0.000352 -0.003848 -0.007224 -0.000317 -0.000338 -0.000060 -0.000006 -0.000068 -0.001073 -0.002573 -0.000646 -0.001275
0.000197 -0.000072 -0.000018 0.000000 0.000036 0.000126 0.000138 0.000130 0.000234 0.000394 0.000444 0.000622 0.000835 0.000792 0.000486 0.000139 0.000215 0.035429 -0.030327 -0.046744 -0.019669 -0.025064 -0.019241 -0.007813 -0.000504 -0.001076 -0.035019 -0.029790 -0.000918 -0.000232 -0.000236 -0.000336 -0.000381 -0.000420 -0.000501 -0.000218 -0.000111 -0.000100 -0.000110 -0.000155 -0.000066 -0.000000 0.000005 0.000033 0.000038 0.000000 0.000040 0.000111 0.000166 -0.004662 -0.010584 -0.000210 -0.000205 -0.000294 -0.000207 -0.000014 -0.000000 -0.000135 -0.000157 -0.000245 -0.000151
0.000295 -0.000059 -0.000029 0.000000 0.000040 0.000113 0.000109 0.000038 0.000115 0.000280 0.000500 0.000742 0.000990 0.000676 0.000252 0.000134 0.000101 0.000151 0.001652 -0.030530 -0.010587 -0.000230 -0.000153 -0.000052 -0.000008 0.000000 0.000022 -0.001726 -0.016452 -0.000310 -0.000471 -0.000526 -0.000542 -0.000214 -0.000147 -0.000180 -0.000060 -0.000000 -0.000070 -0.000130 -0.000084 -0.000010 0.000000 0.000033 0.000170 0.000122 0.000093 0.000711 -0.107758 -0.019234 -0.000184 -0.000164 -0.000177 -0.000180 -0.000126 -0.000070 -0.000003 -0.000043 -0.000078 -0.000092 -0.000077
0.000424 -0.000162 -0.000032 0.000000 0.000035 0.000139 0.000240 0.000237 0.000117 0.000141 0.000268 0.000471 0.000645 0.000366 -0.000000 0.000000 0.000022 0.000098 0.000146 0.001688 -0.001814 -0.000237 -0.000122 -0.000046 -0.000006 0.000000 0.000034 0.000115 0.030747 -0.041697 -0.000454 -0.000474 -0.000238 -0.000109 -0.000059 -0.000057 -0.000018 -0.000000 -0.000362 -0.000281 -0.000149 -0.000013 0.000000 0.000016 0.000124 0.000230 0.005188 -0.195274 -0.016093 -0.000124 -0.000119 -0.000101 -0.000054 -0.000059 -0.000055 -0.000052 -0.000053 -0.000096 -0.000080 -0.000035 -0.000023
0.000050 -0.000129 -0.000073 0.000000 0.000002 0.000072 0.000177 0.000156 0.000299 0.000134 0.000202 0.000746 0.000163 -0.000047 -0.000025 0.000000 0.000035 0.000099 0.000133 0.000268 -0.005228 -0.000266 -0.000280 -0.000149 -0.000024 0.000000 0.000035 0.000113 0.000147 0.018634 -0.013558 -0.008200 -0.000206 -0.000043 -0.000019 -0.000008 -0.000000 0.000000 -0.000549 -0.000183 -0.000086 -0.000029 0.000000 0.000022 0.000141 0.000163 -0.002848 -0.000087 -0.000028 -0.000041 -0.000044 -0.000058 -0.000126 -0.000146 -0.000138 -0.000140 -0.000096 -0.000021 0.000000 0.000005 0.000011
-0.000006 -0.000030 -0.000033 0.000000 0.000018 0.000133 0.000177 0.000225 0.000309 0.000252 0.000435 -0.000163 -0.000057 -0.000024 -0.000002 0.000000 0.000024 0.000044 0.000053 0.000979 -0.001149 -0.000150 -0.000152 -0.000112 -0.000041 0.000000 0.000037 0.000100 0.000130 0.000165 0.002100 -0.174057 -0.015733 -0.000050 -0.000043 -0.000022 -0.000000 -0.000186 -0.000629 -0.000202 -0.000192 -0.000073 -0.000001 0.000000 0.000071 0.002294 -0.012236 -0.000064 -0.000122 -0.000185 -0.000169 -0.000276 -0.000453 -0.000660 -0.000874 -0.000634 -0.000237 -0.000000 0.000017 0.000047 0.000093
-0.000066 -0.000071 -0.000020 0.000000 0.000005 0.000070 0.000157 0.000335 0.000312 0.000106 -0.000282 -0.000168 -0.000023 0.000000 0.000005 0.000035 0.000093 0.000135 0.001968 0.001267 0.000342 -0.000052 -0.000059 -0.000048 -0.000025 0.000000 0.000018 0.000075 0.000117 0.000136 0.000077 0.000079 0.005769 -0.010807 -0.006458 -0.004228 -0.001513 -0.002593 -0.005668 -0.003981 -0.000140 -0.000065 -0.000000 -0.000072 -0.208322 -0.016124 -0.001575 -0.003176 -0.004450 -0.004788 -0.002786 -0.002667 -0.002208 -0.000685 -0.000139 -0.000078 -0.000020 -0.000000 0.000058 0.000104 0.000064
-0.000155 -0.000139 -0.000081 -0.000036 0.000000 0.000015 0.000092 0.000699 0.000275 0.000058 -0.000185 -0.000193 -0.000016 0.000000 0.000008 0.000229 0.002791 0.003058 0.000534 0.000361 0.000336 -0.072819 -0.000149 -0.000130 -0.000075 -0.000016 0.000000 0.000024 0.000070 0.000103 0.000078 0.000074 0.000084 0.000063 -0.000274 -0.000047 -0.000007 0.000000 0.000047 -0.022816 -0.008998 -0.000357 -0.001162 -0.006266 -0.000125 -0.000060 -0.000010 -0.000007 -0.000032 -0.000083 -0.000260 -0.000193 -0.000153 -0.000092 -0.000071 -0.000017 -0.000000 0.000036 0.000132 0.000175 0.000125
-0.001714 -0.001016 -0.000182 -0.000170 -0.000043 0.000000 0.000107 0.002163 -0.000000 0.000007 0.000014 -0.000427 -0.000069 0.000000 0.000014 0.000041 0.001954 0.000000 0.000036 0.000195 0.000187 0.000144 -0.059335 -0.000162 -0.000121 -0.000055 -0.000016 0.000000 0.000010 0.000024 0.000032 0.000061 0.000083 0.000052 -0.000163 -0.000165 -0.000024 0.000000 0.000020 0.000115 0.001634 -0.011347 -0.008489 -0.000053 -0.000054 -0.000040 -0.000020 -0.000000 0.000008 0.000019 -0.000078 -0.000122 -0.000131 -0.000095 -0.000019 -0.000000 0.000039 0.000136 0.000127 0.000100 0.004507
-0.000024 -0.000138 -0.002022 -0.000187 -0.000139 0.000000 0.000037 0.000135 -0.000014 -0.000000 0.000008 0.000006 -0.000008 0.000000 0.000046 0.001464 0.000318 0.000000 0.000094 0.000187 0.000153 0.000099 0.003438 -0.347848 -0.000172 -0.000116 -0.000130 -0.000097 -0.000051 -0.000012 0.000000 0.000022 0.000050 0.000056 0.000090 -0.000130 -0.000024 0.000000 0.000027 0.000116 0.000117 0.000056 -0.000256 -0.002066 -0.000132 -0.000153 -0.000091 -0.000018 0.000000 0.000005 -0.000041 -0.000069 -0.000055 -0.000014 -0.000000 0.000027 0.000049 0.000087 0.000135 0.008213 -0.092863
-0.000010 0.000000 -0.001008 -0.000148 -0.000024 0.000000 0.000008 0.000009 -0.000006 -0.000000 0.000003 0.000018 0.000039 0.000136 0.000730 0.050184 0.000000 0.000043 0.000076 0.000061 0.000042 0.000043 0.000049 0.117139 -0.001664 -0.000194 -0.000203 -0.000171 -0.000133 -0.000105 -0.000045 -0.000002 -0.000000 0.000027 0.000050 -0.000046 -0.000016 0.000000 0.000031 0.000243 0.000024 0.000009 0.000055 0.000517 -0.000921 -0.000142 -0.000125 -0.000075 -0.000059 -0.000100 -0.000118 -0.000024 -0.000012 -0.000000 0.000008 0.000030 0.000102 0.000146 0.006023 -0.022186 -0.001077
-0.000008 0.000000 0.000111 -0.113283 -0.000152 -0.000055 -0.000024 -0.000029 -0.000024 -0.000000 0.000000 0.000028 0.000075 0.000125 0.000435 0.000118 0.000000 0.000021 0.000038 0.000042 0.000121 0.000146 0.000791 0.005064 -0.001134 -0.002298 -0.002387 -0.002284 -0.001417 -0.001281 -0.000547 -0.000081 -0.000008 -0.000000 0.000026 0.000112 -0.000002 0.000000 0.000048 0.000123 0.000000 0.000006 0.000045 0.000125 0.000588 -0.007313 -0.000137 -0.000128 -0.000120 -0.000102 -0.000147 -0.000045 -0.000000 0.000003 0.000007 0.000028 0.000105 0.006162 -0.053279 -0.001168 -0.000181
-0.000004 0.000000 0.000054 -0.002542 -0.000111 -0.000139 -0.000120 -0.000068 -0.000022 -0.000007 0.000000 0.000016 0.000119 0.000377 0.000310 -0.000008 0.000000 0.000020 0.000085 0.000496 0.001128 0.000949 0.000359 0.000100 -0.000067 -0.000080 -0.000096 -0.000098 -0.000061 -0.000080 -0.000151 -0.000263 -0.000063 -0.000000 0.000003 0.000008 0.000000 0.000012 0.000030 0.000004 0.000000 0.000009 0.000060 0.000093 0.000077 0.000060 0.013946 -0.005476 -0.000628 -0.000998 -0.000112 -0.000036 -0.000000 0.000004 0.000010 0.000014 0.000033 -0.007965 -0.003890 -0.000047 -0.000072
0.000000 0.000002 0.000063 0.000534 -0.000557 -0.000524 -0.000444 -0.000158 -0.000046 -0.000018 0.000000 0.000003 0.000017 0.000028 0.000030 0.000000 0.000002 0.000030 0.000606 0.000253 0.000096 0.000054 0.000023 0.000014 -0.000013 -0.000024 -0.000019 -0.000016 -0.000014 -0.000010 -0.000010 -0.000013 -0.000013 -0.000007 -0.000000 0.000000 0.000000 0.000010 0.000029 -0.000002 0.000000 0.000004 0.000129 0.000036 0.000000 0.000004 0.000096 -0.000003 -0.000000 0.001038 -0.015628 -0.010460 -0.007936 -0.014483 -0.011490 -0.015156 -0.030828 -0.017138 -0.000263 -0.000233 -0.000171
