001_floodsim/hipims_case/output/hUx_3600.asc
ncols 269
nrows 269
xllcorner 0.000000
yllcorner 0.000000
cellsize 10.000000
NODATA_value -9999.000000
[rows 135 to 161 of 269, columns 60 to 119 of 269]
-0.000000 -0.000003 -0.000006 -0.000023 -0.000031 -0.000026 -0.000011 -0.000032 -0.000038 -0.000007 -0.000006 -0.000006 -0.000008 -0.000011 -0.000010 -0.000008 -0.000011 -0.000018 -0.000032 -0.000039 -0.000030 -0.000015 -0.000008 -0.000000 0.000000 0.000004 0.000010 0.000006 -0.000003 0.000000 0.000010 0.000011 0.000010 0.000015 -0.000065 -0.000019 -0.000023 -0.000027 -0.000004 -0.000000 0.000000 0.000004 0.000008 0.000014 0.000016 0.000015 0.000010 0.000016 -0.000002 -0.000000 -0.032370 -0.039471 -0.000009 -0.000010 -0.000008 -0.000003 -0.000000 -0.000001 -0.000000 0.000000
-0.000001 -0.000003 -0.000003 -0.000002 -0.000000 -0.000001 -0.000001 -0.000003 -0.000012 -0.000015 -0.000011 -0.000004 -0.000006 -0.000008 -0.000007 -0.000005 -0.000007 -0.000010 -0.000009 -0.000011 -0.000010 -0.000006 -0.000003 -0.000001 0.000000 0.000006 0.000040 0.000307 -0.000001 0.000000 0.000008 0.000010 -0.000002 -0.000073 -0.000010 -0.000004 -0.000004 -0.000003 -0.000000 0.000001 0.000004 0.000004 0.000000 0.000006 0.000020 0.000015 0.000013 0.018233 -0.010081 -0.036161 -0.046303 -0.000113 -0.000005 -0.000005 -0.000005 -0.000004 -0.000006 -0.000004 -0.000001 0.000000
-0.000005 -0.000005 -0.000004 -0.000003 -0.000002 -0.000001 -0.000000 0.000000 -0.000010 -0.000007 -0.000007 -0.000006 -0.000002 -0.000003 -0.000005 -0.000009 -0.000009 -0.000005 -0.000004 -0.000002 0.000000 0.000001 0.000003 0.000002 -0.000002 0.000000 0.000008 0.000013 0.000113 -0.000000 0.000000 -0.000010 -0.000031 -0.000010 -0.000006 -0.000007 -0.000003 -0.000003 -0.000001 0.000000 0.000003 0.000012 0.000011 0.000007 0.000005 0.000003 0.000004 -0.022171 -0.048847 -0.022957 -0.001180 -0.000090 -0.000052 -0.000042 -0.000016 -0.000017 -0.000018 -0.000006 -0.000002 0.000000
-0.000005 -0.000007 -0.000005 -0.000004 -0.000004 -0.000002 -0.000000 0.000000 -0.000008 -0.000006 -0.000004 -0.000002 -0.000005 -0.000008 -0.000014 -0.000017 -0.000014 -0.000011 -0.000008 -0.000003 0.000000 0.000002 0.000008 -0.000005 -0.000004 0.000000 0.000001 0.000004 0.000005 0.000010 0.000003 -0.000022 -0.000004 -0.000003 -0.000000 -0.000002 -0.000001 -0.000000 -0.000000 0.000000 0.000008 0.000017 0.000008 0.000007 0.000065 -0.018029 -0.057075 -0.037052 -0.000111 -0.000004 -0.000001 -0.000001 -0.000009 -0.000035 -0.000064 -0.000045 -0.000011 -0.000004 -0.000001 0.000000
-0.000003 -0.000005 -0.000005 -0.000004 -0.000003 -0.000003 -0.000001 -0.000001 -0.000001 -0.000003 -0.000002 -0.000004 -0.000006 -0.000007 -0.000007 -0.000010 -0.000015 -0.000011 -0.000007 -0.000003 -0.000001 0.000000 0.000009 0.000002 -0.000010 -0.000003 0.000000 0.000007 0.000016 0.000008 0.000018 -0.000042 -0.000035 -0.000048 -0.000064 -0.000049 -0.000028 -0.000014 -0.000007 0.000000 0.000012 0.000040 0.000028 0.005750 -0.097703 -0.040967 -0.006934 -0.002066 -0.000012 -0.000009 -0.000004 -0.000000 -0.000010 -0.000009 -0.000016 -0.000011 -0.000006 -0.000002 0.000000 0.000001
-0.000007 -0.000002 -0.000002 -0.000001 -0.000001 -0.000002 -0.000001 -0.000000 0.000000 -0.000001 -0.000002 -0.000004 -0.000007 -0.000007 -0.000007 -0.000013 -0.000014 -0.000017 -0.000012 -0.000002 -0.000000 0.000000 0.000008 0.000047 -0.000003 -0.000001 0.000000 0.000002 0.000007 0.000010 -0.000037 -0.000008 -0.000011 -0.000013 -0.000008 -0.000004 -0.000002 -0.000004 -0.000003 0.000000 0.000006 0.000006 0.000011 0.018206 -0.026158 -0.000002 -0.000000 -0.000008 -0.000014 -0.000006 -0.000009 -0.000006 -0.000007 -0.000008 -0.000010 -0.000007 -0.000002 0.000000 0.000001 0.000005
-0.000005 -0.000006 -0.000004 -0.000003 -0.000003 -0.000004 -0.000002 -0.000000 0.000001 -0.000003 -0.000020 -0.000024 -0.000025 -0.000022 -0.000015 -0.000017 -0.000017 -0.000004 -0.000000 0.000000 0.000000 0.000004 0.000008 0.000032 0.000002 -0.000002 0.000000 0.000001 0.000004 0.000024 -0.000007 -0.000009 -0.000011 -0.000004 -0.000002 0.000000 0.000004 0.000016 -0.000000 0.000000 0.000005 0.000011 0.000012 -0.006931 -0.000007 -0.000003 -0.000000 0.000000 -0.000030 -0.000028 -0.000004 -0.000003 -0.000004 -0.000004 -0.000004 -0.000003 -0.000002 0.000000 0.000003 0.000007
-0.000028 -0.000007 -0.000004 -0.000005 -0.000009 -0.000010 -0.000001 -0.000000 -0.000000 -0.000030 -0.000005 -0.000004 -0.000005 -0.000004 -0.000001 -0.000001 -0.000000 0.000000 0.000002 0.000002 0.000001 0.000000 0.000000 0.000003 0.000015 -0.000000 0.000000 0.000001 -0.000014 -0.000005 -0.000003 -0.000003 -0.000005 -0.000005 -0.000000 0.000001 0.000005 0.000010 -0.000000 -0.000000 0.000000 0.000003 0.000010 -0.029522 -0.000003 -0.000002 -0.000002 -0.000003 -0.000003 -0.000021 -0.000053 -0.000013 -0.000013 -0.000010 -0.000007 -0.000004 -0.000000 0.000001 0.000005 0.000006
-0.000011 -0.000015 -0.000014 -0.000024 -0.000012 -0.000001 -0.000000 0.000001 -0.000008 -0.000006 -0.000004 -0.000002 -0.000002 -0.000002 -0.000001 -0.000000 0.000003 0.000005 0.000004 0.000001 -0.000004 -0.000005 -0.000001 0.000000 0.000007 0.000005 -0.000003 -0.000008 -0.000003 -0.000003 -0.000005 -0.000004 -0.000000 -0.000000 0.000000 0.000001 0.000003 0.000008 -0.000003 -0.000002 -0.000000 0.000000 0.000002 -0.032931 -0.000008 -0.000007 -0.000007 -0.000005 -0.000005 0.000000 -0.000023 -0.000049 -0.000054 -0.000048 -0.000032 -0.000004 -0.000000 0.000003 0.000013 0.000026
-0.000001 -0.000001 -0.000004 -0.000002 -0.000001 -0.000000 0.000000 -0.000000 -0.000019 -0.000004 -0.000002 -0.000002 -0.000001 -0.000001 -0.000000 -0.000000 0.000005 0.000009 0.000004 -0.000009 -0.000006 -0.000005 -0.000001 0.000000 0.000003 0.000004 -0.000004 -0.000003 -0.000001 -0.000002 -0.000002 -0.000001 -0.000000 0.000000 0.000002 0.000002 0.000002 0.000005 -0.000005 -0.000002 -0.000000 0.000000 -0.003834 -0.011515 -0.000030 -0.000011 -0.000014 -0.000011 -0.000003 0.000000 -0.000006 -0.000009 -0.000009 -0.000013 -0.000014 -0.000009 -0.000000 0.000003 0.000010 0.000020
-0.000003 -0.000003 -0.000005 -0.000003 -0.000000 -0.000000 -0.000046 -0.000024 -0.000004 -0.000002 -0.000000 0.000000 0.000001 0.000001 -0.000000 0.000002 0.000008 0.000011 0.000071 -0.000020 -0.000011 -0.000004 -0.000001 -0.000000 0.000000 -0.000002 -0.000001 -0.000000 -0.000010 -0.000003 -0.000003 -0.000001 -0.000000 0.000001 0.000005 0.000004 0.000005 -0.000041 -0.000010 -0.000001 -0.000000 -0.000312 -0.002351 -0.000010 -0.000017 -0.000034 -0.000007 -0.000011 -0.000016 -0.000034 -0.000047 -0.000021 -0.000016 -0.000011 -0.000003 0.000000 0.000001 0.000009 0.000023 0.000028
-0.000015 -0.000026 -0.000039 -0.000022 -0.000020 -0.000015 -0.000006 -0.000003 -0.000001 0.000000 0.000001 0.000003 0.000004 0.000006 -0.000000 0.000002 0.000008 0.000022 -0.000001 -0.000000 0.000000 0.000001 -0.000009 -0.000007 -0.000006 -0.000011 -0.000006 -0.000002 0.000000 0.000000 -0.000004 -0.000011 -0.000014 -0.000013 -0.000003 -0.000001 -0.000000 0.000000 0.000001 -0.000015 -0.000007 -0.000008 -0.000006 -0.000005 -0.000006 -0.000014 -0.000036 -0.000038 -0.000046 -0.000028 -0.000013 -0.000009 -0.000006 -0.000003 -0.000000 0.000000 0.000004 0.000007 0.000013 0.000014
-0.000002 -0.000002 -0.000004 -0.000004 -0.000005 -0.000005 -0.000004 -0.000001 0.000000 0.000001 0.000004 0.000007 0.000006 0.000007 -0.000000 0.000001 0.000005 -0.000061 -0.000006 -0.000001 -0.000000 0.000001 0.000003 -0.000002 -0.000003 -0.000002 -0.000001 0.000000 0.000000 -0.000000 0.000000 0.000000 -0.000003 -0.000004 -0.000004 -0.000001 0.000000 0.000002 0.000002 -0.000009 -0.000006 -0.000007 -0.000005 -0.000004 -0.000002 -0.000003 -0.000005 -0.000007 -0.000012 -0.000012 -0.000009 -0.000007 -0.000002 -0.000001 0.000000 0.000001 0.000008 0.000016 0.000017 0.000009
-0.000003 -0.000002 -0.000004 -0.000003 -0.000003 -0.000004 -0.000003 0.000000 0.000001 0.000003 0.000007 0.000005 0.000006 0.000009 0.000003 0.000003 0.000001 -0.000009 -0.000006 -0.000002 -0.000000 0.000001 0.000000 -0.000001 -0.000002 -0.000001 0.000000 0.000002 0.000005 -0.000001 -0.000000 0.000000 -0.000000 -0.000001 -0.000002 -0.000000 0.000000 0.000002 0.000048 -0.000005 -0.000003 -0.000002 -0.000002 -0.000002 -0.000002 -0.000005 -0.000010 -0.000009 -0.000009 -0.000007 -0.000002 -0.000001 -0.000009 -0.000010 0.000000 0.000004 0.000013 0.000017 0.003337 -0.023542
-0.000003 -0.000001 -0.000001 -0.000001 -0.000001 -0.000001 -0.000001 0.000000 0.000001 0.000006 0.000009 0.000009 0.000005 0.000005 0.000002 0.000003 -0.000080 -0.000011 -0.000014 -0.000010 -0.000002 -0.000000 -0.000000 -0.000000 -0.000001 -0.000001 0.000000 0.000000 -0.000000 -0.000000 -0.000000 0.000000 -0.000003 -0.000002 -0.000001 0.000000 0.000001 0.000016 0.000015 -0.000003 -0.000006 -0.000006 -0.000005 -0.000007 -0.000006 -0.000003 -0.000004 -0.000004 -0.000002 0.000000 -0.000009 -0.000034 -0.000026 -0.000003 0.000000 0.000006 0.000015 0.000502 -0.068022 -0.010094
-0.000002 -0.000002 -0.000002 -0.000003 -0.000002 -0.000002 -0.000001 0.000000 0.000003 0.000018 0.000037 0.000021 0.000008 0.000021 -0.000000 -0.000027 -0.000009 -0.000009 -0.000010 -0.000009 -0.000004 -0.000001 -0.000000 0.000000 0.000001 0.000002 0.000002 0.000001 -0.000000 -0.000000 0.000000 0.000000 0.000001 -0.000000 -0.000000 0.000000 0.000001 0.000007 0.000009 -0.000003 -0.000011 -0.000004 -0.000004 -0.000006 -0.000007 -0.000005 -0.000006 -0.000003 -0.000001 -0.000019 -0.000047 -0.000010 -0.000005 0.000000 0.000002 0.000011 0.000015 0.028220 -0.010544 -0.000002
-0.000002 -0.000001 -0.000002 -0.000002 -0.000003 -0.000004 -0.000001 0.000000 0.000000 0.000004 0.000009 0.000033 0.000020 -0.000006 -0.000008 -0.000009 -0.000009 -0.000008 -0.000009 -0.000007 -0.000004 -0.000001 0.000000 0.000000 0.000004 0.000004 0.000009 -0.000002 -0.000003 -0.000000 0.000000 0.000001 0.000002 -0.000000 -0.000000 0.000000 0.000008 0.000007 0.000007 0.000006 0.000003 0.000012 -0.000006 -0.000018 -0.000008 -0.000005 -0.000008 -0.000010 -0.000012 -0.000025 -0.000006 -0.000004 -0.000002 0.000000 0.000007 0.000014 0.000010 -0.023139 -0.000013 -0.000014
0.000000 -0.000001 -0.000001 -0.000003 -0.000004 -0.000003 -0.000002 -0.000000 0.000000 0.000001 0.000004 0.000007 0.000095 -0.000005 -0.000009 -0.000007 -0.000008 -0.000007 -0.000005 -0.000002 -0.000002 -0.000001 0.000000 0.000001 0.000002 0.000003 -0.000004 -0.000002 -0.000003 -0.000002 0.000000 0.000001 0.000004 0.000000 0.000000 0.000007 0.000005 0.000002 0.000003 0.000006 0.000005 0.000005 -0.000000 0.000000 -0.000000 0.000001 -0.000058 -0.000018 -0.000013 -0.000014 -0.000011 -0.000006 -0.000000 0.000002 0.000007 0.000012 0.000048 -0.000043 -0.000012 -0.000007
0.000000 0.000001 -0.000000 -0.000001 -0.000002 -0.000004 -0.000003 -0.000001 0.000000 0.000001 0.000002 0.000003 0.000013 -0.000018 -0.000007 -0.000006 -0.000004 -0.000002 -0.000003 -0.000005 -0.000003 -0.000001 0.000000 -0.000005 -0.000004 -0.000003 -0.000006 -0.000004 -0.000002 -0.000001 0.000000 0.000001 0.000005 0.000005 0.000007 0.000021 -0.000000 -0.000000 0.000002 0.000007 0.000006 0.000004 -0.000000 -0.000000 -0.000000 0.000002 -0.000010 -0.000006 -0.000010 -0.000014 -0.000015 -0.000006 -0.000000 0.000007 0.000014 0.000100 -0.000009 -0.000014 -0.000031 -0.000033
0.000001 0.000001 -0.000000 -0.000002 -0.000003 -0.000004 -0.000004 -0.000003 -0.000001 0.000000 0.000003 0.000007 0.000025 -0.000008 -0.000009 -0.000002 -0.000002 -0.000003 -0.000004 -0.000005 -0.000006 -0.000013 -0.000033 -0.000024 -0.000010 -0.000011 -0.000007 -0.000002 0.000000 0.000001 0.000004 0.000003 0.000009 0.000013 0.000006 -0.000000 -0.000003 -0.000000 0.000003 0.000007 0.000011 0.000003 0.000002 -0.000001 -0.000000 0.000002 0.000005 -0.000045 -0.000011 -0.000016 -0.000005 -0.000000 0.000002 0.000006 0.000008 -0.000012 -0.000008 -0.000014 -0.000021 -0.000027
0.000002 0.000002 -0.000000 0.000000 -0.000002 -0.000002 -0.000003 -0.000005 -0.000002 0.000000 0.000003 0.000008 0.000016 -0.000003 -0.000004 -0.000004 -0.000000 -0.000000 -0.000067 -0.000034 -0.000042 -0.000022 -0.000009 -0.000015 -0.000013 -0.000009 -0.000004 -0.000001 0.000000 0.000004 0.000014 0.000020 0.000010 0.000003 0.000003 0.000003 0.000004 -0.000000 0.000005 0.000011 0.000007 0.000004 0.000002 -0.000000 -0.000000 0.000001 0.000005 0.000007 -0.000032 -0.000005 -0.000001 -0.000000 0.000003 0.000005 -0.000006 -0.000003 -0.000006 -0.000013 -0.000013 -0.000012
-0.000007 -0.000005 -0.000000 0.000000 0.000001 0.000001 -0.000006 -0.000005 -0.000003 0.000000 0.000004 0.000019 -0.000004 -0.000008 -0.000006 -0.000011 -0.000031 -0.000022 -0.000009 -0.000006 -0.000007 -0.000005 -0.000011 -0.000012 -0.000011 -0.000006 -0.000001 0.000000 0.000002 0.000003 0.000003 0.000003 0.000003 0.000006 0.000008 0.000007 0.000000 -0.000001 -0.000000 0.000003 0.000005 0.000004 0.000004 -0.000005 -0.000001 -0.000000 0.000002 0.000008 0.000066 -0.000002 -0.000000 0.000001 0.000015 -0.000009 -0.000014 -0.000007 -0.000007 -0.000005 -0.000006 -0.000005
-0.000001 0.000000 0.000001 0.000006 0.000008 0.000015 -0.000009 -0.000006 -0.000003 0.000000 0.000001 0.000003 0.000028 -0.000036 -0.000041 -0.000036 -0.000011 -0.000012 -0.000008 -0.000006 -0.000008 -0.000015 -0.000009 -0.000005 -0.000004 -0.000002 0.000000 0.000001 0.000005 0.000009 0.000008 0.000008 0.000008 0.000011 0.000009 -0.000001 -0.000037 -0.000017 -0.000001 -0.000000 0.000004 0.000007 0.000001 -0.000005 -0.000003 -0.000000 0.000004 0.000009 0.000009 0.000084 -0.000009 -0.000021 -0.000003 -0.000000 0.000000 -0.000026 -0.000019 -0.000007 -0.000011 -0.000010
0.000000 0.000000 0.000001 0.000002 0.000000 0.000002 0.000060 -0.000001 -0.000001 0.000000 0.000002 0.000006 -0.000042 -0.000010 -0.000009 -0.000006 -0.000007 -0.000008 -0.000006 -0.000003 -0.000003 -0.000004 -0.000006 -0.000010 -0.000008 -0.000007 -0.000003 0.000000 0.000004 0.000011 0.000012 0.000010 0.000010 0.000006 0.000004 -0.000016 -0.000005 -0.000005 -0.000004 -0.000000 0.000004 0.000005 0.000003 -0.000001 -0.000004 -0.000003 0.000000 0.000004 0.000009 0.000008 0.000004 -0.000004 -0.000005 -0.000002 -0.000000 0.000000 0.000002 -0.000032 -0.000007 -0.000010
-0.000002 -0.000001 -0.000000 -0.000000 0.000000 0.000001 0.000004 0.000005 -0.000000 0.000001 0.000005 0.000044 -0.000008 -0.000008 -0.000006 -0.000002 -0.000002 -0.000003 -0.000004 -0.000006 -0.000006 -0.000004 -0.000001 -0.000003 -0.000007 -0.000010 -0.000002 0.000000 0.000005 0.000013 0.000012 0.000009 0.000012 0.000011 -0.000005 -0.000012 -0.000012 -0.000009 -0.000003 -0.000002 -0.000001 -0.000000 0.000000 0.000001 0.000002 0.000002 0.000000 0.000000 0.000007 0.000010 0.000011 0.000016 -0.000001 -0.000010 -0.000001 -0.000000 0.000001 0.000004 0.002482 -0.000126
-0.000004 -0.000001 0.000000 0.000001 0.000002 0.000003 0.000003 0.000023 0.000010 0.000007 0.000008 -0.000006 -0.000006 -0.000003 -0.000004 -0.000008 -0.000005 -0.000006 -0.000008 -0.000006 -0.000002 -0.000000 0.000001 -0.000001 -0.000012 -0.000006 -0.000001 0.000000 0.000002 0.000007 0.000009 0.000004 0.000000 0.000002 0.000016 -0.000009 -0.000010 -0.000012 -0.000010 -0.000008 -0.000005 -0.000004 -0.000001 -0.000000 0.000001 0.000002 0.000000 0.000003 0.000009 0.000008 0.000032 0.000007 0.000000 -0.000025 -0.000009 -0.000001 -0.000000 0.000003 0.000007 0.000071
-0.000002 -0.000001 0.000000 0.000002 0.000003 0.000003 0.000005 0.000002 0.000003 0.000004 -0.000004 -0.000003 -0.000004 -0.000008 -0.000013 -0.000010 -0.000006 -0.000007 -0.000008 -0.000004 -0.000001 -0.000000 0.000001 -0.000011 -0.000003 -0.000000 0.000001 0.000001 0.000000 0.000001 0.000002 0.000005 0.000000 -0.000031 -0.000006 -0.000006 -0.000041 -0.000048 -0.000011 -0.000014 -0.000012 -0.000009 -0.000004 -0.000002 -0.000001 -0.000000 0.000000 0.000002 0.000005 0.000043 0.000107 -0.000000 0.000000 -0.000026 -0.000010 -0.000004 -0.000000 0.000005 0.000010 0.000006
