001_floodsim/hipims_case/output/hUx_900.asc
ncols 269
nrows 269
xllcorner 0.000000
yllcorner 0.000000
cellsize 10.000000
NODATA_value -9999.000000
[rows 162 to 188 of 269, columns 122 to 182 of 269]
0.000000 0.000000 0.000000 0.000000 0.000000 -0.000000 -0.000000 -0.000000 -0.000000 -0.000000 -0.000001 -0.000005 -0.000008 -0.000003 0.000000 0.000004 0.000011 0.000021 0.000102 -0.000004 -0.000007 -0.000019 -0.000019 -0.000010 -0.000003 -0.000001 -0.000000 0.000001 0.000001 -0.000000 0.000000 0.000000 0.000007 0.000013 0.000009 0.000215 -0.000044 -0.000020 -0.000005 -0.000004 0.000000 0.000016 0.000039 0.000103 0.000184 0.000128 -0.000535 -0.000006 -0.000005 -0.000007 -0.000015 -0.000033 -0.000029 -0.000020 -0.000017 -0.000011 -0.000003 0.000000 0.000002 0.000009 0.000016
0.000000 0.000000 0.000000 0.000000 0.000000 -0.000000 -0.000000 -0.000000 -0.000000 -0.000001 -0.000001 -0.000001 -0.000003 -0.000001 0.000000 0.000006 0.000017 0.000016 0.000025 -0.000064 -0.000023 -0.000025 -0.000011 -0.000008 -0.000003 -0.000000 0.000000 0.000002 0.000003 -0.000005 -0.000005 0.000000 0.000001 0.000004 0.000012 0.000045 -0.000029 -0.000024 -0.000027 -0.000007 0.000000 0.000002 0.000013 0.000010 0.000015 0.000109 -0.000707 -0.000020 -0.000021 -0.000030 -0.000016 -0.000006 -0.000007 -0.000011 -0.000009 -0.000005 -0.000000 0.000001 0.000008 0.000015 0.000023
0.000000 0.000000 0.000000 0.000000 0.000000 0.000000 -0.000000 -0.000000 -0.000000 -0.000000 -0.000000 -0.000037 -0.000036 -0.000000 0.000002 0.000008 0.000017 0.000000 0.000007 -0.000174 -0.000051 -0.000009 -0.000003 -0.000002 -0.000000 0.000001 0.000002 0.000001 -0.000045 -0.000017 0.000000 0.000001 0.000005 0.000010 0.000025 -0.000471 -0.000016 -0.000007 -0.000003 -0.000001 0.000000 0.000003 0.000013 0.000019 0.000009 0.000006 -0.000262 -0.000030 -0.000023 -0.000025 -0.000027 -0.000019 -0.000020 -0.000018 -0.000003 -0.000001 -0.000000 0.000002 0.000018 0.000031 0.000029
0.000000 0.000000 0.000000 0.000000 0.000000 0.000000 0.000000 -0.000000 -0.000007 -0.000048 -0.000074 -0.000064 -0.000002 -0.000000 0.000006 0.000019 0.000031 0.000010 -0.006257 -0.000289 -0.000006 -0.000006 -0.000006 -0.000001 -0.000000 0.000002 0.000004 -0.000037 -0.000061 -0.000001 0.000000 0.000004 0.000010 0.000014 0.000016 -0.000676 -0.000011 -0.000002 -0.000000 0.000001 0.000006 0.000010 0.000012 0.000019 0.000011 0.000015 -0.000148 -0.000081 -0.000120 -0.000181 -0.000166 -0.000102 -0.000042 -0.000009 -0.000004 -0.000000 0.000001 0.000007 0.000013 0.000024 0.000034
0.000000 0.000000 0.000000 0.000000 -0.000000 -0.000000 -0.000000 -0.000002 -0.000026 -0.000000 -0.000000 -0.000000 0.000000 0.000003 0.000019 0.000022 0.000017 -0.001774 -0.000093 -0.000072 -0.000021 -0.000021 -0.000022 -0.000016 0.000000 0.000006 0.000021 -0.000038 -0.000018 -0.000000 0.000001 0.000007 0.000013 0.000018 0.000015 -0.020237 -0.000022 -0.000003 -0.000000 0.000006 0.000011 0.000009 0.000008 0.000011 0.000000 0.000013 0.000444 -0.000260 -0.000151 -0.000015 -0.000013 -0.000006 -0.000004 -0.000003 -0.000000 0.000000 0.000004 0.000012 0.000023 0.000037 0.000090
0.000000 0.000000 0.000000 0.000000 0.000000 -0.000000 -0.000000 -0.000000 -0.000000 -0.000000 -0.000000 -0.000000 0.000002 0.000009 0.000017 0.000016 -0.000529 -0.000053 -0.000063 -0.000112 -0.000202 -0.000104 -0.000041 -0.000002 0.000000 0.000024 0.000060 -0.000051 -0.000010 -0.000000 0.000002 0.000010 0.000019 0.000023 -0.000064 -0.000016 -0.000010 -0.000000 -0.000000 0.000009 0.000031 0.000030 0.000013 -0.000009 0.000000 0.000008 -0.028714 -0.000019 -0.000014 -0.000005 -0.000008 -0.000015 -0.000009 -0.000004 -0.000000 0.000002 0.000010 0.000019 0.000027 0.000037 0.000062
0.000000 0.000000 0.000000 0.000000 0.000000 0.000000 0.000000 -0.000000 -0.000000 -0.000000 -0.000000 0.000000 0.000004 0.000010 0.000006 -0.001801 -0.000035 -0.000038 -0.000034 -0.000021 -0.000022 -0.000013 -0.000005 -0.000000 0.000000 0.000006 0.000113 0.005795 -0.000005 -0.000000 0.000000 0.000008 0.000064 0.000040 -0.000124 -0.000005 -0.000003 -0.000000 0.000001 0.000006 0.000019 0.000025 0.000105 -0.000001 0.000000 -0.000848 -0.000028 -0.000027 -0.000009 -0.000015 -0.000019 -0.000024 -0.000013 -0.000001 -0.000000 0.000003 0.000016 0.000027 0.000035 0.000034 0.000112
0.000000 0.000000 0.000000 0.000000 0.000000 0.000000 0.000000 0.000000 0.000000 -0.000000 -0.000000 0.000000 0.000093 -0.003087 -0.000075 -0.000028 -0.000028 -0.000020 -0.000012 -0.000012 -0.000014 -0.000008 -0.000002 -0.000000 0.000000 0.000002 0.000011 0.000023 0.001246 -0.000004 -0.000001 0.000000 0.000008 0.000081 -0.000155 -0.000013 -0.000007 -0.000001 0.000000 0.000008 0.000023 0.000037 0.000059 0.000013 -0.000028 -0.000022 -0.000018 -0.000012 -0.000016 -0.000026 -0.000038 -0.000029 -0.000003 -0.000000 0.000002 0.000007 0.000012 0.000035 0.000043 0.000174 -0.000144
0.000000 0.000000 0.000000 0.000000 0.000000 0.000000 0.000000 0.000000 0.000000 -0.000138 -0.000076 -0.000086 -0.000040 -0.000033 -0.000018 -0.000009 -0.000013 -0.000013 -0.000006 -0.000003 -0.000004 -0.000004 -0.000006 -0.000002 0.000000 0.000013 0.000023 0.000046 0.000038 0.000058 0.000021 0.000000 0.000002 0.000012 0.005130 -0.000017 -0.000011 -0.000003 0.000000 0.000006 0.000023 0.000034 0.003848 -0.000249 -0.000021 -0.000015 -0.000006 0.000000 -0.000001 -0.000030 -0.000021 -0.000012 -0.000002 -0.000000 0.000003 0.000012 0.000024 0.000027 0.000040 0.001964 -0.000005
0.000000 0.000000 0.000000 0.000000 0.000000 0.000000 0.000000 0.000000 0.000000 -0.000024 -0.000022 -0.000005 -0.000027 -0.000023 -0.000021 -0.000014 -0.000008 -0.000008 -0.000002 -0.000004 -0.000007 -0.000009 -0.000010 -0.000004 0.000000 0.000002 0.000006 0.000012 0.000012 0.000012 0.000013 -0.000004 0.000000 0.000007 0.000016 -0.000561 -0.000013 -0.000001 0.000000 0.000007 0.000023 0.000063 -0.000018 -0.000015 -0.000013 -0.000008 -0.000002 0.000000 -0.000009 -0.000018 -0.000026 -0.000014 -0.000002 -0.000000 0.000006 0.000024 0.000037 0.000046 0.000074 -0.000004 0.000000
0.000000 0.000000 0.000000 0.000000 0.000000 0.000000 0.000000 0.000000 0.000000 -0.000021 -0.000019 -0.000011 -0.000020 -0.000031 -0.000014 -0.000005 0.000000 0.000001 0.000010 -0.000011 -0.000048 -0.000123 -0.000088 -0.000038 -0.000009 -0.000000 0.000000 0.000003 0.000008 0.000007 0.000109 -0.000005 0.000000 0.000004 0.000014 0.000064 -0.000004 -0.000002 0.000000 0.000010 0.000025 -0.002430 -0.000013 -0.000005 -0.000004 -0.000003 -0.000000 0.000000 -0.000014 -0.000029 -0.000032 -0.000019 -0.000003 -0.000000 0.000003 0.000014 0.000048 0.000053 -0.000003 -0.000008 0.000000
0.000000 0.000000 0.000000 0.000000 0.000000 0.000000 0.000000 0.000000 0.000000 0.000000 -0.000071 -0.000006 -0.000011 -0.000016 -0.000015 -0.000003 0.000000 0.000008 0.000048 -0.000087 -0.000114 -0.000013 -0.000009 -0.000005 -0.000004 -0.000001 0.000000 0.000002 0.000003 0.000011 0.000122 -0.000003 0.000000 0.000001 0.000009 0.000018 0.001238 -0.000003 0.000000 0.000004 0.000016 -0.000005 -0.000008 -0.000015 -0.000012 -0.000004 -0.000000 0.000001 0.000015 -0.000071 -0.000038 -0.000011 -0.000004 -0.000000 0.000005 0.000020 0.000032 0.000045 -0.002499 -0.000007 0.000000
0.000000 0.000000 0.000000 0.000000 0.000000 0.000000 0.000000 0.000000 0.000000 0.000000 -0.000005 -0.000078 -0.000036 -0.000012 -0.000010 -0.000004 0.000000 0.000004 0.000022 -0.000014 -0.000005 -0.000005 -0.000006 -0.000003 -0.000001 0.000000 0.000000 0.000005 0.000011 0.000018 0.000168 -0.000024 0.000000 0.000001 0.000005 0.000014 0.000021 0.000112 0.000077 0.000113 0.004091 -0.000007 -0.000010 -0.000012 -0.000008 -0.000002 -0.000000 0.000001 -0.000031 -0.000062 -0.000024 -0.000015 -0.000002 0.000000 0.000005 0.000021 0.000037 0.000192 -0.000117 -0.000002 0.000000
0.000000 0.000000 0.000000 0.000000 0.000000 0.000000 0.000000 0.000000 0.000000 0.000000 0.000000 -0.000007 -0.000024 -0.000016 -0.000004 -0.000001 0.000000 0.000009 0.000061 0.001932 -0.000012 -0.000009 -0.000002 0.000000 0.000000 0.000000 0.000000 0.000008 0.000018 0.000019 -0.006123 -0.000007 0.000000 0.000001 0.000008 0.000007 0.000015 0.000020 0.000044 0.000020 0.000011 0.000033 0.000048 -0.000979 -0.000009 -0.000004 -0.000000 0.000000 -0.000302 -0.000162 -0.000041 -0.000014 -0.000001 0.000000 0.000005 0.000021 0.000029 -0.000539 -0.000006 -0.000000 0.000005
0.000000 0.000000 0.000000 0.000000 0.000000 0.000000 0.000000 0.000000 0.000000 0.000000 0.000000 -0.000007 -0.000012 -0.000006 -0.000001 0.000000 0.000000 0.000006 0.000012 0.000018 -0.000025 -0.000013 -0.000005 0.000000 0.000001 0.000002 0.000000 0.000012 0.000035 0.000025 -0.000005 -0.000002 0.000000 0.000001 0.000009 0.000014 0.000009 0.000031 0.000006 -0.000000 0.000001 0.000007 0.000012 0.000014 0.000023 0.000254 -0.000029 -0.000179 -0.000562 -0.000027 -0.000016 -0.000004 -0.000000 0.000000 0.000006 0.000025 0.000094 -0.000050 0.000000 0.000002 0.000006
0.000000 0.000000 0.000000 0.000000 0.000000 0.000000 0.000000 0.000000 0.000000 0.000000 0.000000 -0.000006 -0.000007 -0.000002 0.000000 0.000000 0.000001 0.000002 0.000003 0.000012 0.000082 -0.000070 -0.000011 -0.000003 0.000000 0.000000 0.000000 0.000004 0.000022 0.000075 -0.000012 -0.000004 0.000000 0.000004 0.000013 0.000017 0.000012 0.000008 -0.000001 -0.000000 0.000001 0.000003 0.000007 0.000012 0.000015 0.000012 0.003693 -0.000108 -0.000008 -0.000010 -0.000013 -0.000003 -0.000000 0.000000 0.000003 0.000024 0.000087 -0.000003 0.000000 0.000005 -0.000649
0.000000 0.000000 0.000000 0.000000 0.000000 0.000000 0.000000 0.000000 0.000000 -0.000000 -0.000000 -0.000001 -0.000002 0.000000 0.000001 0.000002 0.000004 0.000005 0.000010 0.000009 0.000008 0.000041 -0.000012 -0.000004 0.000000 -0.000009 -0.000001 0.000000 0.000019 0.000129 -0.000018 -0.000005 0.000000 0.000004 0.000012 0.000000 -0.000008 -0.000003 -0.000001 -0.000000 0.000000 0.000001 0.000002 0.000004 0.000005 0.000005 0.000004 -0.000310 -0.000012 -0.000008 -0.000007 -0.000006 -0.000005 -0.000003 0.000000 0.000022 0.002990 -0.000001 0.000000 -0.000758 -0.000026
0.000000 0.000000 0.000000 0.000000 0.000000 0.000000 0.000000 0.000000 -0.000000 -0.000000 -0.000000 -0.000000 0.000000 0.000002 0.000002 0.000001 0.000000 0.000002 0.000016 0.000093 0.000146 0.000332 0.001697 -0.000003 0.000000 -0.000029 -0.000004 0.000000 0.000016 0.000157 -0.000009 -0.000002 0.000000 0.000004 0.000008 -0.000007 -0.000017 -0.000007 -0.000002 -0.000000 0.000000 0.000002 0.000007 0.000011 0.000014 0.000015 0.000012 -0.000062 -0.000013 -0.000006 -0.000024 -0.000055 -0.000018 -0.000002 0.000000 0.000006 0.000006 0.000040 0.000000 -0.000027 -0.000016
0.000000 0.000000 0.000000 0.000000 0.000000 0.000000 0.000000 -0.000000 -0.000000 -0.000000 -0.000000 -0.000000 0.000001 0.000007 0.000017 -0.000008 -0.000002 0.000000 0.000032 0.000032 0.000014 0.000014 0.000023 0.000063 -0.000024 -0.000063 -0.000014 0.000000 0.000030 0.000272 -0.000050 -0.000002 0.000000 0.000002 0.000009 -0.000047 -0.000011 -0.000006 -0.000001 -0.000000 0.000002 0.000005 0.000006 0.000011 0.000013 0.000007 0.000006 -0.000044 -0.000019 -0.000027 -0.000089 -0.000011 -0.000002 -0.000000 0.000002 0.000008 0.000012 0.000018 -0.000015 -0.000004 -0.000004
0.000000 0.000000 0.000000 0.000000 0.000000 0.000000 0.000000 0.000000 -0.000000 -0.000000 -0.000000 -0.000000 0.000003 0.000006 0.000015 -0.000020 -0.000006 0.000000 0.000003 0.000004 0.000003 0.000008 0.000014 0.000021 0.006997 -0.000045 -0.000009 0.000000 0.000003 0.000010 0.000325 -0.000006 -0.000001 0.000000 0.000000 -0.000174 -0.000007 -0.000001 -0.000000 -0.000000 0.000003 0.000009 0.000005 0.000004 0.000009 0.000773 -0.000103 -0.000225 -0.000035 -0.000064 -0.000004 -0.000003 -0.000000 0.000006 0.000010 0.000004 0.000000 0.000012 -0.000980 -0.000010 -0.000011
0.000000 0.000000 0.000000 0.000000 0.000000 0.000000 0.000000 0.000000 0.000000 -0.000000 -0.000000 0.000000 0.000005 0.000011 -0.000082 -0.000071 -0.000007 0.000000 0.000005 0.000017 0.000000 0.000003 0.000005 0.000015 0.000016 -0.000131 -0.000008 -0.000000 0.000000 0.000004 0.000005 0.000176 0.000084 0.000000 0.000000 -0.000007 -0.000001 -0.000000 0.000000 0.000001 0.000002 0.000004 0.000000 0.000002 -0.000113 -0.000003 -0.000000 0.000001 -0.000962 -0.000016 -0.000004 -0.000000 0.000001 0.000003 0.001178 -0.000030 -0.000001 -0.000000 0.000000 -0.000030 -0.000028
0.000000 0.000000 0.000000 0.000000 0.000000 0.000000 0.000000 0.000000 0.000000 0.000000 -0.000000 0.000000 0.000007 0.000075 -0.000124 -0.000007 0.000000 0.000001 0.000008 0.000029 -0.000001 0.000000 0.000007 0.000008 0.000007 0.000102 -0.000006 -0.000002 0.000000 0.000004 0.000011 0.000041 0.000052 0.000012 0.000007 0.000017 0.000025 -0.000000 0.000000 0.000004 -0.000141 -0.000056 -0.000066 -0.000114 -0.000013 -0.000005 -0.000000 0.000001 0.000008 -0.000846 -0.000002 -0.000000 0.000001 -0.001151 -0.000015 -0.000004 -0.000000 -0.000000 -0.000000 0.000001 0.000003
0.000000 0.000000 0.000000 0.000000 0.000000 0.000000 0.000000 0.000000 0.000000 0.000000 0.000000 0.000000 0.000010 -0.000093 -0.000120 -0.000004 0.000000 0.000006 0.000017 0.000048 -0.000003 0.000000 0.000004 0.000013 0.000023 0.000086 -0.000004 -0.000000 0.000001 0.000004 0.000009 0.000017 0.000032 0.000014 0.000008 -0.000010 -0.000000 0.000001 -0.000165 -0.000005 -0.000002 -0.000001 -0.000010 -0.000011 -0.000014 -0.000005 -0.000000 0.000000 0.000006 0.000021 0.000012 -0.000256 -0.000388 -0.000161 -0.000030 -0.000018 -0.000005 -0.000002 -0.000000 0.000000 0.000003
0.000000 0.000000 0.000000 0.000000 0.000000 0.000000 0.000000 0.000000 0.000000 0.000000 0.000000 0.000000 0.000000 -0.000509 -0.000044 -0.000006 0.000000 0.000009 0.000022 0.000056 0.000008 0.000000 0.000000 0.000006 0.000011 0.000122 -0.000005 -0.000000 0.000002 0.000006 0.000007 0.000037 -0.000202 -0.000327 -0.000121 -0.000013 -0.000002 -0.000000 -0.000001 -0.000001 -0.000000 0.000000 -0.000018 -0.000007 -0.000013 -0.000009 -0.000001 0.000000 0.000007 0.000011 0.000000 0.000001 0.000036 -0.000315 -0.000033 -0.000023 -0.000019 -0.000005 -0.000000 0.000000 0.000006
0.000000 0.000000 0.000000 0.000000 0.000000 0.000000 0.000000 0.000000 0.000000 0.000000 0.000000 0.000000 -0.000072 -0.000219 -0.000015 -0.000003 0.000000 0.000011 0.000025 0.000044 0.000018 -0.000000 0.000000 0.000001 0.000007 0.000074 -0.000001 -0.000000 0.000003 0.000688 -0.000028 -0.000008 -0.000006 -0.000007 -0.000011 -0.000029 -0.000005 -0.000007 -0.000002 -0.000000 -0.000000 0.000002 -0.000032 -0.000020 -0.000017 -0.000008 -0.000001 0.000000 -0.000001 -0.000000 0.000000 0.000008 0.000390 -0.000759 -0.000040 -0.000013 -0.000019 -0.000006 0.000000 0.000002 0.000006
0.000000 0.000000 0.000000 0.000000 0.000000 0.000000 0.000000 0.000000 0.000000 0.000000 0.000000 0.000000 -0.000263 -0.000117 -0.000012 -0.000000 0.000001 0.000019 0.000068 0.000108 0.000120 -0.000000 0.000000 0.000003 0.000006 0.000013 -0.000000 0.000002 0.000414 -0.000034 -0.000005 -0.000005 -0.000011 -0.000003 -0.000010 -0.000036 -0.000147 -0.000004 -0.000004 -0.000001 -0.000000 -0.000007 -0.000013 -0.000020 -0.000018 -0.000008 -0.000001 0.000000 -0.000000 0.000000 0.000008 0.000009 0.000879 -0.000050 -0.000091 -0.000107 -0.000020 -0.000006 0.000000 0.000005 0.000044
0.000000 0.000000 0.000000 0.000000 0.000000 0.000000 0.000000 0.000000 0.000000 0.000000 0.000000 0.000000 -0.000190 -0.000047 -0.000009 -0.000000 0.000002 0.000012 0.000010 0.000012 0.000254 0.000096 0.000024 0.000009 0.000318 -0.000159 -0.000138 -0.000102 -0.000010 -0.000009 -0.000002 -0.000000 0.000002 -0.000054 -0.000210 -0.000157 -0.000114 -0.000219 -0.000011 -0.000004 -0.000004 -0.000016 -0.000021 -0.000025 -0.000023 -0.000010 -0.000002 0.000000 0.000001 0.000005 0.000009 0.000996 -0.000110 -0.000033 -0.000041 -0.000054 -0.000043 -0.000014 0.000000 0.000004 0.000015
