001_floodsim/hipims_case/output/hUy_7200.asc
ncols 269
nrows 269
xllcorner 0.000000
yllcorner 0.000000
cellsize 10.000000
NODATA_value -9999.000000
[rows 81 to 107 of 269, columns 0 to 60 of 269]
-9999.000000 -9999.000000 -9999.000000 -9999.000000 -9999.000000 -9999.000000 -9999.000000 -9999.000000 -9999.000000 -9999.000000 -9999.000000 -9999.000000 -9999.000000 -9999.000000 -9999.000000 -9999.000000 -9999.000000 -9999.000000 -9999.000000 -9999.000000 -0.000000 -0.000000 -0.000001 0.000000 0.000000 -0.000002 -0.000019 -0.000005 -0.000002 -0.000004 -0.000004 -0.000000 -0.000000 -0.000068 -0.000358 -0.000030 -0.000019 -0.000155 -0.093576 -0.157308 -0.065614 0.012006 0.000078 0.013071 0.003240 -0.000000 -0.000000 -0.000000 -0.000001 -0.000005 -0.000008 -0.006090 -0.005996 -0.002165 -0.001269 -0.011450 -0.051474 0.015410 0.000634 0.000096 0.000033
-9999.000000 -9999.000000 -9999.000000 -9999.000000 -9999.000000 -9999.000000 -9999.000000 -9999.000000 -9999.000000 -9999.000000 -9999.000000 -9999.000000 -9999.000000 -9999.000000 -9999.000000 -9999.000000 -9999.000000 -9999.000000 -9999.000000 0.000004 0.000003 0.000000 -0.000008 -0.000001 -0.000002 -0.000007 -0.000016 -0.000038 -0.000005 -0.000003 -0.000005 -0.000000 -0.000002 -0.000023 -0.000251 -0.000320 -0.001392 -0.072428 -0.118814 -0.102885 0.009945 0.000023 0.000008 0.000011 0.012221 0.000976 -0.000003 -0.000002 -0.000004 -0.007722 -0.043068 -0.001071 0.000227 0.004397 0.002162 0.002677 0.000022 0.000063 0.000159 0.000043 0.000039
-9999.000000 -9999.000000 -9999.000000 -9999.000000 -9999.000000 -9999.000000 -9999.000000 -9999.000000 -9999.000000 -9999.000000 -9999.000000 -9999.000000 -9999.000000 -9999.000000 -9999.000000 -9999.000000 -9999.000000 -9999.000000 0.000002 0.000003 0.000001 0.000000 0.000000 -0.000002 -0.000007 -0.000006 -0.000013 -0.000114 -0.000011 -0.000005 -0.000003 -0.000000 -0.000002 -0.000031 -0.032501 -0.054433 -0.046751 -0.090345 -0.119405 0.024379 0.000030 0.000030 0.000017 0.000006 0.000033 0.006010 0.003669 -0.001735 0.000239 0.002139 0.001709 0.000020 0.000018 0.000014 0.000033 0.000014 0.000009 0.000003 0.000141 0.000074 0.000007
-9999.000000 -9999.000000 -9999.000000 -9999.000000 -9999.000000 -9999.000000 -9999.000000 -9999.000000 -9999.000000 -9999.000000 -9999.000000 -9999.000000 -9999.000000 -9999.000000 -9999.000000 -9999.000000 -9999.000000 0.000003 0.000003 0.000002 0.000001 0.000000 -0.000001 -0.000004 -0.000013 -0.000006 -0.000010 -0.000043 -0.000136 -0.000006 -0.000002 -0.000001 0.000000 -0.000153 -0.091318 -0.095053 -0.053430 -0.063929 0.032091 0.000020 0.000022 0.000033 0.000019 0.000010 0.000066 0.000053 0.000027 0.000158 0.000019 0.000009 0.000103 0.000041 0.000019 0.000010 0.000023 0.000010 0.000006 0.000004 0.000012 0.000272 0.000010
-9999.000000 -9999.000000 -9999.000000 -9999.000000 -9999.000000 -9999.000000 -9999.000000 -9999.000000 -9999.000000 -9999.000000 -9999.000000 -9999.000000 -9999.000000 -9999.000000 -9999.000000 -9999.000000 0.000000 0.000002 0.000001 0.000001 0.000000 -0.000001 -0.000004 -0.000007 -0.000013 -0.000033 -0.000004 -0.000019 -0.000135 -0.000006 -0.000002 -0.000002 -0.000000 0.000073 -0.130719 -0.077366 -0.006740 0.000099 0.000008 0.000008 0.000003 0.000035 0.000020 0.000031 0.000115 0.000011 0.000004 0.000116 0.000028 0.000026 0.000023 0.000047 0.000019 0.000008 0.000015 0.000007 0.000002 0.000007 0.000015 0.000141 0.000016
-9999.000000 -9999.000000 -9999.000000 -9999.000000 -9999.000000 -9999.000000 -9999.000000 -9999.000000 -9999.000000 -9999.000000 -9999.000000 -9999.000000 -9999.000000 -9999.000000 -9999.000000 -0.000000 -0.000000 -0.000000 -0.000000 -0.000000 -0.000000 -0.000001 -0.000002 -0.000005 -0.000012 -0.000163 -0.000003 -0.000019 -0.000132 -0.000007 -0.000002 -0.000004 -0.000000 0.000008 -0.145504 -0.079951 0.000000 0.000000 0.000000 0.000003 0.000003 0.000005 0.000009 0.000110 0.000020 0.000011 0.000005 0.000078 0.000032 0.000025 0.000017 0.000041 0.000027 0.000015 0.000008 0.000006 0.000002 0.000005 0.000008 0.000085 0.000014
-9999.000000 -9999.000000 -9999.000000 -9999.000000 -9999.000000 -9999.000000 -9999.000000 -9999.000000 -9999.000000 -9999.000000 -9999.000000 -9999.000000 -9999.000000 -9999.000000 -0.000000 -0.000002 -0.000001 -0.000001 -0.000001 -0.000004 -0.000002 -0.000001 -0.000002 -0.000004 -0.000007 -0.000150 -0.000002 -0.000012 -0.000214 -0.000002 -0.000002 -0.000005 -0.000002 0.000007 -0.125753 -0.137652 -0.000024 -0.000003 -0.000002 0.000000 0.000004 0.000002 0.000005 0.000032 0.000020 0.000010 0.000010 0.000025 0.000013 0.000012 0.000012 0.000014 0.000024 0.000013 0.000006 0.000004 0.000001 0.000003 0.000005 0.000039 0.000008
-9999.000000 -9999.000000 -9999.000000 -9999.000000 -9999.000000 -9999.000000 -9999.000000 -9999.000000 -9999.000000 -9999.000000 -9999.000000 -9999.000000 0.000000 0.000000 -0.000004 -0.000024 -0.000005 -0.000010 -0.000006 -0.000005 -0.000003 -0.000001 -0.000003 -0.000003 -0.000006 -0.000107 -0.000001 -0.000094 -0.000077 -0.000001 -0.000005 -0.000014 -0.000002 0.000004 -0.049126 -0.183610 -0.021212 -0.000006 -0.000003 0.000000 0.000000 0.000001 0.000001 0.000001 0.000016 0.000004 0.000002 0.000006 0.000004 0.000005 0.000004 0.000010 0.000006 0.000005 0.000002 0.000001 0.000000 0.000000 0.000002 0.000012 0.000002
-9999.000000 -9999.000000 -9999.000000 -9999.000000 -9999.000000 -9999.000000 -9999.000000 -9999.000000 -9999.000000 -9999.000000 -9999.000000 0.000000 -0.000003 -0.000034 -0.000029 -0.000043 -0.000040 -0.000030 -0.000017 -0.000007 -0.000003 -0.000001 -0.000004 -0.000007 -0.000012 -0.000127 -0.000001 -0.000170 -0.000023 -0.000002 -0.000006 -0.000007 -0.000000 -0.000000 -0.004516 -0.186838 -0.068185 -0.000010 -0.000003 -0.000001 0.000000 0.000000 0.000000 0.000000 0.000002 0.000000 0.000000 0.000000 0.000001 0.000001 0.000001 0.000001 0.000001 0.000001 0.000000 0.000000 0.000000 0.000000 0.000000 0.000000 -0.000000
-9999.000000 -9999.000000 -9999.000000 -9999.000000 -9999.000000 -9999.000000 -9999.000000 -9999.000000 -9999.000000 -9999.000000 -0.000000 -0.000002 -0.000138 -0.000128 -0.000096 -0.000067 -0.000008 0.000001 0.000001 -0.000000 -0.000000 -0.000001 -0.000000 0.000000 0.000001 0.000043 0.000030 0.001259 -0.000626 -0.000002 -0.000006 -0.000012 -0.000014 -0.000005 -0.044928 -0.150247 -0.089204 -0.000018 -0.000013 -0.000007 0.000000 0.000000 -0.000000 -0.000000 -0.000000 -0.000000 -0.000001 -0.000001 0.000000 0.000000 -0.000000 -0.000000 -0.000000 -0.000000 -0.000001 -0.000002 -0.000004 -0.000002 -0.000000 -0.000000 -0.000000
-9999.000000 -9999.000000 -9999.000000 -9999.000000 -9999.000000 -9999.000000 -9999.000000 -9999.000000 -9999.000000 0.000000 -0.000026 -0.000040 -0.000148 -0.000098 -0.000027 -0.000000 -0.000000 -0.000000 -0.000000 -0.000000 -0.000002 -0.000001 -0.000001 -0.000000 0.000001 0.000035 0.000009 0.000011 -0.001007 -0.000348 -0.000229 -0.106884 -0.024591 -0.001192 -0.043246 -0.113383 -0.047486 0.000000 0.000000 -0.000002 -0.000000 -0.000000 -0.000000 -0.000001 -0.000006 -0.000004 -0.000005 -0.000001 0.000000 -0.000000 -0.000000 -0.000002 -0.000002 -0.000002 -0.000003 -0.000002 -0.000018 -0.000004 -0.000001 -0.000011 -0.000005
-9999.000000 -9999.000000 -9999.000000 -9999.000000 -9999.000000 -9999.000000 -9999.000000 -9999.000000 -9999.000000 -0.000000 -0.000268 -0.000056 -0.000084 -0.000047 -0.000019 -0.000005 -0.000003 -0.000003 -0.000002 -0.000003 -0.000007 -0.000001 -0.000004 0.000020 0.000028 0.000048 0.000001 0.000000 0.000001 -0.000218 -0.109348 -0.134609 -0.042939 -0.002484 -0.037020 -0.075032 0.010605 -0.000000 -0.000000 -0.000002 -0.000004 -0.000013 -0.000008 -0.000013 -0.000027 -0.000016 -0.000002 -0.000000 -0.000000 -0.000002 -0.000010 -0.000007 -0.000007 -0.000008 -0.000002 -0.000004 -0.000059 -0.000005 -0.000002 -0.000015 -0.000033
-9999.000000 -9999.000000 -9999.000000 -9999.000000 -9999.000000 -9999.000000 -9999.000000 -9999.000000 0.000000 -0.000001 -0.001025 -0.000142 -0.000050 -0.000027 -0.000021 -0.000012 -0.000012 -0.000010 -0.000007 -0.000018 -0.000011 -0.000003 0.000003 0.000013 0.000002 0.000003 0.000000 -0.000001 -0.000000 -0.000000 -0.119412 -0.136070 -0.029806 0.002545 0.000340 0.000070 0.005792 0.000344 -0.000019 -0.000034 -0.000088 -0.000102 -0.000035 -0.000037 -0.000002 -0.000000 -0.000000 -0.000002 -0.000012 -0.000012 -0.000014 -0.000008 -0.000023 -0.000009 -0.000007 -0.000022 -0.000017 -0.000001 -0.000001 -0.000008 -0.000060
-9999.000000 -9999.000000 -9999.000000 -9999.000000 -9999.000000 -9999.000000 -9999.000000 -9999.000000 0.000000 -0.000476 -0.000491 -0.000741 -0.000014 -0.000035 -0.000015 -0.000021 -0.000031 -0.000040 -0.000029 -0.000037 0.000001 0.000001 0.000006 0.000002 0.000001 0.000000 -0.000002 -0.000009 -0.000005 -0.010528 -0.196738 -0.100846 0.000099 0.000013 0.000007 0.000004 0.000009 0.001899 -0.000935 -0.000040 -0.000022 -0.000000 -0.000000 -0.000000 -0.000000 -0.000001 -0.000287 0.000256 -0.000076 -0.000047 -0.000101 -0.000028 -0.000014 -0.000004 -0.000086 -0.000033 -0.000003 -0.000001 -0.000003 -0.000007 -0.000121
-9999.000000 -9999.000000 -9999.000000 -9999.000000 -9999.000000 -9999.000000 -9999.000000 -9999.000000 0.000000 -0.000000 -0.000064 -0.000200 -0.000024 -0.000004 -0.000045 -0.000038 -0.000040 -0.000050 -0.000017 0.000002 0.000001 0.000000 0.000002 0.000000 0.000000 -0.000002 -0.000008 -0.000061 -0.109350 -0.157652 -0.172818 0.016437 0.000015 0.000009 0.000002 0.000005 0.000006 0.000040 0.001727 0.000334 -0.000016 -0.000003 -0.000002 -0.000001 -0.000524 -0.001772 -0.000110 0.000007 0.000007 0.000005 0.000242 0.001905 0.000015 0.000031 0.000043 0.000003 0.000002 -0.000001 -0.000004 -0.000012 -0.000272
-9999.000000 -9999.000000 -9999.000000 -9999.000000 -9999.000000 -9999.000000 -9999.000000 -9999.000000 -0.000000 -0.000006 -0.000214 0.000000 -0.000055 -0.000011 -0.000018 -0.000037 -0.000024 -0.000026 -0.000002 0.000000 0.000000 0.000000 0.000002 0.000000 -0.000002 -0.000007 -0.000892 -0.143680 -0.167830 -0.116382 0.017623 0.000014 0.000011 0.000009 0.000002 0.000001 0.000002 0.000091 0.000861 0.000875 -0.003640 -0.001391 -0.000347 -0.000373 -0.000204 0.000010 0.000007 0.000001 0.000006 0.000008 0.000007 0.000044 0.000014 0.000014 0.000008 0.000005 0.000001 -0.000002 -0.000008 -0.000014 -0.000206
-9999.000000 -9999.000000 -9999.000000 -9999.000000 -9999.000000 -9999.000000 -9999.000000 -9999.000000 -0.000000 -0.000618 -0.000241 -0.000000 -0.000019 -0.000573 -0.000096 -0.000021 -0.000020 -0.000015 -0.000007 -0.000003 -0.000005 -0.000000 0.000000 0.000000 -0.000005 -0.000009 -0.080216 -0.242555 -0.066444 0.000007 0.000021 0.000010 0.000005 0.000013 0.000004 0.000000 0.000004 0.000239 0.000006 0.000002 0.000008 0.005083 -0.000325 0.000002 0.000018 0.000011 0.000018 0.000004 0.000003 0.000002 0.000013 0.000011 0.000008 0.000016 0.000009 0.000003 0.000002 -0.000003 -0.000008 -0.000013 -0.000073
-9999.000000 -9999.000000 -9999.000000 -9999.000000 -9999.000000 -9999.000000 -9999.000000 -9999.000000 -0.000000 -0.000557 -0.000104 -0.000000 -0.000048 0.000000 -0.000248 -0.000412 -0.000306 -0.000016 -0.000015 -0.000014 -0.000012 -0.000006 -0.000004 -0.000001 -0.000005 -0.000004 -0.083601 -0.172428 0.000000 0.000001 0.000012 0.000010 0.000003 0.000011 0.000012 0.000019 0.000023 0.000149 0.000007 0.000002 0.000007 0.000492 0.000007 0.000001 0.000003 0.000007 0.000003 0.000001 0.000000 0.000000 0.000002 0.000006 0.000007 0.000007 0.000005 0.000003 0.000004 -0.000003 -0.000006 -0.000018 -0.000105
-9999.000000 -9999.000000 -9999.000000 -9999.000000 -9999.000000 -9999.000000 -9999.000000 0.000000 -0.000490 -0.000554 -0.000249 -0.000284 -0.001113 -0.000220 -0.000697 -0.000104 -0.000276 -0.000210 -0.004849 -0.000018 -0.000014 -0.000021 -0.000011 -0.000008 -0.000005 -0.000000 -0.070607 -0.174893 -0.000001 0.000000 0.000006 0.000007 0.000005 0.000007 0.000007 0.000008 0.000013 0.000108 0.000009 0.000003 0.000011 0.000527 0.000004 0.000000 0.000000 0.000001 0.000000 0.000000 0.000000 0.000000 0.000000 0.000002 0.000004 0.000004 0.000002 0.000004 0.000004 0.000004 -0.000009 -0.000027 -0.000491
-9999.000000 -9999.000000 -9999.000000 -9999.000000 -9999.000000 -9999.000000 -9999.000000 0.000000 -0.001590 -0.000973 -0.001154 -0.001314 -0.000448 -0.003086 -0.002787 -0.001618 -0.000494 0.001324 0.006884 -0.002206 -0.013061 -0.020902 -0.019084 -0.011672 -0.000010 -0.000003 -0.063290 -0.216689 -0.000619 -0.000001 0.000004 0.000002 0.000007 0.000004 0.000007 0.000009 0.000016 0.000069 0.000005 0.000002 0.000022 0.000757 0.000001 -0.000000 -0.000000 -0.000000 -0.000001 -0.000009 -0.000002 0.000001 0.000000 0.000000 0.000001 0.000002 0.000002 0.000001 0.000001 0.000001 0.000000 -0.000006 -0.006556
-9999.000000 -9999.000000 -9999.000000 -9999.000000 -9999.000000 -9999.000000 -9999.000000 0.000000 -0.000631 -0.004554 -0.003285 -0.004867 -0.004645 -0.004463 -0.006694 -0.006889 -0.004885 -0.001347 0.001003 -0.002360 -0.010493 -0.010792 0.016084 0.081319 0.056166 -0.033839 -0.069522 -0.184918 0.003537 0.000009 0.000005 0.000000 0.000001 0.000002 0.000004 0.000008 0.000016 0.000031 0.000001 0.000002 0.000023 0.000392 0.000020 -0.000000 -0.000004 -0.000000 0.000056 0.000005 0.000002 0.000000 0.000000 0.000000 0.000000 0.000000 0.000000 0.000000 0.000000 0.000000 0.000000 -0.000000 -0.008606
-9999.000000 -9999.000000 -9999.000000 -9999.000000 -9999.000000 -9999.000000 -9999.000000 -0.000000 -0.000272 -0.005334 -0.016611 -0.015201 -0.022951 -0.010154 -0.006264 0.003441 0.021723 -0.015751 -0.004250 -0.013292 -0.016787 -0.020094 -0.008210 0.011939 0.036906 0.015612 -0.009179 -0.132029 0.026127 0.000007 0.000002 0.000000 0.000000 0.000000 0.000001 0.000001 0.000002 0.000003 0.000000 0.000000 0.000072 0.000253 0.000078 0.000088 0.000048 0.000022 0.000006 0.000003 0.000001 -0.000000 -0.000000 -0.000000 -0.000000 -0.000000 -0.000001 -0.000002 -0.000002 -0.000001 -0.000000 -0.000000 -0.015165
-9999.000000 -9999.000000 -9999.000000 -9999.000000 -9999.000000 -9999.000000 -9999.000000 -0.000000 -0.000129 -0.002156 -0.011247 -0.058880 -0.027374 -0.016760 -0.002021 0.000002 0.004221 -0.086389 -0.039661 -0.007967 -0.013281 -0.013880 -0.012412 0.000000 0.000002 0.009141 0.112445 0.038965 0.000009 0.000005 0.000001 -0.000001 -0.000001 -0.000000 -0.000000 -0.000000 -0.000000 -0.000000 -0.000000 0.000011 0.000352 0.000017 0.000018 0.000013 0.000007 0.000005 0.000002 -0.000000 -0.000000 -0.000001 -0.000001 -0.000001 -0.000002 -0.000003 -0.000002 -0.000004 -0.000005 -0.000005 -0.000002 -0.000003 -0.028796
-9999.000000 -9999.000000 -9999.000000 -9999.000000 -9999.000000 -9999.000000 -9999.000000 -0.000000 -0.000070 -0.000719 -0.010658 -0.003372 -0.771681 -0.012258 -0.001775 0.000000 0.000000 -0.018700 -0.074384 -0.060733 -0.003083 -0.006817 -0.007340 -0.000002 0.000000 0.000000 0.000009 0.000006 0.000003 0.000000 0.000000 -0.000002 -0.000009 -0.000002 -0.000001 -0.000000 0.000002 0.000006 0.000044 0.000432 0.000014 0.000010 0.000019 0.000011 0.000004 0.000002 -0.000000 -0.000001 -0.000003 -0.000005 -0.000004 -0.000005 -0.000004 -0.000009 -0.000002 -0.000004 -0.000003 -0.000000 -0.000001 -0.000019 -0.060869
-9999.000000 -9999.000000 -9999.000000 -9999.000000 -9999.000000 -9999.000000 -1.250616 -0.000000 -0.000032 -0.000570 0.068928 0.291015 -0.352385 -0.323551 -0.001227 -0.000002 0.000000 -0.000008 -0.011550 -0.066965 -0.027462 -0.001845 -0.004360 -0.000220 -0.000003 -0.000000 0.000000 0.000000 0.000000 -0.000000 -0.000001 -0.000001 -0.000007 -0.000007 -0.000011 -0.000000 0.000001 0.000003 0.000044 0.000012 0.000009 0.000010 0.000007 0.000004 0.000002 0.000000 -0.000001 -0.000007 -0.000040 -0.000011 -0.000007 -0.000007 -0.000005 -0.000010 -0.000003 -0.000002 -0.000001 -0.000000 0.000004 0.000090 -0.099692
-9999.000000 -9999.000000 -9999.000000 -9999.000000 -9999.000000 -9999.000000 -1.251882 -0.000000 -0.000011 -0.009365 0.072878 0.203999 -0.249171 -0.120929 -0.000602 -0.000011 -0.000009 -0.000013 -0.020518 -0.067826 -0.037895 -0.010947 -0.001208 -0.002077 -0.000013 -0.000004 -0.000004 -0.000003 -0.000001 -0.000004 -0.000030 -0.000002 -0.000005 -0.000010 -0.000029 0.000000 0.000000 0.000002 0.000020 0.000008 0.000006 0.000005 0.000004 0.000002 0.000000 -0.000001 -0.000004 -0.000010 -0.000185 -0.000049 -0.000027 -0.000016 -0.000032 -0.000008 -0.000004 -0.000001 -0.000002 0.000003 0.000008 0.000009 -0.060526
-9999.000000 -9999.000000 -9999.000000 -9999.000000 -9999.000000 -9999.000000 -1.254489 -0.000001 -0.000007 -0.016576 -0.065936 0.081917 -0.060111 0.054313 -0.001335 -0.003276 -0.007039 -0.010333 -0.029595 -0.043718 -0.035586 -0.019951 -0.004013 -0.000109 -0.000256 -0.000010 -0.000012 -0.000012 -0.000010 -0.000009 -0.000025 -0.000002 -0.000005 -0.000050 -0.000019 -0.000002 -0.000001 0.000000 0.000001 0.000004 0.000003 0.000001 0.000001 0.000000 0.000000 -0.000002 -0.000007 -0.000381 -0.000017 0.000001 0.000001 0.000000 -0.000000 -0.000000 -0.000000 -0.000000 -0.000000 0.000001 0.000006 0.000009 0.000160
