001_floodsim/hipims_case/output/hUy_7200.asc
ncols 269
nrows 269
xllcorner 0.000000
yllcorner 0.000000
cellsize 10.000000
NODATA_value -9999.000000
[rows 27 to 53 of 269, columns 122 to 182 of 269]
-0.000025 -0.000096 -0.000004 -0.000010 -0.000017 -0.000579 0.000000 -0.000000 -0.000000 -0.000000 -0.000000 -0.000002 0.000000 -0.000022 -0.000487 -0.000044 -0.000116 -0.000003 -0.000005 -0.000002 -0.000006 -0.000338 -0.000038 -0.000004 -0.000002 -0.000002 -0.000000 -0.000000 -0.000000 -0.000852 -0.001657 0.000008 0.000001 -0.000000 -0.000003 -0.000008 -0.000009 -0.000142 -0.000018 -0.000013 -0.000008 -0.000006 -0.000003 -0.000008 -0.000013 -0.000096 -0.000009 -0.000004 -0.000010 -0.000133 -0.000008 -0.000007 -0.000003 -0.000086 -0.000068 -0.000011 -0.000011 -0.000012 -0.000009 -0.000013 -0.000004
-0.000105 -0.000046 -0.000003 -0.000010 -0.000267 -0.000180 -0.000000 -0.000000 -0.000004 -0.000002 -0.000001 -0.000002 -0.000000 -0.000000 -0.000244 -0.000038 0.000000 0.000002 -0.000002 -0.000008 -0.000008 -0.000410 -0.000019 -0.000004 -0.000003 -0.000020 -0.000004 -0.000002 -0.000004 -0.000899 0.000010 0.000007 0.000000 -0.000000 -0.000003 -0.000007 -0.000079 -0.000069 -0.000010 -0.000011 -0.000012 -0.000008 -0.000003 -0.000008 -0.000018 -0.000131 -0.000008 -0.000003 -0.000128 -0.000067 -0.000005 -0.000003 -0.000007 -0.000149 -0.000026 -0.000032 -0.000021 -0.000064 -0.000061 -0.000022 -0.000004
-0.013502 -0.017425 -0.028212 -0.016778 -0.005560 -0.000047 -0.000003 -0.000005 -0.000018 -0.000010 -0.000009 -0.000004 -0.000005 -0.000004 -0.000260 0.000000 0.000000 0.000000 0.000000 0.000000 0.000000 -0.000376 -0.000013 -0.000007 -0.000011 -0.000054 -0.000009 -0.000003 -0.002030 0.001567 0.000010 0.000009 0.000005 0.000002 -0.000003 -0.000006 -0.000109 -0.000037 -0.000008 -0.000021 -0.000013 -0.000009 -0.000003 -0.000009 -0.000017 -0.000148 -0.000005 -0.000007 -0.000307 -0.000035 -0.000007 -0.000003 -0.000513 -0.004864 0.000030 0.000048 0.000025 0.000067 0.000002 0.000002 0.000000
-0.035759 -0.007436 0.005267 0.019535 0.068832 -0.000567 -0.000009 -0.000021 -0.000018 -0.000015 -0.000008 -0.000011 -0.000011 -0.000010 -0.000269 -0.000000 -0.000001 -0.000001 -0.000001 -0.000004 -0.000003 -0.000616 -0.001069 -0.002728 -0.008905 -0.001404 -0.007496 -0.006178 0.000329 0.000014 0.000006 0.000005 0.000003 0.000001 0.000001 0.000000 0.000003 -0.000278 -0.000031 -0.000027 -0.000018 -0.000011 -0.000004 -0.000009 -0.000220 -0.000086 -0.000003 -0.000008 -0.000356 -0.000062 -0.000095 -0.000332 -0.000081 0.000009 0.000007 0.000012 0.000007 0.000003 0.000001 -0.000000 -0.000000
-0.029335 0.000044 0.000006 0.000039 0.034894 0.031218 0.036419 -0.000023 -0.000008 -0.000017 -0.000017 -0.000074 -0.000132 -0.033805 -0.000268 -0.000000 -0.000003 -0.000003 -0.000006 -0.000009 -0.000008 -0.006537 0.001681 0.000008 0.000012 0.000003 0.000007 0.000075 0.000018 0.000011 0.000003 0.000001 0.000001 0.000000 0.000001 0.000003 0.000005 -0.000028 -0.000490 -0.000017 -0.000011 -0.000005 -0.000008 -0.000011 -0.000212 -0.000026 -0.000015 -0.046481 -0.071976 -0.000062 0.000017 0.000382 0.000008 0.000006 0.000003 0.000002 0.000003 0.000000 0.000000 -0.000006 -0.000006
0.002592 0.000016 0.000009 0.000004 0.000006 0.000626 0.055320 -0.029378 -0.060610 -0.057478 -0.007157 -0.000007 0.002029 0.015736 0.013580 -0.000003 -0.000007 -0.000004 -0.000010 -0.000010 -0.017603 0.001674 0.000008 0.000009 0.000006 0.000002 0.000005 0.000034 0.000012 0.000008 0.000001 0.000000 0.000000 0.000000 0.000000 0.000002 0.000002 0.000001 -0.000687 -0.000013 -0.000008 -0.000003 -0.000009 -0.000768 -0.000654 0.000082 -0.000823 0.000808 0.000027 0.000015 0.000012 0.000010 0.000006 0.000002 -0.000000 -0.000000 -0.000000 -0.000000 -0.000003 -0.000015 -0.000040
0.000017 0.000016 0.000008 0.000005 0.000002 0.000007 0.000016 0.000455 0.019557 0.023915 0.002649 0.000016 0.000003 0.009755 0.031090 -0.000006 -0.000007 -0.000003 -0.000010 -0.003487 0.000476 0.000005 0.000004 0.000002 0.000001 0.000000 0.000000 0.000001 0.000002 0.000006 -0.000000 -0.000000 -0.000000 -0.000000 -0.000000 -0.000000 -0.000000 -0.000000 -0.000194 -0.000257 -0.000006 -0.000008 -0.039568 -0.004767 -0.000029 0.000005 0.000007 0.000007 0.000018 0.000009 0.000007 0.000003 0.000001 -0.000000 -0.000000 -0.000003 -0.000002 -0.000005 -0.000009 -0.000073 -0.000030
0.000009 0.000006 0.000006 0.000004 0.000002 0.000005 0.000014 0.000012 0.000013 0.000014 0.000082 0.000006 0.000002 0.000306 0.042744 -0.002632 -0.000596 -0.001505 -0.004887 0.000501 0.000002 0.000002 0.000000 0.000000 0.000000 -0.000008 -0.000001 0.000000 0.000000 -0.000000 -0.000001 -0.000004 -0.000003 -0.000002 -0.000002 -0.000002 -0.000001 -0.000002 -0.000056 -0.027946 -0.017555 -0.001286 0.000919 0.000021 0.000012 0.000004 0.000002 0.000001 0.000004 0.000002 0.000001 -0.000000 -0.000000 -0.000001 -0.000007 -0.000026 -0.000003 -0.000009 -0.000089 -0.000050 -0.000020
0.000002 0.000001 0.000002 0.000001 0.000001 0.000001 0.000014 0.000003 0.000006 0.000012 0.000063 0.000003 0.000004 0.000003 0.034984 0.014442 -0.000256 -0.000200 0.000004 0.000002 0.000000 -0.000000 -0.000001 -0.000003 -0.000001 -0.000026 -0.000004 -0.000002 -0.000016 -0.000005 -0.000003 -0.000018 -0.000003 -0.000005 -0.000006 -0.000007 -0.000009 -0.000006 -0.012428 0.001274 0.000005 0.000008 0.000007 0.000020 0.000014 0.000007 0.000003 0.000000 -0.000000 -0.000000 -0.000000 -0.000001 -0.000004 -0.000007 -0.000018 -0.000094 -0.000004 -0.000010 -0.000136 -0.000026 -0.000011
0.000000 0.000000 0.000000 0.000000 0.000000 0.000000 0.000002 0.000002 0.000003 0.000012 0.000061 0.000004 0.000003 0.000004 0.013784 0.020255 0.000000 0.000000 0.000001 -0.000000 -0.000000 -0.000003 -0.000007 -0.000007 -0.000003 -0.000054 -0.000011 -0.000025 -0.000020 -0.000013 -0.000009 -0.000009 -0.000016 -0.000008 -0.000011 -0.000014 -0.000015 -0.003714 -0.000127 0.000002 0.000000 0.000000 0.000000 0.000001 0.000003 0.000002 0.000001 -0.000000 -0.000001 -0.000003 -0.000002 -0.000005 -0.000010 -0.000014 -0.000023 -0.000167 -0.000042 -0.000114 -0.000047 -0.000013 -0.000005
-0.000002 -0.000002 -0.000007 -0.000004 -0.000002 -0.000001 0.000000 0.000000 0.000000 0.000005 0.000005 0.000003 0.000000 0.000006 0.001060 0.033362 -0.000005 -0.000000 -0.000000 -0.000000 -0.000000 -0.000017 -0.000008 -0.000014 -0.000003 -0.000159 -0.000094 -0.000053 -0.000013 -0.000011 -0.000005 -0.000011 -0.000020 -0.000026 -0.000014 -0.000017 -0.000011 -0.002435 -0.000000 -0.000000 -0.000000 -0.000000 -0.000000 -0.000000 -0.000000 -0.000000 -0.000000 -0.000001 -0.000006 -0.000010 -0.000010 -0.000013 -0.000026 -0.000015 -0.000180 -0.000132 -0.000032 -0.000052 -0.000013 -0.000015 -0.000049
-0.000344 0.000173 0.000149 0.000151 -0.000085 -0.000004 -0.000001 -0.000002 -0.000001 0.000000 0.000002 0.000000 0.000000 0.000013 0.000228 0.025569 0.011423 -0.000001 -0.000004 -0.000004 -0.000005 -0.000008 -0.000007 -0.000180 -0.000061 -0.000037 -0.000000 -0.000000 -0.000009 -0.000005 -0.000009 -0.000012 -0.000020 -0.000023 -0.000049 -0.000006 -0.002223 -0.002402 -0.000001 -0.000004 -0.000006 -0.000007 -0.000004 -0.000001 -0.000002 -0.000002 -0.000001 -0.000005 -0.000016 -0.000012 -0.000017 -0.000019 -0.000023 -0.000023 -0.000250 -0.000088 -0.000034 -0.000032 -0.000020 -0.000043 -0.000035
-0.000047 0.000020 0.000050 0.000088 0.000610 0.000123 -0.000377 -0.000008 -0.000006 -0.000001 0.000001 0.000006 0.000022 0.000050 0.000018 0.002055 0.024859 0.025743 0.005125 -0.005705 -0.000031 -0.000010 -0.000003 -0.000150 -0.000032 -0.000013 -0.000003 -0.000002 -0.000013 -0.000008 -0.000012 -0.000021 -0.003923 -0.018186 -0.015721 -0.016655 -0.016093 -0.008872 0.006187 -0.000007 -0.000018 -0.000011 -0.000008 -0.000004 -0.000006 -0.000003 -0.000006 -0.000011 -0.000026 -0.000013 -0.000018 -0.000044 -0.012380 -0.010632 -0.001377 -0.000044 -0.000028 -0.000019 -0.000032 -0.000128 -0.000022
0.000160 0.000002 0.000012 0.000013 0.000006 0.000062 0.021002 0.001764 0.000162 -0.000003 0.000001 0.000007 0.000049 0.000004 0.000007 0.000011 0.000086 0.024776 0.009778 0.003983 0.006270 0.028365 0.001657 -0.007120 -0.000027 -0.000010 -0.000003 -0.000006 -0.000067 -0.009189 -0.033677 -0.014714 -0.001874 -0.000128 0.001534 0.001527 0.000738 0.000007 0.014338 0.017542 -0.001090 -0.000009 -0.000011 -0.000011 -0.000010 -0.000003 -0.000010 -0.000012 -0.000134 -0.009122 -0.020213 0.002711 -0.001473 0.010122 0.011009 -0.006337 -0.004519 -0.000990 -0.004417 -0.000141 -0.000191
0.000447 0.000000 0.000001 0.000013 0.000015 0.000005 0.000044 0.000008 0.000751 -0.000044 0.000000 0.000003 0.000048 0.000011 0.000003 0.000011 0.000014 0.000016 0.000162 0.000008 0.003234 0.028484 0.010025 0.010947 0.008991 -0.007889 -0.020237 -0.024716 0.000362 -0.006000 -0.015438 0.001932 0.000175 0.000002 0.000004 0.000005 0.000005 0.000004 0.000006 0.010633 0.022442 -0.002418 -0.000012 -0.000006 -0.000011 -0.000010 -0.000225 -0.034703 0.005155 0.000941 -0.005593 0.000211 0.000084 0.000012 0.000004 0.011354 0.047201 0.036472 0.023401 0.007455 -0.047704
0.000390 0.000102 0.000000 0.000006 0.000017 0.000006 0.000024 0.000015 0.000016 0.000248 -0.000001 0.000002 0.000029 0.000013 0.000004 0.000018 0.000023 0.000027 0.000033 0.000017 0.000042 0.000014 0.002031 0.020902 0.014149 0.012395 0.010872 0.005653 0.012247 0.001948 0.002244 0.015837 0.000054 0.000000 0.000000 0.000001 0.000002 0.000005 0.000006 0.000015 0.010679 0.001960 0.002794 -0.015822 -0.020994 -0.013794 -0.000783 -0.018020 0.017654 0.000351 0.000073 0.000025 0.000021 0.000016 0.000006 0.000040 0.000087 0.000026 0.000013 0.000005 0.000013
0.000018 0.000328 0.000062 0.000004 0.000013 0.000007 0.000010 0.000013 0.000019 0.000611 -0.000006 0.000000 0.000004 0.000007 0.000004 0.000029 0.000014 0.000021 0.000021 0.000035 0.000042 0.000007 0.000536 0.000007 0.000004 0.000026 0.000006 0.000004 0.000016 0.000186 0.000002 0.004280 0.001686 -0.000001 -0.000000 0.000000 0.000000 0.000001 0.000003 0.000005 0.000008 0.000015 0.001813 0.002422 0.000271 0.000283 0.000318 0.000089 0.000028 0.000030 0.000039 0.000029 0.000021 0.000016 0.000008 0.000069 0.000020 0.000033 0.000013 0.000006 0.000016
0.000006 0.000016 0.000122 0.000004 0.000004 0.000007 0.000005 0.000012 0.000021 0.000032 0.000595 -0.000001 0.000000 0.000005 0.000002 0.000017 0.000009 0.000014 0.000015 0.000023 0.000014 0.000006 0.000789 0.000010 0.000013 0.000019 0.000005 0.000012 0.000032 0.000246 0.000002 0.000006 0.002617 0.000480 0.000378 -0.000001 -0.000003 0.000000 0.000000 0.000000 0.000002 0.000004 0.000010 0.000165 0.000056 0.000004 0.000011 0.000007 0.000018 0.000015 0.000045 0.000025 0.000023 0.000022 0.000019 0.000031 0.000022 0.000014 0.000009 0.000006 0.000015
0.000004 0.000020 0.000274 0.000033 0.000000 0.000000 0.000007 0.000012 0.000026 0.000025 0.000843 0.000319 0.000009 0.000004 0.000003 0.000010 0.000008 0.000010 0.000006 0.000013 0.000022 0.000044 0.000466 0.000013 0.000013 0.000008 0.000005 0.000006 0.000081 0.000133 0.000003 0.000007 0.001163 0.000006 0.001825 0.011660 -0.001401 -0.000206 -0.000003 0.000000 0.000000 0.000000 0.000000 0.000056 0.000038 0.000000 0.000000 0.000000 0.000000 0.000003 0.000025 0.000025 0.000024 0.000022 0.000017 0.000009 0.000015 0.000006 0.000002 0.000006 0.000012
0.000051 0.000010 0.000017 0.000253 0.000010 0.000000 0.000010 0.000004 0.000013 0.000038 0.000038 0.000383 0.000043 0.000001 0.000007 0.000003 0.000008 0.000006 0.000006 0.000019 0.000070 0.000026 0.000495 0.000012 0.000008 0.000002 0.000005 0.000002 0.000147 0.000007 0.000004 0.000007 0.002027 0.000012 0.000007 0.000009 0.000276 0.073853 -0.077983 0.000422 -0.000005 -0.000003 -0.000003 0.000000 -0.000002 -0.000088 0.000357 0.000173 -0.000001 0.000000 0.000008 0.000025 0.000011 0.000008 0.000005 0.000004 0.000002 0.000001 0.000000 0.000001 0.000007
0.000095 0.000021 0.000008 0.000190 0.000018 0.000000 0.000011 0.000006 0.000015 0.000064 0.000025 0.000032 0.000312 0.000000 0.000007 0.000003 0.000007 0.000005 0.000007 0.000073 0.000002 0.000000 0.000500 0.000008 0.000005 0.000002 0.000005 0.000008 0.000127 0.000002 0.000006 0.000013 0.001891 0.000010 0.000012 0.000005 0.000008 0.000014 0.000963 0.001125 0.100824 0.001329 0.002026 0.002989 0.000591 0.001305 0.000328 0.000820 0.033819 -0.000001 0.000003 0.000009 0.000004 0.000001 0.000000 0.000000 0.000000 0.000000 0.000000 0.000000 0.000003
0.000167 0.000028 0.000011 0.000113 0.000054 0.000024 0.000014 0.000007 0.000014 0.000058 0.000012 0.000023 0.000268 0.000036 0.000008 0.000002 0.000008 0.000011 0.000010 0.000042 0.000000 -0.000001 0.000630 0.000003 0.000004 0.000002 0.000007 0.000011 0.000095 0.000002 0.000004 0.000011 0.001483 0.000011 0.000009 0.000007 0.000003 0.000012 0.000057 0.000005 0.000072 0.000065 0.000003 0.000150 0.000163 0.000014 0.000010 0.000003 0.001646 0.000085 -0.000000 -0.000000 -0.000000 -0.000000 -0.000001 -0.000001 -0.000014 -0.000006 -0.000004 -0.000001 0.000001
0.000084 0.000026 0.000031 0.000021 0.000047 0.000020 0.000012 0.000010 0.000005 0.000022 0.000018 0.000022 0.000148 0.000069 0.000004 0.000003 0.000010 0.000010 0.000010 0.000001 0.000029 0.000070 0.000796 0.000005 0.000007 0.000002 0.000007 0.000012 0.000090 0.000002 0.000002 0.000021 0.001212 0.000008 0.000006 0.000006 0.000003 0.000011 0.000025 0.000005 0.000013 0.000118 0.000004 0.000009 0.000337 0.000008 0.000006 0.000002 0.000007 0.001014 -0.000001 -0.000001 -0.000002 -0.000002 -0.000006 -0.000005 -0.000063 -0.000033 -0.000030 -0.000001 0.000000
0.000013 0.000017 0.000040 0.000027 0.000022 0.000017 0.000009 0.000006 0.000004 0.000008 0.000014 0.000021 0.000024 0.000163 0.000003 0.000004 0.000007 0.000009 0.000008 0.000035 0.000023 0.000025 0.000372 0.000005 0.000007 0.000003 0.000007 0.000010 0.000076 0.000004 0.000003 0.000087 0.000226 0.000002 0.000002 0.000002 0.000002 0.000006 0.000002 0.000005 0.000012 0.000058 0.000004 0.000011 0.000251 0.000000 0.000002 0.000002 0.000006 0.000893 0.037744 0.000086 -0.000080 -0.000276 -0.024621 0.000258 0.001127 -0.000031 0.000000 0.000000 0.000000
0.000002 0.000007 0.000007 0.000013 0.000005 0.000007 0.000002 0.000000 0.000002 0.000002 0.000009 0.000019 0.000019 0.000148 0.000008 0.000007 0.000003 0.000011 0.000018 0.000070 0.000006 0.000005 0.000327 0.000011 0.000010 0.000003 0.000006 0.000005 0.000009 0.000003 0.000001 0.000123 0.000121 0.000000 0.000000 0.000000 0.000000 0.000000 0.000000 0.000001 0.000008 0.000027 0.000003 0.000011 0.000311 0.000000 0.000000 0.000001 0.000007 0.000404 0.000129 0.000310 0.000790 0.000027 0.000007 0.000004 0.000006 0.000208 0.000000 -0.000000 -0.000000
0.000000 0.000001 0.000001 0.000001 -0.000000 -0.000000 -0.000000 -0.000001 0.000000 0.000001 0.000007 0.000014 0.000013 0.000096 0.000011 0.000007 0.000003 0.000008 0.000014 0.000028 0.000009 0.000000 0.000278 0.000010 0.000008 0.000003 0.000007 0.000006 0.000010 0.000000 0.000000 0.000246 0.024540 -0.000001 -0.000003 -0.000002 -0.000002 -0.000001 -0.000002 0.000000 0.000002 0.000004 0.000003 0.000010 0.000179 0.000035 -0.000000 0.000002 0.000004 0.000571 0.000026 0.000005 0.000066 0.000046 0.000008 0.000006 0.000002 0.000207 0.000032 0.000028 0.000041
0.000000 -0.000000 -0.000000 -0.000000 -0.000001 -0.000085 0.000017 0.000023 0.000014 0.000007 0.000004 0.000008 0.000006 0.000041 0.000009 0.000006 0.000002 0.000006 0.000011 0.000013 0.000011 0.000060 0.000254 0.000012 0.000008 0.000002 0.000002 0.000002 0.000001 -0.000000 -0.000003 0.001143 0.000569 0.001415 0.000458 0.000116 -0.000034 -0.000005 -0.000007 -0.000001 0.000000 0.000000 0.000002 0.000008 0.000012 0.000106 0.000011 0.000002 0.000005 0.000249 0.000045 0.000005 0.000001 0.000068 0.000009 0.000006 0.000002 0.000125 0.000013 0.000006 0.000011
