001_floodsim/hipims_case/output/hUy_7200.asc
ncols 269
nrows 269
xllcorner 0.000000
yllcorner 0.000000
cellsize 10.000000
NODATA_value -9999.000000
[rows 108 to 134 of 269, columns 122 to 182 of 269]
0.000095 0.000065 0.000024 0.000015 0.000009 0.000001 0.000000 0.000000 0.000002 0.000003 0.000007 0.000024 0.000002 0.000004 0.000002 0.000001 0.000003 0.000012 0.000002 0.000000 -0.000000 -0.000003 0.000039 0.000053 0.000094 0.000000 0.000000 0.000026 0.000000 -0.000004 -0.000005 -0.000001 0.000086 0.001330 0.000002 0.000006 0.014293 0.013073 0.024356 0.009545 -0.019880 0.001653 0.009268 -0.000006 -0.000002 -0.002000 -0.003021 -0.000141 0.000004 0.000006 0.000005 0.000001 0.000000 0.000002 0.000000 0.000000 0.000000 0.000000 -0.000011 -0.000002 -0.000001
0.000009 0.000063 0.000013 0.000004 0.000001 0.000000 -0.000001 -0.000000 -0.000000 -0.000000 -0.000000 -0.000000 0.000000 0.000000 0.000000 0.000000 0.000000 0.000000 0.000000 -0.000000 0.000005 0.000020 0.000014 0.000016 0.000024 0.000004 0.000015 0.000031 -0.000001 -0.000017 -0.000065 -0.000034 0.000484 0.000028 0.000003 0.000006 0.000008 0.000204 0.033366 0.004358 -0.004992 0.006709 0.016081 -0.014231 -0.002615 -0.002184 -0.000005 0.000000 0.000000 0.000002 0.000001 0.000000 -0.000000 0.000000 -0.000002 -0.000001 -0.000004 -0.000005 -0.000052 -0.000011 -0.000005
0.000002 0.000013 0.000003 -0.000000 -0.000000 -0.000000 -0.000003 -0.000002 -0.000003 -0.000006 -0.000003 -0.000022 -0.000001 -0.000000 -0.000002 -0.000001 -0.000001 -0.000002 -0.000005 0.000003 0.000010 0.000018 0.000010 0.000009 0.000008 0.000003 0.000003 0.000002 -0.000001 0.000054 0.000173 0.000031 0.000282 0.000035 0.000005 0.000003 0.000009 0.000010 0.000012 0.000064 0.018070 0.021111 0.029152 0.007315 0.000906 -0.001085 -0.000001 0.000000 -0.000000 -0.000000 -0.000000 -0.000000 -0.000000 -0.000000 -0.000003 -0.000007 -0.000010 -0.000013 -0.000096 -0.000014 -0.000009
0.000000 0.000000 0.000000 -0.000002 -0.000005 -0.000024 -0.000008 -0.000003 -0.000009 -0.000021 -0.000011 -0.000086 -0.000008 -0.000000 -0.000003 -0.000002 -0.000004 -0.000041 -0.000011 0.000004 0.000002 0.000005 0.000007 0.000004 0.000001 0.000000 0.000000 0.000000 0.000056 0.000226 0.000061 0.000032 0.000165 0.000073 0.000000 0.000003 0.000008 0.000010 0.000011 0.000008 0.001916 0.000006 0.000003 0.001382 0.020715 0.000589 -0.000005 -0.000001 -0.000001 -0.000002 -0.000002 -0.000008 -0.000006 -0.000003 -0.000008 -0.000013 -0.000016 -0.000093 -0.000055 -0.000012 -0.000006
-0.000004 -0.000011 -0.000007 -0.000010 -0.000015 -0.000069 -0.000007 -0.000011 -0.000017 -0.000061 -0.000008 -0.000143 -0.000014 -0.000005 -0.000005 -0.000002 -0.000053 -0.000024 0.000000 0.000002 0.000002 0.000001 0.000001 0.000000 0.000000 -0.000001 -0.000001 0.000024 0.000267 0.000005 0.000014 0.000016 0.000024 0.000311 0.000004 0.000007 0.000003 0.000006 0.000006 0.000002 0.000706 0.000005 0.000005 0.000008 0.003922 0.011269 0.002842 -0.000107 -0.000006 -0.000009 -0.000007 -0.000017 -0.000004 -0.000008 -0.000012 -0.000015 -0.000111 -0.000067 -0.000037 -0.000006 -0.000009
-0.000007 -0.000017 -0.000050 -0.000008 -0.000089 -0.000059 -0.000006 -0.000017 -0.000115 -0.000069 -0.000042 -0.000070 -0.000011 -0.000011 -0.000004 -0.000007 -0.000096 -0.000006 0.000000 0.000000 0.000000 0.000000 0.000000 0.000003 0.000012 0.000017 0.000037 0.000220 0.000012 0.000007 0.000013 0.000023 0.000028 0.000283 0.000008 0.000008 0.000002 0.000001 0.000000 0.000000 0.000853 0.000007 0.000009 0.000004 0.000009 0.000795 0.042292 0.017603 0.003710 -0.022343 -0.000012 -0.000011 -0.000003 -0.000032 -0.000026 -0.000032 -0.000050 -0.000026 -0.000009 -0.000008 -0.000008
-0.000009 -0.000024 -0.000090 -0.000048 -0.000199 -0.000046 -0.000006 -0.000020 -0.000209 -0.000076 -0.000095 -0.000009 -0.000008 -0.000006 -0.000008 -0.000205 -0.000045 -0.000002 -0.000000 -0.000001 -0.000001 -0.000001 -0.000001 0.000003 0.000009 0.000015 0.000070 0.000027 0.000009 0.000018 0.000019 0.000028 0.000046 0.000286 0.000010 0.000006 0.000001 0.000000 0.000000 0.000000 0.001484 0.000012 0.000008 0.000004 0.000007 0.000009 0.000012 0.000011 0.009247 0.007619 -0.004187 -0.003279 -0.013432 -0.001650 -0.002239 -0.000901 -0.001156 -0.001119 -0.002742 -0.007258 -0.001553
-0.000004 -0.000000 -0.000000 -0.000054 -0.006027 -0.000510 -0.000006 -0.000017 -0.000610 -0.000088 -0.000030 0.000002 -0.000005 -0.000009 -0.000223 -0.000035 0.000001 0.000000 -0.000003 -0.000005 -0.000004 -0.000002 -0.000002 0.000002 0.000006 0.000011 0.000017 0.000034 0.000016 0.000022 0.000023 0.000029 0.000047 0.000220 0.000010 0.000004 0.000000 -0.000002 -0.000002 0.000258 0.001000 0.000012 0.000007 0.000005 0.000002 0.000004 0.000005 0.000003 0.000002 0.016089 0.002425 0.000002 0.000033 0.000019 0.000040 0.000044 0.000004 0.000372 0.006842 0.000201 0.000054
-0.000012 -0.000007 -0.000000 -0.000000 -0.000000 -0.000561 -0.000006 -0.000365 -0.000021 0.000000 0.000000 0.000000 -0.000004 -0.000434 -0.000010 0.000001 -0.000000 -0.000000 -0.000005 -0.000004 -0.000008 -0.000022 -0.000003 0.000000 0.000001 0.000003 0.000005 0.000013 0.000008 0.000013 0.000016 0.000021 0.000046 0.000188 0.000008 0.000001 -0.000001 -0.000005 -0.000276 0.001012 0.000018 0.000012 0.000008 0.000001 0.000000 0.000000 0.000000 0.000000 0.000000 0.005644 0.000007 0.000004 0.000009 0.000032 0.000006 0.000099 0.000011 0.000012 0.000083 0.000058 0.000126
-0.000018 -0.000028 -0.000008 -0.000006 -0.000004 -0.000333 -0.158637 -0.000187 -0.000006 -0.000000 -0.000003 -0.000002 -0.000159 -0.000151 -0.000000 -0.000000 -0.000001 -0.000003 -0.000004 -0.000008 -0.000042 -0.000015 -0.000005 -0.000000 -0.000000 -0.000000 0.000000 0.000002 0.000003 0.000009 0.000012 0.000023 0.000071 0.000125 0.000005 0.000000 -0.000003 -0.000004 0.000848 0.000020 0.000018 0.000015 0.000009 0.000001 -0.000002 -0.000003 -0.000003 -0.000002 -0.000000 0.002688 0.000009 0.000005 0.000009 0.000014 0.000016 0.000144 0.000007 0.000015 0.000011 0.000020 0.000444
-0.000028 -0.000104 -0.000008 -0.000016 -0.000979 -0.283252 -0.075874 0.004525 0.001677 -0.000061 -0.000009 -0.000004 -0.007452 -0.000054 -0.000006 -0.000004 -0.000012 -0.000008 -0.000004 -0.000089 -0.000034 -0.000004 -0.000003 -0.000001 -0.000003 -0.000012 -0.000000 0.000000 0.000000 0.000007 0.000014 0.000031 0.000110 0.000011 0.000001 -0.000001 -0.000003 0.002160 0.001005 0.000017 0.000012 0.000016 0.000008 0.000000 -0.000003 -0.000005 -0.000005 -0.000038 0.000516 0.001346 0.000003 0.000006 0.000004 0.000011 0.000016 0.000129 0.000014 0.000005 0.000014 0.000019 0.000190
-0.000066 -0.000073 -0.000034 -0.002209 -0.318342 0.004382 0.000016 0.000004 0.003421 0.050218 -0.000379 0.001113 0.002052 0.001086 -0.000026 -0.000193 -0.001062 -0.000023 -0.000059 -0.000050 -0.000008 -0.000000 -0.000002 -0.000005 -0.000007 -0.000063 -0.000002 -0.000000 0.000004 0.000011 0.000020 0.000031 0.000012 0.000005 0.000000 0.000004 0.000192 0.000822 0.000101 0.000011 0.000011 0.000004 0.000010 0.000013 -0.000014 -0.000009 0.000089 0.000077 0.000839 0.000588 0.000000 0.000001 0.000002 0.000007 0.000012 0.000093 0.000013 0.000004 0.000012 0.000016 0.000020
-0.000077 -0.000055 -0.000054 -0.743078 0.002425 0.000019 0.000016 0.000005 0.000018 0.000574 0.000082 0.000017 0.000011 0.000005 0.000145 0.000133 -0.010260 -0.078438 -0.000034 -0.000008 -0.000007 -0.000004 -0.000003 -0.000254 -0.007705 0.000084 0.000023 0.000086 0.000011 0.000005 0.000013 0.000006 0.000004 0.000000 0.000026 0.000181 0.000070 0.000358 0.000248 0.000009 0.000009 0.000003 0.000009 0.000007 0.000009 0.000049 0.000035 0.000034 0.000009 0.000936 -0.000000 0.000000 0.000000 0.000002 0.000006 0.000056 0.000011 0.000004 0.000010 0.000018 0.000023
-0.000051 -0.016859 0.002587 0.003660 0.000026 0.000011 0.000017 0.000009 0.000016 0.000293 0.000171 0.000005 0.000005 0.000005 0.000010 0.000002 0.000007 0.029390 -0.000154 0.000089 -0.000181 -0.000563 -0.001083 -0.000117 0.000007 0.000017 0.000016 0.000038 0.000018 0.000008 0.000005 0.000003 0.000000 -0.000007 0.000246 0.000004 0.000005 0.000012 0.000543 0.000010 0.000010 0.000003 0.000006 0.000011 0.000031 0.000091 0.000034 0.000022 0.000015 0.004998 -0.000001 -0.000004 -0.000002 0.000000 0.000001 0.000018 0.000008 0.000003 0.000009 0.000016 0.000024
-0.005739 0.030111 0.000026 0.000015 0.000021 0.000014 0.000013 0.000014 0.000005 0.000014 0.000439 0.000000 0.000000 0.000001 0.000002 0.000001 0.000005 0.000070 0.000138 0.000040 0.000082 0.000295 0.000070 0.000015 0.000014 0.000021 0.000018 0.000029 0.000030 0.000007 0.000003 0.000008 0.000008 0.009283 0.000008 0.000004 0.000000 0.000015 0.000375 0.000011 0.000012 0.000003 0.000007 0.000012 0.000068 0.000117 0.000006 0.000012 0.000012 0.002063 0.000073 -0.000454 -0.000007 -0.000004 0.000000 0.000000 0.000003 0.000002 0.000006 0.000010 0.000014
-0.006181 0.000017 0.000012 0.000002 0.000007 0.000007 0.000003 0.000010 0.000008 0.000010 0.000355 -0.000005 -0.000000 0.000000 0.000000 0.000001 0.000006 0.000180 0.000016 0.000008 0.000003 0.000009 0.000208 0.000015 0.000006 0.000008 0.000010 0.000010 0.000023 0.000006 0.000003 0.000006 0.000008 0.000214 0.000003 0.000007 0.000014 0.000017 0.000382 0.000011 0.000010 0.000004 0.000012 0.000011 0.000111 0.000004 0.000010 0.000012 0.000010 0.001245 0.000335 0.000915 -0.000885 -0.000010 -0.000004 -0.000001 0.000000 0.000000 0.000002 0.000006 0.000009
0.004829 0.000007 0.000001 0.000000 0.000000 0.000000 0.000000 0.000015 0.000016 0.000005 0.000024 0.049639 0.000043 0.000031 0.000016 0.000003 0.000011 0.000242 0.000022 0.000010 0.000002 0.000007 0.000163 0.000014 0.000001 0.000001 0.000003 0.000005 0.000016 0.000008 0.000003 0.000007 0.000010 0.000220 0.000004 0.000008 0.000008 0.000011 0.000282 0.000006 0.000008 0.000003 0.000009 0.000014 0.000076 0.000003 0.000006 0.000004 0.000003 0.001397 0.000013 0.000004 0.002347 -0.033194 -0.000011 -0.000007 -0.000003 -0.000004 0.000000 0.000001 0.000005
0.000004 0.000000 0.000000 -0.000098 0.000068 0.000057 0.000018 0.000030 0.000016 0.000006 0.000030 0.000160 0.000016 0.000014 0.000009 0.000003 0.000009 0.000099 0.000022 0.000010 0.000002 0.000006 0.000104 0.000037 0.000000 0.000000 0.000000 0.000001 0.000007 0.000007 0.000002 0.000006 0.000009 0.000107 0.000008 0.000006 0.000005 0.000015 0.000254 0.000000 0.000006 0.000003 0.000009 0.000020 0.000039 0.000002 0.000001 0.000001 0.000000 0.001223 0.000020 0.000009 0.000004 0.002265 -0.001249 -0.000011 -0.000015 -0.000007 -0.000001 0.000000 0.000002
-0.000000 -0.000001 -0.000243 -0.000019 0.000019 0.000030 0.000019 0.000019 0.000017 0.000011 0.000042 0.000095 0.000021 0.000012 0.000008 0.000003 0.000008 0.000051 0.000022 0.000006 0.000002 0.000005 0.000012 0.000185 -0.000000 -0.000001 -0.000001 0.000000 0.000000 0.000002 0.000002 0.000007 0.000012 0.000076 0.000004 0.000013 0.000012 0.000017 0.000286 0.000004 0.000007 0.000003 0.000009 0.000017 0.000008 0.000000 0.000000 0.000000 0.000000 0.001790 0.000014 0.000005 0.000003 0.000010 0.001996 -0.001117 -0.000013 -0.000007 -0.000005 -0.000003 0.000000
0.000089 0.000073 0.000040 0.000017 0.000020 0.000017 0.000014 0.000023 0.000025 0.000022 0.000058 0.000030 0.000018 0.000010 0.000006 0.000002 0.000005 0.000008 0.000021 0.000003 0.000001 0.000002 0.000005 0.000098 0.000028 -0.000004 -0.000002 -0.000001 -0.000000 0.000000 0.000002 0.000007 0.000014 0.000054 0.000006 0.000012 0.000012 0.000019 0.000144 0.000007 0.000006 0.000002 0.000004 0.000004 0.000003 0.000000 -0.000000 -0.000000 -0.000000 0.003482 0.000020 0.000000 0.000001 0.000006 0.000011 0.001885 -0.000672 -0.000010 -0.000009 -0.000015 -0.000006
0.000033 0.000003 0.000009 0.000007 0.000006 0.000005 0.000003 0.000018 0.000014 0.000008 0.000021 0.000015 0.000008 0.000006 0.000003 0.000001 0.000003 0.000003 0.000002 0.000000 0.000000 0.000000 0.000002 0.000004 0.000018 0.000000 -0.000001 -0.000007 -0.000002 -0.000000 0.000002 0.000002 0.000006 0.000019 0.000009 0.000012 0.000015 0.000022 0.000127 0.000010 0.000005 0.000001 0.000000 0.000000 0.000000 0.000000 0.000000 0.000000 0.000000 0.003162 0.000033 0.000000 0.000000 0.000002 0.000006 0.000010 0.006928 -0.000495 -0.000535 -0.001119 -0.000011
0.000129 0.000000 0.000000 0.000000 0.000000 0.000000 0.000001 0.000001 0.000002 0.000001 0.000003 0.000004 0.000002 0.000001 0.000000 0.000000 0.000000 0.000000 0.000000 -0.000001 -0.000005 -0.000000 -0.000000 0.000000 0.000001 -0.000000 -0.000003 -0.000015 -0.000006 -0.000002 0.000000 0.000001 0.000003 0.000007 0.000003 0.000005 0.000010 0.000017 0.000074 0.000010 0.000003 0.000000 -0.000002 -0.000001 -0.000001 -0.000002 -0.000001 -0.000003 0.000264 0.001945 0.000031 0.000000 0.000000 0.000002 0.000002 0.000009 0.000214 0.000255 0.000325 0.000695 0.026388
0.000297 0.000136 0.000055 0.000008 0.000009 0.000005 0.000000 0.000000 0.000000 0.000000 0.000000 0.000000 0.000000 0.000000 -0.000000 -0.000002 -0.000001 -0.000001 -0.000002 -0.000004 -0.000035 -0.000004 -0.000002 -0.000003 -0.000000 -0.000000 -0.000007 -0.000049 -0.000006 -0.000003 -0.000000 0.000000 0.000000 0.000001 0.000000 0.000000 0.000002 0.000007 0.000023 0.000005 0.000001 -0.000002 -0.000004 -0.000011 -0.000005 -0.000007 -0.000007 -0.000193 0.001240 0.000261 0.000062 0.000000 0.000000 0.000000 0.000001 0.000008 0.000015 0.000162 0.000012 0.000005 0.000036
0.000003 0.000004 0.000042 0.000018 0.000008 0.000004 -0.000000 -0.000000 -0.000001 -0.000002 -0.000001 -0.000001 -0.000003 -0.000004 -0.000018 -0.000006 -0.000002 -0.000004 -0.000005 -0.000010 -0.000082 -0.000011 -0.000008 -0.000006 -0.000002 -0.000004 -0.000041 -0.000041 -0.000003 -0.000002 -0.000002 -0.000001 0.000000 0.000000 -0.000000 -0.000001 -0.000000 0.000000 0.000000 0.000001 0.000001 -0.000007 -0.000011 -0.000038 -0.000041 -0.000015 -0.000013 0.000135 0.000631 0.000004 0.001206 0.000040 -0.000001 -0.000000 0.000000 0.000003 0.000006 0.000064 0.000019 0.000008 0.000071
0.000000 0.000000 0.000011 0.000032 0.000013 0.000003 -0.000001 -0.000003 -0.000012 -0.000008 -0.000007 -0.000003 -0.000006 -0.000010 -0.000057 -0.000010 -0.000002 -0.000005 -0.000010 -0.000014 -0.000150 -0.000023 -0.000015 -0.000008 -0.000003 -0.000008 -0.000166 0.000020 0.000004 -0.000002 -0.000005 -0.000005 -0.000003 -0.000001 -0.000004 -0.000006 -0.000017 -0.000002 0.000000 0.000000 0.000000 0.000000 0.000000 0.000000 -0.000011 -0.000055 -0.000014 0.000865 0.000018 0.000006 0.000009 0.000865 -0.000142 -0.000004 -0.000002 0.000000 0.000000 0.000020 0.000014 0.000014 0.000048
0.000027 0.000018 0.000010 0.000006 0.000004 0.000001 -0.000002 -0.000013 -0.000026 -0.000009 -0.000008 -0.000004 -0.000008 -0.000083 -0.000037 -0.000008 -0.000002 -0.000006 -0.000000 -0.000002 -0.000177 -0.000016 -0.000007 -0.000011 -0.000343 -0.000154 0.000107 0.000004 0.000004 -0.000002 -0.000008 -0.000007 -0.000011 -0.000002 -0.000007 -0.000010 -0.000059 -0.000007 -0.000001 -0.000001 -0.000001 -0.000002 -0.000002 -0.000000 -0.000000 -0.000000 -0.000082 0.000896 0.000018 0.000012 0.000004 0.000013 0.000704 -0.000125 -0.000066 -0.000003 -0.000001 0.000000 0.000004 0.000003 0.000028
0.000010 0.000006 0.000003 -0.000000 -0.000000 -0.000000 -0.000003 -0.000063 -0.000017 -0.000006 -0.000009 -0.000004 -0.000014 -0.000167 -0.000022 -0.000010 -0.000019 -0.000011 -0.000001 0.000001 -0.000057 -0.000400 -0.000006 -0.000530 -0.000063 0.000009 0.000011 0.000007 0.000003 -0.000004 -0.000015 -0.000057 -0.000020 -0.000010 -0.000006 -0.000019 -0.000140 -0.000015 -0.000006 -0.000003 -0.000005 -0.000005 -0.000005 -0.000003 -0.000003 -0.000003 0.000568 0.000019 0.000020 0.000015 0.000006 0.000017 0.000028 0.000722 0.000102 -0.000003 -0.000001 -0.000001 0.000000 0.000000 0.000005
